Store,Category,Category Name,OLD TRAIT,OLD FIXT TYPE,OLD FIXT COUNT,NEW TRAIT,NEW FIXT TYPE,NEW FIXT COUNT,
103,104,HANES UW,249915,WALL,7,249918,WALL,4,-3
103,110,FOTL UW,182698,WALL,2,182695,NONE,0,-2
103,111,GEORGE/GILDAN UW,182711,WALL,2,182726,WALL,3,1
103,112,USPA UW,182796,WALL,1,182776,NONE,0,-1
103,113,WRANGLER UW,182653,NONE,0,182653,NONE,0,0
103,114,AND1 UW,182671,WALL,2,182670,WALL,1,-1
103,115,AW UW,182679,WALL,1,182676,NONE,0,-1
103,116,REEBOK UW,182681,WALL,1,182680,NONE,0,-1
103,117,HANES PERF UW,182688,WALL,2,182685,NONE,0,-2
103,118,FOTL PERF UW,182693,NONE,0,182693,NONE,0,0
103,702,AW/RBK/AND1/GT SOCKS,289335,WALL,7,66856,WALL,2,-5
103,703,POT/HANES SOCKS,315031,WALL,2,315031,WALL,2,0
103,704,LICENSE SOCKS,517799,WALL,1,517799,WALL,1,0
103,705,WELLNESS SOCKS,146140,WALL,1,164127,NONE,0,-1
103,710,WORK SOCKS,517800,WALL,1,517800,WALL,1,0
103,730,YR THERMAL SOCKS,35624,ENDCAP,1,35624,ENDCAP,1,0
140,104,HANES UW,249917,WALL,5,249916,WALL,6,1
140,110,FOTL UW,182698,WALL,2,182697,WALL,1,-1
140,111,GEORGE/GILDAN UW,182711,WALL,2,182726,WALL,3,1
140,112,USPA UW,182776,NONE,0,182776,NONE,0,0
140,113,WRANGLER UW,182661,WALL,1,182653,NONE,0,-1
140,114,AND1 UW,182671,WALL,2,182671,WALL,2,0
140,115,AW UW,182679,WALL,1,182676,NONE,0,-1
140,116,REEBOK UW,182681,WALL,1,182683,WALL,2,1
140,117,HANES PERF UW,182687,WALL,1,182685,NONE,0,-1
140,118,FOTL PERF UW,182694,WALL,1,182693,NONE,0,-1
140,702,AW/RBK/AND1/GT SOCKS,47054,WALL,6,47054,WALL,6,0
140,703,POT/HANES SOCKS,315052,WALL,3,315031,WALL,2,-1
140,704,LICENSE SOCKS,517799,WALL,1,517799,WALL,1,0
140,705,WELLNESS SOCKS,146140,WALL,1,164127,NONE,0,-1
140,710,WORK SOCKS,517800,WALL,1,517800,WALL,1,0
140,730,YR THERMAL SOCKS,35624,ENDCAP,1,35624,ENDCAP,1,0
265,104,HANES UW,249917,WALL,5,249916,WALL,6,1
265,110,FOTL UW,182698,WALL,2,182695,NONE,0,-2
265,111,GEORGE/GILDAN UW,182711,WALL,2,182711,WALL,2,0
265,112,USPA UW,182776,NONE,0,182776,NONE,0,0
265,113,WRANGLER UW,182661,WALL,1,182653,NONE,0,-1
265,114,AND1 UW,182671,WALL,2,182670,WALL,1,-1
265,115,AW UW,182679,WALL,1,182676,NONE,0,-1
265,116,REEBOK UW,182681,WALL,1,182681,WALL,1,0
265,117,HANES PERF UW,182688,WALL,2,182685,NONE,0,-2
265,118,FOTL PERF UW,182693,NONE,0,182693,NONE,0,0
265,702,AW/RBK/AND1/GT SOCKS,47054,WALL,6,54140,WALL,4,-2
265,703,POT/HANES SOCKS,315052,WALL,3,315031,WALL,2,-1
265,704,LICENSE SOCKS,517799,WALL,1,144358,NONE,0,-1
265,705,WELLNESS SOCKS,146140,WALL,1,164127,NONE,0,-1
265,710,WORK SOCKS,517800,WALL,1,517800,WALL,1,0
265,730,YR THERMAL SOCKS,35624,ENDCAP,1,35624,ENDCAP,1,0
379,104,HANES UW,249917,WALL,5,249917,WALL,5,0
379,110,FOTL UW,182706,WALL,3,182695,NONE,0,-3
379,111,GEORGE/GILDAN UW,182711,WALL,2,182707,NONE,0,-2
379,112,USPA UW,182776,NONE,0,182776,NONE,0,0
379,113,WRANGLER UW,182661,WALL,1,182653,NONE,0,-1
379,114,AND1 UW,182671,WALL,2,182670,WALL,1,-1
379,115,AW UW,182676,NONE,0,182676,NONE,0,0
379,116,REEBOK UW,182681,WALL,1,182681,WALL,1,0
379,117,HANES PERF UW,182688,WALL,2,182685,NONE,0,-2
379,118,FOTL PERF UW,182693,NONE,0,182693,NONE,0,0
379,702,AW/RBK/AND1/GT SOCKS,289335,WALL,7,57730,WALL,3,-4
379,703,POT/HANES SOCKS,315031,WALL,2,315031,WALL,2,0
379,704,LICENSE SOCKS,517799,WALL,1,144358,NONE,0,-1
379,705,WELLNESS SOCKS,146140,WALL,1,164127,NONE,0,-1
379,710,WORK SOCKS,517800,WALL,1,517800,WALL,1,0
379,730,YR THERMAL SOCKS,35624,ENDCAP,1,35624,ENDCAP,1,0
404,104,HANES UW,249916,WALL,6,249916,WALL,6,0
404,110,FOTL UW,182706,WALL,3,182697,WALL,1,-2
404,111,GEORGE/GILDAN UW,182711,WALL,2,182726,WALL,3,1
404,112,USPA UW,182796,WALL,1,182776,NONE,0,-1
404,113,WRANGLER UW,182653,NONE,0,182653,NONE,0,0
404,114,AND1 UW,182671,WALL,2,182671,WALL,2,0
404,115,AW UW,182679,WALL,1,182676,NONE,0,-1
404,116,REEBOK UW,182681,WALL,1,182683,WALL,2,1
404,117,HANES PERF UW,182688,WALL,2,182685,NONE,0,-2
404,118,FOTL PERF UW,182694,WALL,1,182693,NONE,0,-1
404,702,AW/RBK/AND1/GT SOCKS,289335,WALL,7,47054,WALL,6,-1
404,703,POT/HANES SOCKS,315054,WALL,4,315031,WALL,2,-2
404,704,LICENSE SOCKS,517799,WALL,1,517799,WALL,1,0
404,705,WELLNESS SOCKS,146140,WALL,1,164127,NONE,0,-1
404,710,WORK SOCKS,517800,WALL,1,517800,WALL,1,0
404,730,YR THERMAL SOCKS,6662,NONE,0,6662,NONE,0,0
467,104,HANES UW,249918,WALL,4,249918,WALL,4,0
467,110,FOTL UW,182698,WALL,2,182698,WALL,2,0
467,111,GEORGE/GILDAN UW,182711,WALL,2,182711,WALL,2,0
467,112,USPA UW,182776,NONE,0,182776,NONE,0,0
467,113,WRANGLER UW,182653,NONE,0,182653,NONE,0,0
467,114,AND1 UW,182670,WALL,1,182670,WALL,1,0
467,115,AW UW,182679,WALL,1,182679,WALL,1,0
467,116,REEBOK UW,182681,WALL,1,182681,WALL,1,0
467,117,HANES PERF UW,182687,WALL,1,182687,WALL,1,0
467,118,FOTL PERF UW,182693,NONE,0,182693,NONE,0,0
467,702,AW/RBK/AND1/GT SOCKS,52657,WALL,5,52657,WALL,5,0
467,703,POT/HANES SOCKS,315031,WALL,2,315031,WALL,2,0
467,704,LICENSE SOCKS,517799,WALL,1,517799,WALL,1,0
467,705,WELLNESS SOCKS,146140,WALL,1,146140,WALL,1,0
467,710,WORK SOCKS,517800,WALL,1,517800,WALL,1,0
467,730,YR THERMAL SOCKS,35624,ENDCAP,1,35624,ENDCAP,1,0
501,104,HANES UW,249917,WALL,5,249916,WALL,6,1
501,110,FOTL UW,182697,WALL,1,182697,WALL,1,0
501,111,GEORGE/GILDAN UW,182711,WALL,2,182711,WALL,2,0
501,112,USPA UW,182776,NONE,0,182776,NONE,0,0
501,113,WRANGLER UW,182661,WALL,1,182653,NONE,0,-1
501,114,AND1 UW,182671,WALL,2,182671,WALL,2,0
501,115,AW UW,182679,WALL,1,182676,NONE,0,-1
501,116,REEBOK UW,182681,WALL,1,182681,WALL,1,0
501,117,HANES PERF UW,182687,WALL,1,182685,NONE,0,-1
501,118,FOTL PERF UW,182693,NONE,0,182693,NONE,0,0
501,702,AW/RBK/AND1/GT SOCKS,289336,WALL,8,47054,WALL,6,-2
501,703,POT/HANES SOCKS,315079,WALL,5,315031,WALL,2,-3
501,704,LICENSE SOCKS,517799,WALL,1,517799,WALL,1,0
501,705,WELLNESS SOCKS,146140,WALL,1,164127,NONE,0,-1
501,710,WORK SOCKS,517800,WALL,1,517800,WALL,1,0
501,730,YR THERMAL SOCKS,6662,NONE,0,6662,NONE,0,0
555,104,HANES UW,249918,WALL,4,249919,WALL,3,-1
555,110,FOTL UW,182698,WALL,2,182695,NONE,0,-2
555,111,GEORGE/GILDAN UW,182711,WALL,2,182726,WALL,3,1
555,112,USPA UW,182776,NONE,0,182776,NONE,0,0
555,113,WRANGLER UW,182661,WALL,1,182653,NONE,0,-1
555,114,AND1 UW,182670,WALL,1,182670,WALL,1,0
555,115,AW UW,182676,NONE,0,182676,NONE,0,0
555,116,REEBOK UW,182681,WALL,1,182680,NONE,0,-1
555,117,HANES PERF UW,182687,WALL,1,182685,NONE,0,-1
555,118,FOTL PERF UW,182693,NONE,0,182693,NONE,0,0
555,702,AW/RBK/AND1/GT SOCKS,54140,WALL,4,80521,WALL,1,-3
555,703,POT/HANES SOCKS,315054,WALL,4,128790,WALL,1,-3
555,704,LICENSE SOCKS,144358,NONE,0,144358,NONE,0,0
555,705,WELLNESS SOCKS,146140,WALL,1,164127,NONE,0,-1
555,710,WORK SOCKS,517800,WALL,1,517800,WALL,1,0
555,730,YR THERMAL SOCKS,35624,ENDCAP,1,35624,ENDCAP,1,0
678,104,HANES UW,249918,WALL,4,249916,WALL,6,2
678,110,FOTL UW,182697,WALL,1,182695,NONE,0,-1
678,111,GEORGE/GILDAN UW,182711,WALL,2,182711,WALL,2,0
678,112,USPA UW,182776,NONE,0,182776,NONE,0,0
678,113,WRANGLER UW,182661,WALL,1,182653,NONE,0,-1
678,114,AND1 UW,182670,WALL,1,182670,WALL,1,0
678,115,AW UW,182676,NONE,0,182676,NONE,0,0
678,116,REEBOK UW,182681,WALL,1,182681,WALL,1,0
678,117,HANES PERF UW,182688,WALL,2,182685,NONE,0,-2
678,118,FOTL PERF UW,182693,NONE,0,182693,NONE,0,0
678,702,AW/RBK/AND1/GT SOCKS,52657,WALL,5,54140,WALL,4,-1
678,703,POT/HANES SOCKS,315052,WALL,3,315031,WALL,2,-1
678,704,LICENSE SOCKS,517799,WALL,1,517799,WALL,1,0
678,705,WELLNESS SOCKS,146140,WALL,1,164127,NONE,0,-1
678,710,WORK SOCKS,517800,WALL,1,517800,WALL,1,0
678,730,YR THERMAL SOCKS,35624,ENDCAP,1,35624,ENDCAP,1,0
687,104,HANES UW,249915,WALL,7,249916,WALL,6,-1
687,110,FOTL UW,182706,WALL,3,182697,WALL,1,-2
687,111,GEORGE/GILDAN UW,182726,WALL,3,182711,WALL,2,-1
687,112,USPA UW,182776,NONE,0,182776,NONE,0,0
687,113,WRANGLER UW,182661,WALL,1,182653,NONE,0,-1
687,114,AND1 UW,182671,WALL,2,182671,WALL,2,0
687,115,AW UW,182676,NONE,0,182676,NONE,0,0
687,116,REEBOK UW,182681,WALL,1,182683,WALL,2,1
687,117,HANES PERF UW,182692,WALL,3,182685,NONE,0,-3
687,118,FOTL PERF UW,182694,WALL,1,182693,NONE,0,-1
687,702,AW/RBK/AND1/GT SOCKS,289335,WALL,7,47054,WALL,6,-1
687,703,POT/HANES SOCKS,315031,WALL,2,315031,WALL,2,0
687,704,LICENSE SOCKS,517799,WALL,1,517799,WALL,1,0
687,705,WELLNESS SOCKS,146140,WALL,1,164127,NONE,0,-1
687,710,WORK SOCKS,517800,WALL,1,517800,WALL,1,0
687,730,YR THERMAL SOCKS,35624,ENDCAP,1,35624,ENDCAP,1,0
691,104,HANES UW,249916,WALL,6,249918,WALL,4,-2
691,110,FOTL UW,182706,WALL,3,182695,NONE,0,-3
691,111,GEORGE/GILDAN UW,182711,WALL,2,182726,WALL,3,1
691,112,USPA UW,182796,WALL,1,182776,NONE,0,-1
691,113,WRANGLER UW,182653,NONE,0,182653,NONE,0,0
691,114,AND1 UW,182670,WALL,1,182670,WALL,1,0
691,115,AW UW,182679,WALL,1,182676,NONE,0,-1
691,116,REEBOK UW,182681,WALL,1,182680,NONE,0,-1
691,117,HANES PERF UW,182687,WALL,1,182685,NONE,0,-1
691,118,FOTL PERF UW,182693,NONE,0,182693,NONE,0,0
691,702,AW/RBK/AND1/GT SOCKS,289335,WALL,7,66856,WALL,2,-5
691,703,POT/HANES SOCKS,315031,WALL,2,315031,WALL,2,0
691,704,LICENSE SOCKS,517799,WALL,1,144358,NONE,0,-1
691,705,WELLNESS SOCKS,146140,WALL,1,164127,NONE,0,-1
691,710,WORK SOCKS,517800,WALL,1,517800,WALL,1,0
691,730,YR THERMAL SOCKS,35624,ENDCAP,1,35624,ENDCAP,1,0
723,104,HANES UW,249916,WALL,6,249916,WALL,6,0
723,110,FOTL UW,182706,WALL,3,182695,NONE,0,-3
723,111,GEORGE/GILDAN UW,182711,WALL,2,182710,WALL,1,-1
723,112,USPA UW,182776,NONE,0,182776,NONE,0,0
723,113,WRANGLER UW,182661,WALL,1,182653,NONE,0,-1
723,114,AND1 UW,182671,WALL,2,182670,WALL,1,-1
723,115,AW UW,182676,NONE,0,182676,NONE,0,0
723,116,REEBOK UW,182683,WALL,2,182681,WALL,1,-1
723,117,HANES PERF UW,182688,WALL,2,182685,NONE,0,-2
723,118,FOTL PERF UW,182693,NONE,0,182693,NONE,0,0
723,702,AW/RBK/AND1/GT SOCKS,47054,WALL,6,57730,WALL,3,-3
723,703,POT/HANES SOCKS,315052,WALL,3,315031,WALL,2,-1
723,704,LICENSE SOCKS,144358,NONE,0,144358,NONE,0,0
723,705,WELLNESS SOCKS,146140,WALL,1,164127,NONE,0,-1
723,710,WORK SOCKS,517800,WALL,1,517800,WALL,1,0
723,730,YR THERMAL SOCKS,35624,ENDCAP,1,35624,ENDCAP,1,0
764,104,HANES UW,249918,WALL,4,249918,WALL,4,0
764,110,FOTL UW,182698,WALL,2,182695,NONE,0,-2
764,111,GEORGE/GILDAN UW,182710,WALL,1,182710,WALL,1,0
764,112,USPA UW,182776,NONE,0,182776,NONE,0,0
764,113,WRANGLER UW,182653,NONE,0,182653,NONE,0,0
764,114,AND1 UW,182670,WALL,1,182670,WALL,1,0
764,115,AW UW,182679,WALL,1,182676,NONE,0,-1
764,116,REEBOK UW,182681,WALL,1,182680,NONE,0,-1
764,117,HANES PERF UW,182685,NONE,0,182685,NONE,0,0
764,118,FOTL PERF UW,182693,NONE,0,182693,NONE,0,0
764,702,AW/RBK/AND1/GT SOCKS,52657,WALL,5,80521,WALL,1,-4
764,703,POT/HANES SOCKS,315031,WALL,2,128790,WALL,1,-1
764,704,LICENSE SOCKS,517799,WALL,1,144358,NONE,0,-1
764,705,WELLNESS SOCKS,146140,WALL,1,164127,NONE,0,-1
764,710,WORK SOCKS,517800,WALL,1,517800,WALL,1,0
764,730,YR THERMAL SOCKS,35624,ENDCAP,1,35624,ENDCAP,1,0
767,104,HANES UW,249917,WALL,5,249916,WALL,6,1
767,110,FOTL UW,182698,WALL,2,182697,WALL,1,-1
767,111,GEORGE/GILDAN UW,182711,WALL,2,182726,WALL,3,1
767,112,USPA UW,182776,NONE,0,182776,NONE,0,0
767,113,WRANGLER UW,182661,WALL,1,182653,NONE,0,-1
767,114,AND1 UW,182671,WALL,2,182671,WALL,2,0
767,115,AW UW,182679,WALL,1,182676,NONE,0,-1
767,116,REEBOK UW,182681,WALL,1,182683,WALL,2,1
767,117,HANES PERF UW,182687,WALL,1,182685,NONE,0,-1
767,118,FOTL PERF UW,182694,WALL,1,182693,NONE,0,-1
767,702,AW/RBK/AND1/GT SOCKS,47054,WALL,6,47054,WALL,6,0
767,703,POT/HANES SOCKS,315052,WALL,3,315031,WALL,2,-1
767,704,LICENSE SOCKS,517799,WALL,1,517799,WALL,1,0
767,705,WELLNESS SOCKS,146140,WALL,1,164127,NONE,0,-1
767,710,WORK SOCKS,517800,WALL,1,517800,WALL,1,0
767,730,YR THERMAL SOCKS,6662,NONE,0,6662,NONE,0,0
780,104,HANES UW,249915,WALL,7,249918,WALL,4,-3
780,110,FOTL UW,182706,WALL,3,182695,NONE,0,-3
780,111,GEORGE/GILDAN UW,182726,WALL,3,182726,WALL,3,0
780,112,USPA UW,182796,WALL,1,182776,NONE,0,-1
780,113,WRANGLER UW,182653,NONE,0,182653,NONE,0,0
780,114,AND1 UW,182671,WALL,2,182670,WALL,1,-1
780,115,AW UW,182679,WALL,1,182676,NONE,0,-1
780,116,REEBOK UW,182681,WALL,1,182680,NONE,0,-1
780,117,HANES PERF UW,182688,WALL,2,182685,NONE,0,-2
780,118,FOTL PERF UW,182693,NONE,0,182693,NONE,0,0
780,702,AW/RBK/AND1/GT SOCKS,47054,WALL,6,66856,WALL,2,-4
780,703,POT/HANES SOCKS,315052,WALL,3,315031,WALL,2,-1
780,704,LICENSE SOCKS,517799,WALL,1,517799,WALL,1,0
780,705,WELLNESS SOCKS,146140,WALL,1,164127,NONE,0,-1
780,710,WORK SOCKS,517800,WALL,1,517800,WALL,1,0
780,730,YR THERMAL SOCKS,35624,ENDCAP,1,35624,ENDCAP,1,0
800,104,HANES UW,249917,WALL,5,249916,WALL,6,1
800,110,FOTL UW,182698,WALL,2,182695,NONE,0,-2
800,111,GEORGE/GILDAN UW,182711,WALL,2,182711,WALL,2,0
800,112,USPA UW,182796,WALL,1,182776,NONE,0,-1
800,113,WRANGLER UW,182653,NONE,0,182653,NONE,0,0
800,114,AND1 UW,182671,WALL,2,182671,WALL,2,0
800,115,AW UW,182679,WALL,1,182676,NONE,0,-1
800,116,REEBOK UW,182681,WALL,1,182681,WALL,1,0
800,117,HANES PERF UW,182688,WALL,2,182685,NONE,0,-2
800,118,FOTL PERF UW,182693,NONE,0,182693,NONE,0,0
800,702,AW/RBK/AND1/GT SOCKS,289335,WALL,7,54140,WALL,4,-3
800,703,POT/HANES SOCKS,315031,WALL,2,315031,WALL,2,0
800,704,LICENSE SOCKS,517799,WALL,1,144358,NONE,0,-1
800,705,WELLNESS SOCKS,146140,WALL,1,164127,NONE,0,-1
800,710,WORK SOCKS,517800,WALL,1,517800,WALL,1,0
800,730,YR THERMAL SOCKS,6662,NONE,0,6662,NONE,0,0
814,104,HANES UW,249915,WALL,7,249918,WALL,4,-3
814,110,FOTL UW,182698,WALL,2,182695,NONE,0,-2
814,111,GEORGE/GILDAN UW,182711,WALL,2,182726,WALL,3,1
814,112,USPA UW,182796,WALL,1,182776,NONE,0,-1
814,113,WRANGLER UW,182653,NONE,0,182653,NONE,0,0
814,114,AND1 UW,182671,WALL,2,182670,WALL,1,-1
814,115,AW UW,182676,NONE,0,182676,NONE,0,0
814,116,REEBOK UW,182681,WALL,1,182680,NONE,0,-1
814,117,HANES PERF UW,182692,WALL,3,182685,NONE,0,-3
814,118,FOTL PERF UW,182694,WALL,1,182693,NONE,0,-1
814,702,AW/RBK/AND1/GT SOCKS,289335,WALL,7,54140,WALL,4,-3
814,703,POT/HANES SOCKS,315054,WALL,4,315031,WALL,2,-2
814,704,LICENSE SOCKS,517799,WALL,1,144358,NONE,0,-1
814,705,WELLNESS SOCKS,146140,WALL,1,164127,NONE,0,-1
814,710,WORK SOCKS,517800,WALL,1,517800,WALL,1,0
814,730,YR THERMAL SOCKS,6662,NONE,0,6662,NONE,0,0
820,104,HANES UW,249917,WALL,5,249919,WALL,3,-2
820,110,FOTL UW,182697,WALL,1,182695,NONE,0,-1
820,111,GEORGE/GILDAN UW,182711,WALL,2,182726,WALL,3,1
820,112,USPA UW,182776,NONE,0,182776,NONE,0,0
820,113,WRANGLER UW,182661,WALL,1,182653,NONE,0,-1
820,114,AND1 UW,182670,WALL,1,182670,WALL,1,0
820,115,AW UW,182676,NONE,0,182676,NONE,0,0
820,116,REEBOK UW,182681,WALL,1,182680,NONE,0,-1
820,117,HANES PERF UW,182688,WALL,2,182685,NONE,0,-2
820,118,FOTL PERF UW,182693,NONE,0,182693,NONE,0,0
820,702,AW/RBK/AND1/GT SOCKS,289335,WALL,7,66856,WALL,2,-5
820,703,POT/HANES SOCKS,315031,WALL,2,315031,WALL,2,0
820,704,LICENSE SOCKS,517799,WALL,1,144358,NONE,0,-1
820,705,WELLNESS SOCKS,146140,WALL,1,164127,NONE,0,-1
820,710,WORK SOCKS,517800,WALL,1,517800,WALL,1,0
820,730,YR THERMAL SOCKS,35624,ENDCAP,1,35624,ENDCAP,1,0
875,104,HANES UW,249919,WALL,3,249916,WALL,6,3
875,110,FOTL UW,182697,WALL,1,182695,NONE,0,-1
875,111,GEORGE/GILDAN UW,182711,WALL,2,182711,WALL,2,0
875,112,USPA UW,182776,NONE,0,182776,NONE,0,0
875,113,WRANGLER UW,182653,NONE,0,182653,NONE,0,0
875,114,AND1 UW,182668,NONE,0,182670,WALL,1,1
875,115,AW UW,182679,WALL,1,182676,NONE,0,-1
875,116,REEBOK UW,182681,WALL,1,182681,WALL,1,0
875,117,HANES PERF UW,182685,NONE,0,182685,NONE,0,0
875,118,FOTL PERF UW,182693,NONE,0,182693,NONE,0,0
875,702,AW/RBK/AND1/GT SOCKS,57730,WALL,3,57730,WALL,3,0
875,703,POT/HANES SOCKS,315031,WALL,2,315031,WALL,2,0
875,704,LICENSE SOCKS,517799,WALL,1,144358,NONE,0,-1
875,705,WELLNESS SOCKS,146140,WALL,1,164127,NONE,0,-1
875,710,WORK SOCKS,517800,WALL,1,517800,WALL,1,0
875,730,YR THERMAL SOCKS,35624,ENDCAP,1,35624,ENDCAP,1,0
958,104,HANES UW,249917,WALL,5,249916,WALL,6,1
958,110,FOTL UW,182698,WALL,2,182695,NONE,0,-2
958,111,GEORGE/GILDAN UW,182711,WALL,2,182707,NONE,0,-2
958,112,USPA UW,182776,NONE,0,182776,NONE,0,0
958,113,WRANGLER UW,182661,WALL,1,182653,NONE,0,-1
958,114,AND1 UW,182671,WALL,2,182670,WALL,1,-1
958,115,AW UW,182679,WALL,1,182676,NONE,0,-1
958,116,REEBOK UW,182681,WALL,1,182681,WALL,1,0
958,117,HANES PERF UW,182688,WALL,2,182685,NONE,0,-2
958,118,FOTL PERF UW,182693,NONE,0,182693,NONE,0,0
958,702,AW/RBK/AND1/GT SOCKS,47054,WALL,6,57730,WALL,3,-3
958,703,POT/HANES SOCKS,315031,WALL,2,315031,WALL,2,0
958,704,LICENSE SOCKS,517799,WALL,1,144358,NONE,0,-1
958,705,WELLNESS SOCKS,146140,WALL,1,164127,NONE,0,-1
958,710,WORK SOCKS,517800,WALL,1,517800,WALL,1,0
958,730,YR THERMAL SOCKS,35624,ENDCAP,1,35624,ENDCAP,1,0
971,104,HANES UW,249918,WALL,4,249919,WALL,3,-1
971,110,FOTL UW,182697,WALL,1,182695,NONE,0,-1
971,111,GEORGE/GILDAN UW,182711,WALL,2,182707,NONE,0,-2
971,112,USPA UW,182776,NONE,0,182776,NONE,0,0
971,113,WRANGLER UW,182653,NONE,0,182653,NONE,0,0
971,114,AND1 UW,182670,WALL,1,182668,NONE,0,-1
971,115,AW UW,182676,NONE,0,182676,NONE,0,0
971,116,REEBOK UW,182681,WALL,1,182681,WALL,1,0
971,117,HANES PERF UW,182685,NONE,0,182685,NONE,0,0
971,118,FOTL PERF UW,182693,NONE,0,182693,NONE,0,0
971,702,AW/RBK/AND1/GT SOCKS,54140,WALL,4,66856,WALL,2,-2
971,703,POT/HANES SOCKS,128790,WALL,1,128790,WALL,1,0
971,704,LICENSE SOCKS,517799,WALL,1,144358,NONE,0,-1
971,705,WELLNESS SOCKS,146140,WALL,1,164127,NONE,0,-1
971,710,WORK SOCKS,517800,WALL,1,517800,WALL,1,0
971,730,YR THERMAL SOCKS,35624,ENDCAP,1,35624,ENDCAP,1,0
1083,104,HANES UW,249918,WALL,4,249918,WALL,4,0
1083,110,FOTL UW,182698,WALL,2,182695,NONE,0,-2
1083,111,GEORGE/GILDAN UW,182711,WALL,2,182710,WALL,1,-1
1083,112,USPA UW,182776,NONE,0,182776,NONE,0,0
1083,113,WRANGLER UW,182661,WALL,1,182653,NONE,0,-1
1083,114,AND1 UW,182670,WALL,1,182670,WALL,1,0
1083,115,AW UW,182676,NONE,0,182676,NONE,0,0
1083,116,REEBOK UW,182681,WALL,1,182680,NONE,0,-1
1083,117,HANES PERF UW,182687,WALL,1,182685,NONE,0,-1
1083,118,FOTL PERF UW,182693,NONE,0,182693,NONE,0,0
1083,702,AW/RBK/AND1/GT SOCKS,54140,WALL,4,66856,WALL,2,-2
1083,703,POT/HANES SOCKS,315031,WALL,2,128790,WALL,1,-1
1083,704,LICENSE SOCKS,517799,WALL,1,144358,NONE,0,-1
1083,705,WELLNESS SOCKS,146140,WALL,1,164127,NONE,0,-1
1083,710,WORK SOCKS,517800,WALL,1,517800,WALL,1,0
1083,730,YR THERMAL SOCKS,6662,NONE,0,6662,NONE,0,0
1123,104,HANES UW,249916,WALL,6,249918,WALL,4,-2
1123,110,FOTL UW,182706,WALL,3,182698,WALL,2,-1
1123,111,GEORGE/GILDAN UW,182711,WALL,2,182726,WALL,3,1
1123,112,USPA UW,182776,NONE,0,182776,NONE,0,0
1123,113,WRANGLER UW,182661,WALL,1,182653,NONE,0,-1
1123,114,AND1 UW,182671,WALL,2,182670,WALL,1,-1
1123,115,AW UW,182679,WALL,1,182676,NONE,0,-1
1123,116,REEBOK UW,182681,WALL,1,182680,NONE,0,-1
1123,117,HANES PERF UW,182688,WALL,2,182685,NONE,0,-2
1123,118,FOTL PERF UW,182694,WALL,1,182693,NONE,0,-1
1123,702,AW/RBK/AND1/GT SOCKS,289336,WALL,8,66856,WALL,2,-6
1123,703,POT/HANES SOCKS,315052,WALL,3,315031,WALL,2,-1
1123,704,LICENSE SOCKS,517799,WALL,1,517799,WALL,1,0
1123,705,WELLNESS SOCKS,146140,WALL,1,164127,NONE,0,-1
1123,710,WORK SOCKS,517800,WALL,1,517800,WALL,1,0
1123,730,YR THERMAL SOCKS,35624,ENDCAP,1,35624,ENDCAP,1,0
1265,104,HANES UW,249918,WALL,4,249918,WALL,4,0
1265,110,FOTL UW,182697,WALL,1,182697,WALL,1,0
1265,111,GEORGE/GILDAN UW,182711,WALL,2,182711,WALL,2,0
1265,112,USPA UW,182776,NONE,0,182776,NONE,0,0
1265,113,WRANGLER UW,182661,WALL,1,182661,WALL,1,0
1265,114,AND1 UW,182670,WALL,1,182670,WALL,1,0
1265,115,AW UW,182676,NONE,0,182676,NONE,0,0
1265,116,REEBOK UW,182681,WALL,1,182681,WALL,1,0
1265,117,HANES PERF UW,182687,WALL,1,182687,WALL,1,0
1265,118,FOTL PERF UW,182693,NONE,0,182693,NONE,0,0
1265,702,AW/RBK/AND1/GT SOCKS,54140,WALL,4,54140,WALL,4,0
1265,703,POT/HANES SOCKS,315031,WALL,2,315031,WALL,2,0
1265,704,LICENSE SOCKS,517799,WALL,1,517799,WALL,1,0
1265,705,WELLNESS SOCKS,146140,WALL,1,146140,WALL,1,0
1265,710,WORK SOCKS,517800,WALL,1,517800,WALL,1,0
1265,730,YR THERMAL SOCKS,35624,ENDCAP,1,35624,ENDCAP,1,0
1277,104,HANES UW,249918,WALL,4,249918,WALL,4,0
1277,110,FOTL UW,182697,WALL,1,182695,NONE,0,-1
1277,111,GEORGE/GILDAN UW,182711,WALL,2,182707,NONE,0,-2
1277,112,USPA UW,182776,NONE,0,182776,NONE,0,0
1277,113,WRANGLER UW,182661,WALL,1,182653,NONE,0,-1
1277,114,AND1 UW,182670,WALL,1,182668,NONE,0,-1
1277,115,AW UW,182676,NONE,0,182676,NONE,0,0
1277,116,REEBOK UW,182681,WALL,1,182681,WALL,1,0
1277,117,HANES PERF UW,182688,WALL,2,182685,NONE,0,-2
1277,118,FOTL PERF UW,182693,NONE,0,182693,NONE,0,0
1277,702,AW/RBK/AND1/GT SOCKS,54140,WALL,4,66856,WALL,2,-2
1277,703,POT/HANES SOCKS,315031,WALL,2,128790,WALL,1,-1
1277,704,LICENSE SOCKS,517799,WALL,1,144358,NONE,0,-1
1277,705,WELLNESS SOCKS,146140,WALL,1,164127,NONE,0,-1
1277,710,WORK SOCKS,517800,WALL,1,517800,WALL,1,0
1277,730,YR THERMAL SOCKS,35624,ENDCAP,1,35624,ENDCAP,1,0
1308,104,HANES UW,249918,WALL,4,249918,WALL,4,0
1308,110,FOTL UW,182697,WALL,1,182697,WALL,1,0
1308,111,GEORGE/GILDAN UW,182711,WALL,2,182711,WALL,2,0
1308,112,USPA UW,182776,NONE,0,182776,NONE,0,0
1308,113,WRANGLER UW,182661,WALL,1,182661,WALL,1,0
1308,114,AND1 UW,182670,WALL,1,182670,WALL,1,0
1308,115,AW UW,182676,NONE,0,182676,NONE,0,0
1308,116,REEBOK UW,182681,WALL,1,182681,WALL,1,0
1308,117,HANES PERF UW,182688,WALL,2,182688,WALL,2,0
1308,118,FOTL PERF UW,182693,NONE,0,182693,NONE,0,0
1308,702,AW/RBK/AND1/GT SOCKS,54140,WALL,4,54140,WALL,4,0
1308,703,POT/HANES SOCKS,315031,WALL,2,315031,WALL,2,0
1308,704,LICENSE SOCKS,517799,WALL,1,517799,WALL,1,0
1308,705,WELLNESS SOCKS,146140,WALL,1,146140,WALL,1,0
1308,710,WORK SOCKS,517800,WALL,1,517800,WALL,1,0
1308,730,YR THERMAL SOCKS,35624,ENDCAP,1,35624,ENDCAP,1,0
1324,104,HANES UW,249916,WALL,6,249919,WALL,3,-3
1324,110,FOTL UW,182706,WALL,3,182706,WALL,3,0
1324,111,GEORGE/GILDAN UW,182711,WALL,2,182726,WALL,3,1
1324,112,USPA UW,182776,NONE,0,182776,NONE,0,0
1324,113,WRANGLER UW,182661,WALL,1,182653,NONE,0,-1
1324,114,AND1 UW,182671,WALL,2,182670,WALL,1,-1
1324,115,AW UW,182679,WALL,1,182676,NONE,0,-1
1324,116,REEBOK UW,182681,WALL,1,182680,NONE,0,-1
1324,117,HANES PERF UW,182687,WALL,1,182685,NONE,0,-1
1324,118,FOTL PERF UW,182694,WALL,1,182693,NONE,0,-1
1324,702,AW/RBK/AND1/GT SOCKS,47054,WALL,6,80521,WALL,1,-5
1324,703,POT/HANES SOCKS,315052,WALL,3,128790,WALL,1,-2
1324,704,LICENSE SOCKS,517799,WALL,1,144358,NONE,0,-1
1324,705,WELLNESS SOCKS,146140,WALL,1,164127,NONE,0,-1
1324,710,WORK SOCKS,517800,WALL,1,517800,WALL,1,0
1324,730,YR THERMAL SOCKS,35624,ENDCAP,1,35624,ENDCAP,1,0
1358,104,HANES UW,249916,WALL,6,249918,WALL,4,-2
1358,110,FOTL UW,182706,WALL,3,182695,NONE,0,-3
1358,111,GEORGE/GILDAN UW,182711,WALL,2,182726,WALL,3,1
1358,112,USPA UW,182776,NONE,0,182776,NONE,0,0
1358,113,WRANGLER UW,182661,WALL,1,182653,NONE,0,-1
1358,114,AND1 UW,182671,WALL,2,182670,WALL,1,-1
1358,115,AW UW,182679,WALL,1,182676,NONE,0,-1
1358,116,REEBOK UW,182681,WALL,1,182680,NONE,0,-1
1358,117,HANES PERF UW,182687,WALL,1,182685,NONE,0,-1
1358,118,FOTL PERF UW,182693,NONE,0,182693,NONE,0,0
1358,702,AW/RBK/AND1/GT SOCKS,52657,WALL,5,57730,WALL,3,-2
1358,703,POT/HANES SOCKS,315052,WALL,3,128790,WALL,1,-2
1358,704,LICENSE SOCKS,517799,WALL,1,144358,NONE,0,-1
1358,705,WELLNESS SOCKS,146140,WALL,1,164127,NONE,0,-1
1358,710,WORK SOCKS,517800,WALL,1,517800,WALL,1,0
1358,730,YR THERMAL SOCKS,35624,ENDCAP,1,35624,ENDCAP,1,0
1415,104,HANES UW,249915,WALL,7,249918,WALL,4,-3
1415,110,FOTL UW,182698,WALL,2,182695,NONE,0,-2
1415,111,GEORGE/GILDAN UW,182711,WALL,2,182711,WALL,2,0
1415,112,USPA UW,182776,NONE,0,182776,NONE,0,0
1415,113,WRANGLER UW,182661,WALL,1,182653,NONE,0,-1
1415,114,AND1 UW,182671,WALL,2,182670,WALL,1,-1
1415,115,AW UW,182676,NONE,0,182676,NONE,0,0
1415,116,REEBOK UW,182681,WALL,1,182680,NONE,0,-1
1415,117,HANES PERF UW,182687,WALL,1,182685,NONE,0,-1
1415,118,FOTL PERF UW,182693,NONE,0,182693,NONE,0,0
1415,702,AW/RBK/AND1/GT SOCKS,54140,WALL,4,66856,WALL,2,-2
1415,703,POT/HANES SOCKS,315054,WALL,4,315031,WALL,2,-2
1415,704,LICENSE SOCKS,144358,NONE,0,144358,NONE,0,0
1415,705,WELLNESS SOCKS,146140,WALL,1,164127,NONE,0,-1
1415,710,WORK SOCKS,517800,WALL,1,517800,WALL,1,0
1415,730,YR THERMAL SOCKS,35624,ENDCAP,1,35624,ENDCAP,1,0
1434,104,HANES UW,249918,WALL,4,249916,WALL,6,2
1434,110,FOTL UW,182698,WALL,2,182695,NONE,0,-2
1434,111,GEORGE/GILDAN UW,182710,WALL,1,182711,WALL,2,1
1434,112,USPA UW,182776,NONE,0,182776,NONE,0,0
1434,113,WRANGLER UW,182653,NONE,0,182653,NONE,0,0
1434,114,AND1 UW,182670,WALL,1,182670,WALL,1,0
1434,115,AW UW,182679,WALL,1,182676,NONE,0,-1
1434,116,REEBOK UW,182681,WALL,1,182681,WALL,1,0
1434,117,HANES PERF UW,182685,NONE,0,182685,NONE,0,0
1434,118,FOTL PERF UW,182693,NONE,0,182693,NONE,0,0
1434,702,AW/RBK/AND1/GT SOCKS,52657,WALL,5,52657,WALL,5,0
1434,703,POT/HANES SOCKS,315031,WALL,2,315031,WALL,2,0
1434,704,LICENSE SOCKS,517799,WALL,1,517799,WALL,1,0
1434,705,WELLNESS SOCKS,146140,WALL,1,164127,NONE,0,-1
1434,710,WORK SOCKS,517800,WALL,1,517800,WALL,1,0
1434,730,YR THERMAL SOCKS,35624,ENDCAP,1,35624,ENDCAP,1,0
1443,104,HANES UW,249917,WALL,5,249918,WALL,4,-1
1443,110,FOTL UW,182698,WALL,2,182695,NONE,0,-2
1443,111,GEORGE/GILDAN UW,182711,WALL,2,182726,WALL,3,1
1443,112,USPA UW,182776,NONE,0,182776,NONE,0,0
1443,113,WRANGLER UW,182661,WALL,1,182653,NONE,0,-1
1443,114,AND1 UW,182670,WALL,1,182670,WALL,1,0
1443,115,AW UW,182679,WALL,1,182676,NONE,0,-1
1443,116,REEBOK UW,182681,WALL,1,182680,NONE,0,-1
1443,117,HANES PERF UW,182687,WALL,1,182685,NONE,0,-1
1443,118,FOTL PERF UW,182693,NONE,0,182693,NONE,0,0
1443,702,AW/RBK/AND1/GT SOCKS,289335,WALL,7,66856,WALL,2,-5
1443,703,POT/HANES SOCKS,315031,WALL,2,128790,WALL,1,-1
1443,704,LICENSE SOCKS,517799,WALL,1,144358,NONE,0,-1
1443,705,WELLNESS SOCKS,146140,WALL,1,164127,NONE,0,-1
1443,710,WORK SOCKS,517800,WALL,1,517800,WALL,1,0
1443,730,YR THERMAL SOCKS,35624,ENDCAP,1,35624,ENDCAP,1,0
1456,104,HANES UW,249917,WALL,5,249918,WALL,4,-1
1456,110,FOTL UW,182697,WALL,1,182695,NONE,0,-1
1456,111,GEORGE/GILDAN UW,182711,WALL,2,182710,WALL,1,-1
1456,112,USPA UW,182776,NONE,0,182776,NONE,0,0
1456,113,WRANGLER UW,182661,WALL,1,182653,NONE,0,-1
1456,114,AND1 UW,182670,WALL,1,182670,WALL,1,0
1456,115,AW UW,182679,WALL,1,182676,NONE,0,-1
1456,116,REEBOK UW,182681,WALL,1,182680,NONE,0,-1
1456,117,HANES PERF UW,182687,WALL,1,182685,NONE,0,-1
1456,118,FOTL PERF UW,182693,NONE,0,182693,NONE,0,0
1456,702,AW/RBK/AND1/GT SOCKS,289335,WALL,7,66856,WALL,2,-5
1456,703,POT/HANES SOCKS,315031,WALL,2,315031,WALL,2,0
1456,704,LICENSE SOCKS,517799,WALL,1,144358,NONE,0,-1
1456,705,WELLNESS SOCKS,146140,WALL,1,164127,NONE,0,-1
1456,710,WORK SOCKS,517800,WALL,1,517800,WALL,1,0
1456,730,YR THERMAL SOCKS,35624,ENDCAP,1,35624,ENDCAP,1,0
1465,104,HANES UW,249915,WALL,7,249918,WALL,4,-3
1465,110,FOTL UW,182706,WALL,3,182698,WALL,2,-1
1465,111,GEORGE/GILDAN UW,182726,WALL,3,182726,WALL,3,0
1465,112,USPA UW,182796,WALL,1,182776,NONE,0,-1
1465,113,WRANGLER UW,182653,NONE,0,182653,NONE,0,0
1465,114,AND1 UW,182671,WALL,2,182670,WALL,1,-1
1465,115,AW UW,182679,WALL,1,182676,NONE,0,-1
1465,116,REEBOK UW,182681,WALL,1,182680,NONE,0,-1
1465,117,HANES PERF UW,182692,WALL,3,182685,NONE,0,-3
1465,118,FOTL PERF UW,182693,NONE,0,182693,NONE,0,0
1465,702,AW/RBK/AND1/GT SOCKS,289335,WALL,7,57730,WALL,3,-4
1465,703,POT/HANES SOCKS,315031,WALL,2,315031,WALL,2,0
1465,704,LICENSE SOCKS,517799,WALL,1,144358,NONE,0,-1
1465,705,WELLNESS SOCKS,146140,WALL,1,164127,NONE,0,-1
1465,710,WORK SOCKS,517800,WALL,1,517800,WALL,1,0
1465,730,YR THERMAL SOCKS,35624,ENDCAP,1,35624,ENDCAP,1,0
1488,104,HANES UW,249916,WALL,6,249916,WALL,6,0
1488,110,FOTL UW,182706,WALL,3,182695,NONE,0,-3
1488,111,GEORGE/GILDAN UW,182726,WALL,3,182711,WALL,2,-1
1488,112,USPA UW,182776,NONE,0,182776,NONE,0,0
1488,113,WRANGLER UW,182653,NONE,0,182653,NONE,0,0
1488,114,AND1 UW,182671,WALL,2,182671,WALL,2,0
1488,115,AW UW,182679,WALL,1,182676,NONE,0,-1
1488,116,REEBOK UW,182681,WALL,1,182681,WALL,1,0
1488,117,HANES PERF UW,182688,WALL,2,182685,NONE,0,-2
1488,118,FOTL PERF UW,182694,WALL,1,182693,NONE,0,-1
1488,702,AW/RBK/AND1/GT SOCKS,289335,WALL,7,47054,WALL,6,-1
1488,703,POT/HANES SOCKS,315054,WALL,4,315031,WALL,2,-2
1488,704,LICENSE SOCKS,517799,WALL,1,517799,WALL,1,0
1488,705,WELLNESS SOCKS,146140,WALL,1,164127,NONE,0,-1
1488,710,WORK SOCKS,517800,WALL,1,517800,WALL,1,0
1488,730,YR THERMAL SOCKS,35624,ENDCAP,1,35624,ENDCAP,1,0
1502,104,HANES UW,289320,WALL,8,249918,WALL,4,-4
1502,110,FOTL UW,182706,WALL,3,182698,WALL,2,-1
1502,111,GEORGE/GILDAN UW,182726,WALL,3,182726,WALL,3,0
1502,112,USPA UW,182776,NONE,0,182776,NONE,0,0
1502,113,WRANGLER UW,182662,WALL,2,182653,NONE,0,-2
1502,114,AND1 UW,182671,WALL,2,182671,WALL,2,0
1502,115,AW UW,182679,WALL,1,182676,NONE,0,-1
1502,116,REEBOK UW,182681,WALL,1,182680,NONE,0,-1
1502,117,HANES PERF UW,182688,WALL,2,182685,NONE,0,-2
1502,118,FOTL PERF UW,182693,NONE,0,182693,NONE,0,0
1502,702,AW/RBK/AND1/GT SOCKS,47054,WALL,6,66856,WALL,2,-4
1502,703,POT/HANES SOCKS,315054,WALL,4,315031,WALL,2,-2
1502,704,LICENSE SOCKS,517799,WALL,1,517799,WALL,1,0
1502,705,WELLNESS SOCKS,146140,WALL,1,164127,NONE,0,-1
1502,710,WORK SOCKS,517800,WALL,1,517800,WALL,1,0
1502,730,YR THERMAL SOCKS,35624,ENDCAP,1,35624,ENDCAP,1,0
1507,104,HANES UW,249916,WALL,6,249918,WALL,4,-2
1507,110,FOTL UW,182706,WALL,3,182697,WALL,1,-2
1507,111,GEORGE/GILDAN UW,182711,WALL,2,182726,WALL,3,1
1507,112,USPA UW,182776,NONE,0,182776,NONE,0,0
1507,113,WRANGLER UW,182661,WALL,1,182653,NONE,0,-1
1507,114,AND1 UW,182671,WALL,2,182670,WALL,1,-1
1507,115,AW UW,182676,NONE,0,182676,NONE,0,0
1507,116,REEBOK UW,182683,WALL,2,182680,NONE,0,-2
1507,117,HANES PERF UW,182688,WALL,2,182685,NONE,0,-2
1507,118,FOTL PERF UW,182693,NONE,0,182693,NONE,0,0
1507,702,AW/RBK/AND1/GT SOCKS,54140,WALL,4,66856,WALL,2,-2
1507,703,POT/HANES SOCKS,315054,WALL,4,128790,WALL,1,-3
1507,704,LICENSE SOCKS,144358,NONE,0,144358,NONE,0,0
1507,705,WELLNESS SOCKS,146140,WALL,1,164127,NONE,0,-1
1507,710,WORK SOCKS,517800,WALL,1,517800,WALL,1,0
1507,730,YR THERMAL SOCKS,35624,ENDCAP,1,35624,ENDCAP,1,0
1528,104,HANES UW,249916,WALL,6,249916,WALL,6,0
1528,110,FOTL UW,182698,WALL,2,182697,WALL,1,-1
1528,111,GEORGE/GILDAN UW,182711,WALL,2,182711,WALL,2,0
1528,112,USPA UW,182796,WALL,1,182776,NONE,0,-1
1528,113,WRANGLER UW,182653,NONE,0,182653,NONE,0,0
1528,114,AND1 UW,182671,WALL,2,182671,WALL,2,0
1528,115,AW UW,182679,WALL,1,182676,NONE,0,-1
1528,116,REEBOK UW,182681,WALL,1,182681,WALL,1,0
1528,117,HANES PERF UW,182687,WALL,1,182685,NONE,0,-1
1528,118,FOTL PERF UW,182694,WALL,1,182693,NONE,0,-1
1528,702,AW/RBK/AND1/GT SOCKS,47054,WALL,6,47054,WALL,6,0
1528,703,POT/HANES SOCKS,315031,WALL,2,315031,WALL,2,0
1528,704,LICENSE SOCKS,517799,WALL,1,517799,WALL,1,0
1528,705,WELLNESS SOCKS,146140,WALL,1,164127,NONE,0,-1
1528,710,WORK SOCKS,517800,WALL,1,517800,WALL,1,0
1528,730,YR THERMAL SOCKS,35624,ENDCAP,1,35624,ENDCAP,1,0
1543,104,HANES UW,249915,WALL,7,249918,WALL,4,-3
1543,110,FOTL UW,182706,WALL,3,182698,WALL,2,-1
1543,111,GEORGE/GILDAN UW,182711,WALL,2,182726,WALL,3,1
1543,112,USPA UW,182776,NONE,0,182776,NONE,0,0
1543,113,WRANGLER UW,182661,WALL,1,182653,NONE,0,-1
1543,114,AND1 UW,182671,WALL,2,182670,WALL,1,-1
1543,115,AW UW,182676,NONE,0,182676,NONE,0,0
1543,116,REEBOK UW,182681,WALL,1,182681,WALL,1,0
1543,117,HANES PERF UW,182692,WALL,3,182685,NONE,0,-3
1543,118,FOTL PERF UW,182694,WALL,1,182693,NONE,0,-1
1543,702,AW/RBK/AND1/GT SOCKS,47054,WALL,6,66856,WALL,2,-4
1543,703,POT/HANES SOCKS,315052,WALL,3,315031,WALL,2,-1
1543,704,LICENSE SOCKS,517799,WALL,1,144358,NONE,0,-1
1543,705,WELLNESS SOCKS,146140,WALL,1,164127,NONE,0,-1
1543,710,WORK SOCKS,517800,WALL,1,517800,WALL,1,0
1543,730,YR THERMAL SOCKS,35624,ENDCAP,1,35624,ENDCAP,1,0
1551,104,HANES UW,249916,WALL,6,249917,WALL,5,-1
1551,110,FOTL UW,182706,WALL,3,182695,NONE,0,-3
1551,111,GEORGE/GILDAN UW,182711,WALL,2,182707,NONE,0,-2
1551,112,USPA UW,182776,NONE,0,182776,NONE,0,0
1551,113,WRANGLER UW,182661,WALL,1,182653,NONE,0,-1
1551,114,AND1 UW,182670,WALL,1,182670,WALL,1,0
1551,115,AW UW,182676,NONE,0,182676,NONE,0,0
1551,116,REEBOK UW,182681,WALL,1,182681,WALL,1,0
1551,117,HANES PERF UW,182688,WALL,2,182685,NONE,0,-2
1551,118,FOTL PERF UW,182693,NONE,0,182693,NONE,0,0
1551,702,AW/RBK/AND1/GT SOCKS,289335,WALL,7,57730,WALL,3,-4
1551,703,POT/HANES SOCKS,315054,WALL,4,315031,WALL,2,-2
1551,704,LICENSE SOCKS,517799,WALL,1,144358,NONE,0,-1
1551,705,WELLNESS SOCKS,146140,WALL,1,164127,NONE,0,-1
1551,710,WORK SOCKS,517800,WALL,1,517800,WALL,1,0
1551,730,YR THERMAL SOCKS,35624,ENDCAP,1,35624,ENDCAP,1,0
1599,104,HANES UW,249918,WALL,4,249919,WALL,3,-1
1599,110,FOTL UW,182697,WALL,1,182695,NONE,0,-1
1599,111,GEORGE/GILDAN UW,182711,WALL,2,182710,WALL,1,-1
1599,112,USPA UW,182776,NONE,0,182776,NONE,0,0
1599,113,WRANGLER UW,182661,WALL,1,182653,NONE,0,-1
1599,114,AND1 UW,182670,WALL,1,182670,WALL,1,0
1599,115,AW UW,182676,NONE,0,182676,NONE,0,0
1599,116,REEBOK UW,182681,WALL,1,182680,NONE,0,-1
1599,117,HANES PERF UW,182688,WALL,2,182685,NONE,0,-2
1599,118,FOTL PERF UW,182693,NONE,0,182693,NONE,0,0
1599,702,AW/RBK/AND1/GT SOCKS,57730,WALL,3,66856,WALL,2,-1
1599,703,POT/HANES SOCKS,315031,WALL,2,128790,WALL,1,-1
1599,704,LICENSE SOCKS,517799,WALL,1,144358,NONE,0,-1
1599,705,WELLNESS SOCKS,146140,WALL,1,164127,NONE,0,-1
1599,710,WORK SOCKS,517800,WALL,1,517800,WALL,1,0
1599,730,YR THERMAL SOCKS,35624,ENDCAP,1,35624,ENDCAP,1,0
1601,104,HANES UW,249916,WALL,6,249916,WALL,6,0
1601,110,FOTL UW,182706,WALL,3,182706,WALL,3,0
1601,111,GEORGE/GILDAN UW,182711,WALL,2,182711,WALL,2,0
1601,112,USPA UW,182776,NONE,0,182776,NONE,0,0
1601,113,WRANGLER UW,182661,WALL,1,182661,WALL,1,0
1601,114,AND1 UW,182671,WALL,2,182671,WALL,2,0
1601,115,AW UW,182676,NONE,0,182676,NONE,0,0
1601,116,REEBOK UW,182683,WALL,2,182683,WALL,2,0
1601,117,HANES PERF UW,182688,WALL,2,182688,WALL,2,0
1601,118,FOTL PERF UW,182693,NONE,0,182693,NONE,0,0
1601,702,AW/RBK/AND1/GT SOCKS,54140,WALL,4,54140,WALL,4,0
1601,703,POT/HANES SOCKS,128790,WALL,1,128790,WALL,1,0
1601,704,LICENSE SOCKS,517799,WALL,1,517799,WALL,1,0
1601,705,WELLNESS SOCKS,146140,WALL,1,146140,WALL,1,0
1601,710,WORK SOCKS,517800,WALL,1,517800,WALL,1,0
1601,730,YR THERMAL SOCKS,35624,ENDCAP,1,35624,ENDCAP,1,0
1646,104,HANES UW,249918,WALL,4,249916,WALL,6,2
1646,110,FOTL UW,182698,WALL,2,182695,NONE,0,-2
1646,111,GEORGE/GILDAN UW,182710,WALL,1,182711,WALL,2,1
1646,112,USPA UW,182776,NONE,0,182776,NONE,0,0
1646,113,WRANGLER UW,182653,NONE,0,182653,NONE,0,0
1646,114,AND1 UW,182670,WALL,1,182670,WALL,1,0
1646,115,AW UW,182679,WALL,1,182676,NONE,0,-1
1646,116,REEBOK UW,182681,WALL,1,182681,WALL,1,0
1646,117,HANES PERF UW,182685,NONE,0,182685,NONE,0,0
1646,118,FOTL PERF UW,182693,NONE,0,182693,NONE,0,0
1646,702,AW/RBK/AND1/GT SOCKS,47054,WALL,6,54140,WALL,4,-2
1646,703,POT/HANES SOCKS,315052,WALL,3,315031,WALL,2,-1
1646,704,LICENSE SOCKS,517799,WALL,1,144358,NONE,0,-1
1646,705,WELLNESS SOCKS,146140,WALL,1,164127,NONE,0,-1
1646,710,WORK SOCKS,517800,WALL,1,517800,WALL,1,0
1646,730,YR THERMAL SOCKS,35624,ENDCAP,1,35624,ENDCAP,1,0
1672,104,HANES UW,249918,WALL,4,249917,WALL,5,1
1672,110,FOTL UW,182697,WALL,1,182695,NONE,0,-1
1672,111,GEORGE/GILDAN UW,182711,WALL,2,182707,NONE,0,-2
1672,112,USPA UW,182776,NONE,0,182776,NONE,0,0
1672,113,WRANGLER UW,182661,WALL,1,182653,NONE,0,-1
1672,114,AND1 UW,182670,WALL,1,182670,WALL,1,0
1672,115,AW UW,182676,NONE,0,182676,NONE,0,0
1672,116,REEBOK UW,182681,WALL,1,182681,WALL,1,0
1672,117,HANES PERF UW,182688,WALL,2,182685,NONE,0,-2
1672,118,FOTL PERF UW,182693,NONE,0,182693,NONE,0,0
1672,702,AW/RBK/AND1/GT SOCKS,54140,WALL,4,57730,WALL,3,-1
1672,703,POT/HANES SOCKS,315052,WALL,3,315031,WALL,2,-1
1672,704,LICENSE SOCKS,517799,WALL,1,144358,NONE,0,-1
1672,705,WELLNESS SOCKS,146140,WALL,1,164127,NONE,0,-1
1672,710,WORK SOCKS,517800,WALL,1,517800,WALL,1,0
1672,730,YR THERMAL SOCKS,35624,ENDCAP,1,35624,ENDCAP,1,0
1695,104,HANES UW,249918,WALL,4,249918,WALL,4,0
1695,110,FOTL UW,182697,WALL,1,182697,WALL,1,0
1695,111,GEORGE/GILDAN UW,182711,WALL,2,182711,WALL,2,0
1695,112,USPA UW,182776,NONE,0,182776,NONE,0,0
1695,113,WRANGLER UW,182653,NONE,0,182653,NONE,0,0
1695,114,AND1 UW,182670,WALL,1,182670,WALL,1,0
1695,115,AW UW,182679,WALL,1,182679,WALL,1,0
1695,116,REEBOK UW,182681,WALL,1,182681,WALL,1,0
1695,117,HANES PERF UW,182687,WALL,1,182687,WALL,1,0
1695,118,FOTL PERF UW,182693,NONE,0,182693,NONE,0,0
1695,702,AW/RBK/AND1/GT SOCKS,57730,WALL,3,57730,WALL,3,0
1695,703,POT/HANES SOCKS,128790,WALL,1,128790,WALL,1,0
1695,704,LICENSE SOCKS,517799,WALL,1,517799,WALL,1,0
1695,705,WELLNESS SOCKS,146140,WALL,1,146140,WALL,1,0
1695,710,WORK SOCKS,517800,WALL,1,517800,WALL,1,0
1695,730,YR THERMAL SOCKS,35624,ENDCAP,1,35624,ENDCAP,1,0
1721,104,HANES UW,249916,WALL,6,249916,WALL,6,0
1721,110,FOTL UW,182706,WALL,3,182706,WALL,3,0
1721,111,GEORGE/GILDAN UW,182711,WALL,2,182711,WALL,2,0
1721,112,USPA UW,182776,NONE,0,182776,NONE,0,0
1721,113,WRANGLER UW,182661,WALL,1,182661,WALL,1,0
1721,114,AND1 UW,182671,WALL,2,182671,WALL,2,0
1721,115,AW UW,182676,NONE,0,182676,NONE,0,0
1721,116,REEBOK UW,182683,WALL,2,182683,WALL,2,0
1721,117,HANES PERF UW,182688,WALL,2,182688,WALL,2,0
1721,118,FOTL PERF UW,182693,NONE,0,182693,NONE,0,0
1721,702,AW/RBK/AND1/GT SOCKS,54140,WALL,4,54140,WALL,4,0
1721,703,POT/HANES SOCKS,315031,WALL,2,315031,WALL,2,0
1721,704,LICENSE SOCKS,517799,WALL,1,517799,WALL,1,0
1721,705,WELLNESS SOCKS,146140,WALL,1,146140,WALL,1,0
1721,710,WORK SOCKS,517800,WALL,1,517800,WALL,1,0
1721,730,YR THERMAL SOCKS,35624,ENDCAP,1,35624,ENDCAP,1,0
1742,104,HANES UW,249916,WALL,6,249916,WALL,6,0
1742,110,FOTL UW,182706,WALL,3,182697,WALL,1,-2
1742,111,GEORGE/GILDAN UW,182711,WALL,2,182711,WALL,2,0
1742,112,USPA UW,182776,NONE,0,182776,NONE,0,0
1742,113,WRANGLER UW,182661,WALL,1,182653,NONE,0,-1
1742,114,AND1 UW,182671,WALL,2,182671,WALL,2,0
1742,115,AW UW,182679,WALL,1,182676,NONE,0,-1
1742,116,REEBOK UW,182681,WALL,1,182681,WALL,1,0
1742,117,HANES PERF UW,182687,WALL,1,182685,NONE,0,-1
1742,118,FOTL PERF UW,182694,WALL,1,182693,NONE,0,-1
1742,702,AW/RBK/AND1/GT SOCKS,54140,WALL,4,54140,WALL,4,0
1742,703,POT/HANES SOCKS,315031,WALL,2,315031,WALL,2,0
1742,704,LICENSE SOCKS,517799,WALL,1,517799,WALL,1,0
1742,705,WELLNESS SOCKS,146140,WALL,1,164127,NONE,0,-1
1742,710,WORK SOCKS,517800,WALL,1,517800,WALL,1,0
1742,730,YR THERMAL SOCKS,35624,ENDCAP,1,35624,ENDCAP,1,0
1884,104,HANES UW,249917,WALL,5,249918,WALL,4,-1
1884,110,FOTL UW,182698,WALL,2,182697,WALL,1,-1
1884,111,GEORGE/GILDAN UW,182711,WALL,2,182726,WALL,3,1
1884,112,USPA UW,182776,NONE,0,182776,NONE,0,0
1884,113,WRANGLER UW,182661,WALL,1,182653,NONE,0,-1
1884,114,AND1 UW,182671,WALL,2,182670,WALL,1,-1
1884,115,AW UW,182679,WALL,1,182676,NONE,0,-1
1884,116,REEBOK UW,182681,WALL,1,182680,NONE,0,-1
1884,117,HANES PERF UW,182687,WALL,1,182685,NONE,0,-1
1884,118,FOTL PERF UW,182694,WALL,1,182693,NONE,0,-1
1884,702,AW/RBK/AND1/GT SOCKS,47054,WALL,6,80521,WALL,1,-5
1884,703,POT/HANES SOCKS,315052,WALL,3,315031,WALL,2,-1
1884,704,LICENSE SOCKS,517799,WALL,1,144358,NONE,0,-1
1884,705,WELLNESS SOCKS,146140,WALL,1,164127,NONE,0,-1
1884,710,WORK SOCKS,517800,WALL,1,517800,WALL,1,0
1884,730,YR THERMAL SOCKS,35624,ENDCAP,1,35624,ENDCAP,1,0
1915,104,HANES UW,249917,WALL,5,249918,WALL,4,-1
1915,110,FOTL UW,182698,WALL,2,182697,WALL,1,-1
1915,111,GEORGE/GILDAN UW,182711,WALL,2,182726,WALL,3,1
1915,112,USPA UW,182776,NONE,0,182776,NONE,0,0
1915,113,WRANGLER UW,182661,WALL,1,182653,NONE,0,-1
1915,114,AND1 UW,182671,WALL,2,182670,WALL,1,-1
1915,115,AW UW,182676,NONE,0,182676,NONE,0,0
1915,116,REEBOK UW,182681,WALL,1,182680,NONE,0,-1
1915,117,HANES PERF UW,182688,WALL,2,182685,NONE,0,-2
1915,118,FOTL PERF UW,182693,NONE,0,182693,NONE,0,0
1915,702,AW/RBK/AND1/GT SOCKS,47054,WALL,6,80521,WALL,1,-5
1915,703,POT/HANES SOCKS,315052,WALL,3,128790,WALL,1,-2
1915,704,LICENSE SOCKS,517799,WALL,1,144358,NONE,0,-1
1915,705,WELLNESS SOCKS,146140,WALL,1,164127,NONE,0,-1
1915,710,WORK SOCKS,517800,WALL,1,517800,WALL,1,0
1915,730,YR THERMAL SOCKS,35624,ENDCAP,1,35624,ENDCAP,1,0
1928,104,HANES UW,249917,WALL,5,249918,WALL,4,-1
1928,110,FOTL UW,182697,WALL,1,182698,WALL,2,1
1928,111,GEORGE/GILDAN UW,182711,WALL,2,182726,WALL,3,1
1928,112,USPA UW,182776,NONE,0,182776,NONE,0,0
1928,113,WRANGLER UW,182661,WALL,1,182653,NONE,0,-1
1928,114,AND1 UW,182670,WALL,1,182670,WALL,1,0
1928,115,AW UW,182679,WALL,1,182676,NONE,0,-1
1928,116,REEBOK UW,182681,WALL,1,182680,NONE,0,-1
1928,117,HANES PERF UW,182687,WALL,1,182685,NONE,0,-1
1928,118,FOTL PERF UW,182694,WALL,1,182693,NONE,0,-1
1928,702,AW/RBK/AND1/GT SOCKS,289335,WALL,7,80521,WALL,1,-6
1928,703,POT/HANES SOCKS,315054,WALL,4,128790,WALL,1,-3
1928,704,LICENSE SOCKS,517799,WALL,1,144358,NONE,0,-1
1928,705,WELLNESS SOCKS,146140,WALL,1,164127,NONE,0,-1
1928,710,WORK SOCKS,517800,WALL,1,517800,WALL,1,0
1928,730,YR THERMAL SOCKS,35624,ENDCAP,1,35624,ENDCAP,1,0
1960,104,HANES UW,249916,WALL,6,249916,WALL,6,0
1960,110,FOTL UW,182706,WALL,3,182706,WALL,3,0
1960,111,GEORGE/GILDAN UW,182711,WALL,2,182711,WALL,2,0
1960,112,USPA UW,182796,WALL,1,182796,WALL,1,0
1960,113,WRANGLER UW,182653,NONE,0,182653,NONE,0,0
1960,114,AND1 UW,182671,WALL,2,182671,WALL,2,0
1960,115,AW UW,182676,NONE,0,182676,NONE,0,0
1960,116,REEBOK UW,182681,WALL,1,182681,WALL,1,0
1960,117,HANES PERF UW,182688,WALL,2,182688,WALL,2,0
1960,118,FOTL PERF UW,182694,WALL,1,182694,WALL,1,0
1960,702,AW/RBK/AND1/GT SOCKS,52657,WALL,5,52657,WALL,5,0
1960,703,POT/HANES SOCKS,315031,WALL,2,315031,WALL,2,0
1960,704,LICENSE SOCKS,517799,WALL,1,517799,WALL,1,0
1960,705,WELLNESS SOCKS,146140,WALL,1,146140,WALL,1,0
1960,710,WORK SOCKS,517800,WALL,1,517800,WALL,1,0
1960,730,YR THERMAL SOCKS,35624,ENDCAP,1,35624,ENDCAP,1,0
1985,104,HANES UW,249917,WALL,5,249919,WALL,3,-2
1985,110,FOTL UW,182706,WALL,3,182697,WALL,1,-2
1985,111,GEORGE/GILDAN UW,182711,WALL,2,182726,WALL,3,1
1985,112,USPA UW,182776,NONE,0,182776,NONE,0,0
1985,113,WRANGLER UW,182661,WALL,1,182653,NONE,0,-1
1985,114,AND1 UW,182671,WALL,2,182670,WALL,1,-1
1985,115,AW UW,182679,WALL,1,182676,NONE,0,-1
1985,116,REEBOK UW,182681,WALL,1,182680,NONE,0,-1
1985,117,HANES PERF UW,182687,WALL,1,182685,NONE,0,-1
1985,118,FOTL PERF UW,182693,NONE,0,182693,NONE,0,0
1985,702,AW/RBK/AND1/GT SOCKS,54140,WALL,4,80521,WALL,1,-3
1985,703,POT/HANES SOCKS,315054,WALL,4,128790,WALL,1,-3
1985,704,LICENSE SOCKS,517799,WALL,1,517799,WALL,1,0
1985,705,WELLNESS SOCKS,146140,WALL,1,164127,NONE,0,-1
1985,710,WORK SOCKS,517800,WALL,1,517800,WALL,1,0
1985,730,YR THERMAL SOCKS,6662,NONE,0,6662,NONE,0,0
2023,104,HANES UW,249917,WALL,5,249916,WALL,6,1
2023,110,FOTL UW,182698,WALL,2,182697,WALL,1,-1
2023,111,GEORGE/GILDAN UW,182711,WALL,2,182711,WALL,2,0
2023,112,USPA UW,182776,NONE,0,182776,NONE,0,0
2023,113,WRANGLER UW,182661,WALL,1,182653,NONE,0,-1
2023,114,AND1 UW,182671,WALL,2,182671,WALL,2,0
2023,115,AW UW,182676,NONE,0,182676,NONE,0,0
2023,116,REEBOK UW,182681,WALL,1,182681,WALL,1,0
2023,117,HANES PERF UW,182688,WALL,2,182685,NONE,0,-2
2023,118,FOTL PERF UW,182694,WALL,1,182693,NONE,0,-1
2023,702,AW/RBK/AND1/GT SOCKS,47054,WALL,6,54140,WALL,4,-2
2023,703,POT/HANES SOCKS,315052,WALL,3,315031,WALL,2,-1
2023,704,LICENSE SOCKS,517799,WALL,1,517799,WALL,1,0
2023,705,WELLNESS SOCKS,146140,WALL,1,164127,NONE,0,-1
2023,710,WORK SOCKS,517800,WALL,1,517800,WALL,1,0
2023,730,YR THERMAL SOCKS,35624,ENDCAP,1,35624,ENDCAP,1,0
2249,104,HANES UW,249917,WALL,5,249916,WALL,6,1
2249,110,FOTL UW,182698,WALL,2,182697,WALL,1,-1
2249,111,GEORGE/GILDAN UW,182711,WALL,2,182726,WALL,3,1
2249,112,USPA UW,182776,NONE,0,182776,NONE,0,0
2249,113,WRANGLER UW,182661,WALL,1,182653,NONE,0,-1
2249,114,AND1 UW,182671,WALL,2,182671,WALL,2,0
2249,115,AW UW,182679,WALL,1,182676,NONE,0,-1
2249,116,REEBOK UW,182681,WALL,1,182683,WALL,2,1
2249,117,HANES PERF UW,182687,WALL,1,182685,NONE,0,-1
2249,118,FOTL PERF UW,182694,WALL,1,182693,NONE,0,-1
2249,702,AW/RBK/AND1/GT SOCKS,47054,WALL,6,289335,WALL,7,1
2249,703,POT/HANES SOCKS,315052,WALL,3,315052,WALL,3,0
2249,704,LICENSE SOCKS,517799,WALL,1,517799,WALL,1,0
2249,705,WELLNESS SOCKS,146140,WALL,1,164127,NONE,0,-1
2249,710,WORK SOCKS,517800,WALL,1,517800,WALL,1,0
2249,730,YR THERMAL SOCKS,35624,ENDCAP,1,35624,ENDCAP,1,0
2307,104,HANES UW,289320,WALL,8,249918,WALL,4,-4
2307,110,FOTL UW,182706,WALL,3,182698,WALL,2,-1
2307,111,GEORGE/GILDAN UW,182711,WALL,2,182726,WALL,3,1
2307,112,USPA UW,182776,NONE,0,182776,NONE,0,0
2307,113,WRANGLER UW,182661,WALL,1,182653,NONE,0,-1
2307,114,AND1 UW,182671,WALL,2,182670,WALL,1,-1
2307,115,AW UW,182676,NONE,0,182676,NONE,0,0
2307,116,REEBOK UW,182681,WALL,1,182680,NONE,0,-1
2307,117,HANES PERF UW,182692,WALL,3,182685,NONE,0,-3
2307,118,FOTL PERF UW,182694,WALL,1,182693,NONE,0,-1
2307,702,AW/RBK/AND1/GT SOCKS,47054,WALL,6,66856,WALL,2,-4
2307,703,POT/HANES SOCKS,315031,WALL,2,315031,WALL,2,0
2307,704,LICENSE SOCKS,517799,WALL,1,144358,NONE,0,-1
2307,705,WELLNESS SOCKS,146140,WALL,1,164127,NONE,0,-1
2307,710,WORK SOCKS,517800,WALL,1,517800,WALL,1,0
2307,730,YR THERMAL SOCKS,35624,ENDCAP,1,35624,ENDCAP,1,0
2579,104,HANES UW,249916,WALL,6,249917,WALL,5,-1
2579,110,FOTL UW,182698,WALL,2,182698,WALL,2,0
2579,111,GEORGE/GILDAN UW,182711,WALL,2,182711,WALL,2,0
2579,112,USPA UW,182776,NONE,0,182776,NONE,0,0
2579,113,WRANGLER UW,182661,WALL,1,182661,WALL,1,0
2579,114,AND1 UW,182671,WALL,2,182671,WALL,2,0
2579,115,AW UW,182679,WALL,1,182679,WALL,1,0
2579,116,REEBOK UW,182681,WALL,1,182681,WALL,1,0
2579,117,HANES PERF UW,182688,WALL,2,182688,WALL,2,0
2579,118,FOTL PERF UW,182693,NONE,0,182693,NONE,0,0
2579,702,AW/RBK/AND1/GT SOCKS,52657,WALL,5,66856,WALL,2,-3
2579,703,POT/HANES SOCKS,315052,WALL,3,128790,WALL,1,-2
2579,704,LICENSE SOCKS,517799,WALL,1,517799,WALL,1,0
2579,705,WELLNESS SOCKS,146140,WALL,1,146140,WALL,1,0
2579,710,WORK SOCKS,517800,WALL,1,517800,WALL,1,0
2579,730,YR THERMAL SOCKS,35624,ENDCAP,1,35624,ENDCAP,1,0
2595,104,HANES UW,249916,WALL,6,249916,WALL,6,0
2595,110,FOTL UW,182706,WALL,3,182695,NONE,0,-3
2595,111,GEORGE/GILDAN UW,182711,WALL,2,182707,NONE,0,-2
2595,112,USPA UW,182776,NONE,0,182776,NONE,0,0
2595,113,WRANGLER UW,182661,WALL,1,182653,NONE,0,-1
2595,114,AND1 UW,182671,WALL,2,182670,WALL,1,-1
2595,115,AW UW,182679,WALL,1,182676,NONE,0,-1
2595,116,REEBOK UW,182681,WALL,1,182681,WALL,1,0
2595,117,HANES PERF UW,182692,WALL,3,182685,NONE,0,-3
2595,118,FOTL PERF UW,182693,NONE,0,182693,NONE,0,0
2595,702,AW/RBK/AND1/GT SOCKS,289335,WALL,7,57730,WALL,3,-4
2595,703,POT/HANES SOCKS,315054,WALL,4,315031,WALL,2,-2
2595,704,LICENSE SOCKS,517799,WALL,1,144358,NONE,0,-1
2595,705,WELLNESS SOCKS,146140,WALL,1,164127,NONE,0,-1
2595,710,WORK SOCKS,517800,WALL,1,517800,WALL,1,0
2595,730,YR THERMAL SOCKS,35624,ENDCAP,1,35624,ENDCAP,1,0
2768,104,HANES UW,249917,WALL,5,249918,WALL,4,-1
2768,110,FOTL UW,182706,WALL,3,182697,WALL,1,-2
2768,111,GEORGE/GILDAN UW,182711,WALL,2,182726,WALL,3,1
2768,112,USPA UW,182776,NONE,0,182776,NONE,0,0
2768,113,WRANGLER UW,182661,WALL,1,182653,NONE,0,-1
2768,114,AND1 UW,182671,WALL,2,182670,WALL,1,-1
2768,115,AW UW,182679,WALL,1,182676,NONE,0,-1
2768,116,REEBOK UW,182681,WALL,1,182680,NONE,0,-1
2768,117,HANES PERF UW,182687,WALL,1,182685,NONE,0,-1
2768,118,FOTL PERF UW,182693,NONE,0,182693,NONE,0,0
2768,702,AW/RBK/AND1/GT SOCKS,289335,WALL,7,66856,WALL,2,-5
2768,703,POT/HANES SOCKS,315054,WALL,4,315031,WALL,2,-2
2768,704,LICENSE SOCKS,517799,WALL,1,144358,NONE,0,-1
2768,705,WELLNESS SOCKS,146140,WALL,1,164127,NONE,0,-1
2768,710,WORK SOCKS,517800,WALL,1,517800,WALL,1,0
2768,730,YR THERMAL SOCKS,6662,NONE,0,6662,NONE,0,0
3182,104,HANES UW,249917,WALL,5,249917,WALL,5,0
3182,110,FOTL UW,182698,WALL,2,182695,NONE,0,-2
3182,111,GEORGE/GILDAN UW,182711,WALL,2,182707,NONE,0,-2
3182,112,USPA UW,182776,NONE,0,182776,NONE,0,0
3182,113,WRANGLER UW,182661,WALL,1,182653,NONE,0,-1
3182,114,AND1 UW,182671,WALL,2,182670,WALL,1,-1
3182,115,AW UW,182676,NONE,0,182676,NONE,0,0
3182,116,REEBOK UW,182681,WALL,1,182681,WALL,1,0
3182,117,HANES PERF UW,182688,WALL,2,182685,NONE,0,-2
3182,118,FOTL PERF UW,182693,NONE,0,182693,NONE,0,0
3182,702,AW/RBK/AND1/GT SOCKS,57730,WALL,3,66856,WALL,2,-1
3182,703,POT/HANES SOCKS,315031,WALL,2,315031,WALL,2,0
3182,704,LICENSE SOCKS,517799,WALL,1,144358,NONE,0,-1
3182,705,WELLNESS SOCKS,146140,WALL,1,164127,NONE,0,-1
3182,710,WORK SOCKS,517800,WALL,1,517800,WALL,1,0
3182,730,YR THERMAL SOCKS,35624,ENDCAP,1,35624,ENDCAP,1,0
3229,104,HANES UW,249915,WALL,7,249918,WALL,4,-3
3229,110,FOTL UW,182698,WALL,2,182698,WALL,2,0
3229,111,GEORGE/GILDAN UW,182711,WALL,2,182726,WALL,3,1
3229,112,USPA UW,182776,NONE,0,182776,NONE,0,0
3229,113,WRANGLER UW,182661,WALL,1,182653,NONE,0,-1
3229,114,AND1 UW,182671,WALL,2,182670,WALL,1,-1
3229,115,AW UW,182679,WALL,1,182676,NONE,0,-1
3229,116,REEBOK UW,182681,WALL,1,182680,NONE,0,-1
3229,117,HANES PERF UW,182688,WALL,2,182685,NONE,0,-2
3229,118,FOTL PERF UW,182693,NONE,0,182693,NONE,0,0
3229,702,AW/RBK/AND1/GT SOCKS,289335,WALL,7,66856,WALL,2,-5
3229,703,POT/HANES SOCKS,315054,WALL,4,128790,WALL,1,-3
3229,704,LICENSE SOCKS,517799,WALL,1,144358,NONE,0,-1
3229,705,WELLNESS SOCKS,146140,WALL,1,164127,NONE,0,-1
3229,710,WORK SOCKS,517800,WALL,1,517800,WALL,1,0
3229,730,YR THERMAL SOCKS,35624,ENDCAP,1,35624,ENDCAP,1,0
3285,104,HANES UW,249916,WALL,6,249916,WALL,6,0
3285,110,FOTL UW,182706,WALL,3,182706,WALL,3,0
3285,111,GEORGE/GILDAN UW,182711,WALL,2,182711,WALL,2,0
3285,112,USPA UW,182776,NONE,0,182776,NONE,0,0
3285,113,WRANGLER UW,182661,WALL,1,182661,WALL,1,0
3285,114,AND1 UW,182671,WALL,2,182671,WALL,2,0
3285,115,AW UW,182679,WALL,1,182679,WALL,1,0
3285,116,REEBOK UW,182681,WALL,1,182681,WALL,1,0
3285,117,HANES PERF UW,182687,WALL,1,182687,WALL,1,0
3285,118,FOTL PERF UW,182694,WALL,1,182694,WALL,1,0
3285,702,AW/RBK/AND1/GT SOCKS,47054,WALL,6,47054,WALL,6,0
3285,703,POT/HANES SOCKS,315052,WALL,3,315052,WALL,3,0
3285,704,LICENSE SOCKS,517799,WALL,1,517799,WALL,1,0
3285,705,WELLNESS SOCKS,146140,WALL,1,146140,WALL,1,0
3285,710,WORK SOCKS,517800,WALL,1,517800,WALL,1,0
3285,730,YR THERMAL SOCKS,35624,ENDCAP,1,35624,ENDCAP,1,0
3309,104,HANES UW,249917,WALL,5,249917,WALL,5,0
3309,110,FOTL UW,182698,WALL,2,182695,NONE,0,-2
3309,111,GEORGE/GILDAN UW,182711,WALL,2,182726,WALL,3,1
3309,112,USPA UW,182796,WALL,1,182776,NONE,0,-1
3309,113,WRANGLER UW,182653,NONE,0,182653,NONE,0,0
3309,114,AND1 UW,182671,WALL,2,182670,WALL,1,-1
3309,115,AW UW,182676,NONE,0,182676,NONE,0,0
3309,116,REEBOK UW,182681,WALL,1,182680,NONE,0,-1
3309,117,HANES PERF UW,182688,WALL,2,182685,NONE,0,-2
3309,118,FOTL PERF UW,182694,WALL,1,182693,NONE,0,-1
3309,702,AW/RBK/AND1/GT SOCKS,47054,WALL,6,57730,WALL,3,-3
3309,703,POT/HANES SOCKS,315052,WALL,3,128790,WALL,1,-2
3309,704,LICENSE SOCKS,517799,WALL,1,144358,NONE,0,-1
3309,705,WELLNESS SOCKS,146140,WALL,1,164127,NONE,0,-1
3309,710,WORK SOCKS,517800,WALL,1,517800,WALL,1,0
3309,730,YR THERMAL SOCKS,6662,NONE,0,6662,NONE,0,0
3336,104,HANES UW,249918,WALL,4,249921,WALL,2,-2
3336,110,FOTL UW,182697,WALL,1,182695,NONE,0,-1
3336,111,GEORGE/GILDAN UW,182711,WALL,2,182710,WALL,1,-1
3336,112,USPA UW,182776,NONE,0,182776,NONE,0,0
3336,113,WRANGLER UW,182661,WALL,1,182653,NONE,0,-1
3336,114,AND1 UW,182670,WALL,1,182670,WALL,1,0
3336,115,AW UW,182679,WALL,1,182676,NONE,0,-1
3336,116,REEBOK UW,182681,WALL,1,182680,NONE,0,-1
3336,117,HANES PERF UW,182687,WALL,1,182685,NONE,0,-1
3336,118,FOTL PERF UW,182693,NONE,0,182693,NONE,0,0
3336,702,AW/RBK/AND1/GT SOCKS,66856,WALL,2,66856,WALL,2,0
3336,703,POT/HANES SOCKS,128790,WALL,1,315031,WALL,2,1
3336,704,LICENSE SOCKS,517799,WALL,1,144358,NONE,0,-1
3336,705,WELLNESS SOCKS,146140,WALL,1,164127,NONE,0,-1
3336,710,WORK SOCKS,517800,WALL,1,517800,WALL,1,0
3336,730,YR THERMAL SOCKS,35624,ENDCAP,1,35624,ENDCAP,1,0
3367,104,HANES UW,249917,WALL,5,249918,WALL,4,-1
3367,110,FOTL UW,182706,WALL,3,182698,WALL,2,-1
3367,111,GEORGE/GILDAN UW,182726,WALL,3,182726,WALL,3,0
3367,112,USPA UW,182776,NONE,0,182776,NONE,0,0
3367,113,WRANGLER UW,182661,WALL,1,182653,NONE,0,-1
3367,114,AND1 UW,182671,WALL,2,182670,WALL,1,-1
3367,115,AW UW,182679,WALL,1,182676,NONE,0,-1
3367,116,REEBOK UW,182681,WALL,1,182680,NONE,0,-1
3367,117,HANES PERF UW,182687,WALL,1,182685,NONE,0,-1
3367,118,FOTL PERF UW,182693,NONE,0,182693,NONE,0,0
3367,702,AW/RBK/AND1/GT SOCKS,289335,WALL,7,66856,WALL,2,-5
3367,703,POT/HANES SOCKS,315054,WALL,4,128790,WALL,1,-3
3367,704,LICENSE SOCKS,517799,WALL,1,144358,NONE,0,-1
3367,705,WELLNESS SOCKS,146140,WALL,1,164127,NONE,0,-1
3367,710,WORK SOCKS,517800,WALL,1,517800,WALL,1,0
3367,730,YR THERMAL SOCKS,35624,ENDCAP,1,35624,ENDCAP,1,0
3502,104,HANES UW,249917,WALL,5,249918,WALL,4,-1
3502,110,FOTL UW,182698,WALL,2,182697,WALL,1,-1
3502,111,GEORGE/GILDAN UW,182711,WALL,2,182726,WALL,3,1
3502,112,USPA UW,182776,NONE,0,182776,NONE,0,0
3502,113,WRANGLER UW,182653,NONE,0,182653,NONE,0,0
3502,114,AND1 UW,182671,WALL,2,182670,WALL,1,-1
3502,115,AW UW,182679,WALL,1,182676,NONE,0,-1
3502,116,REEBOK UW,182681,WALL,1,182680,NONE,0,-1
3502,117,HANES PERF UW,182687,WALL,1,182685,NONE,0,-1
3502,118,FOTL PERF UW,182693,NONE,0,182693,NONE,0,0
3502,702,AW/RBK/AND1/GT SOCKS,289335,WALL,7,66856,WALL,2,-5
3502,703,POT/HANES SOCKS,315031,WALL,2,128790,WALL,1,-1
3502,704,LICENSE SOCKS,517799,WALL,1,144358,NONE,0,-1
3502,705,WELLNESS SOCKS,146140,WALL,1,164127,NONE,0,-1
3502,710,WORK SOCKS,517800,WALL,1,517800,WALL,1,0
3502,730,YR THERMAL SOCKS,35624,ENDCAP,1,35624,ENDCAP,1,0
3585,104,HANES UW,249918,WALL,4,249918,WALL,4,0
3585,110,FOTL UW,182697,WALL,1,182695,NONE,0,-1
3585,111,GEORGE/GILDAN UW,182711,WALL,2,182711,WALL,2,0
3585,112,USPA UW,182796,WALL,1,182776,NONE,0,-1
3585,113,WRANGLER UW,182653,NONE,0,182653,NONE,0,0
3585,114,AND1 UW,182670,WALL,1,182670,WALL,1,0
3585,115,AW UW,182679,WALL,1,182676,NONE,0,-1
3585,116,REEBOK UW,182681,WALL,1,182680,NONE,0,-1
3585,117,HANES PERF UW,182687,WALL,1,182685,NONE,0,-1
3585,118,FOTL PERF UW,182693,NONE,0,182693,NONE,0,0
3585,702,AW/RBK/AND1/GT SOCKS,52657,WALL,5,66856,WALL,2,-3
3585,703,POT/HANES SOCKS,315054,WALL,4,128790,WALL,1,-3
3585,704,LICENSE SOCKS,517799,WALL,1,144358,NONE,0,-1
3585,705,WELLNESS SOCKS,146140,WALL,1,164127,NONE,0,-1
3585,710,WORK SOCKS,517800,WALL,1,517800,WALL,1,0
3585,730,YR THERMAL SOCKS,35624,ENDCAP,1,35624,ENDCAP,1,0
3626,104,HANES UW,249915,WALL,7,249918,WALL,4,-3
3626,110,FOTL UW,182706,WALL,3,182698,WALL,2,-1
3626,111,GEORGE/GILDAN UW,182711,WALL,2,182711,WALL,2,0
3626,112,USPA UW,182796,WALL,1,182776,NONE,0,-1
3626,113,WRANGLER UW,182653,NONE,0,182653,NONE,0,0
3626,114,AND1 UW,182671,WALL,2,182670,WALL,1,-1
3626,115,AW UW,182679,WALL,1,182676,NONE,0,-1
3626,116,REEBOK UW,182681,WALL,1,182680,NONE,0,-1
3626,117,HANES PERF UW,182692,WALL,3,182685,NONE,0,-3
3626,118,FOTL PERF UW,182693,NONE,0,182693,NONE,0,0
3626,702,AW/RBK/AND1/GT SOCKS,289335,WALL,7,54140,WALL,4,-3
3626,703,POT/HANES SOCKS,315031,WALL,2,128790,WALL,1,-1
3626,704,LICENSE SOCKS,517799,WALL,1,517799,WALL,1,0
3626,705,WELLNESS SOCKS,146140,WALL,1,164127,NONE,0,-1
3626,710,WORK SOCKS,517800,WALL,1,517800,WALL,1,0
3626,730,YR THERMAL SOCKS,35624,ENDCAP,1,35624,ENDCAP,1,0
3773,104,HANES UW,249917,WALL,5,249916,WALL,6,1
3773,110,FOTL UW,182698,WALL,2,182695,NONE,0,-2
3773,111,GEORGE/GILDAN UW,182711,WALL,2,182711,WALL,2,0
3773,112,USPA UW,182776,NONE,0,182776,NONE,0,0
3773,113,WRANGLER UW,182661,WALL,1,182653,NONE,0,-1
3773,114,AND1 UW,182671,WALL,2,182670,WALL,1,-1
3773,115,AW UW,182676,NONE,0,182676,NONE,0,0
3773,116,REEBOK UW,182681,WALL,1,182681,WALL,1,0
3773,117,HANES PERF UW,182688,WALL,2,182685,NONE,0,-2
3773,118,FOTL PERF UW,182694,WALL,1,182693,NONE,0,-1
3773,702,AW/RBK/AND1/GT SOCKS,52657,WALL,5,54140,WALL,4,-1
3773,703,POT/HANES SOCKS,315052,WALL,3,315031,WALL,2,-1
3773,704,LICENSE SOCKS,517799,WALL,1,144358,NONE,0,-1
3773,705,WELLNESS SOCKS,146140,WALL,1,164127,NONE,0,-1
3773,710,WORK SOCKS,517800,WALL,1,517800,WALL,1,0
3773,730,YR THERMAL SOCKS,35624,ENDCAP,1,35624,ENDCAP,1,0
3789,104,HANES UW,249918,WALL,4,249918,WALL,4,0
3789,110,FOTL UW,182697,WALL,1,182697,WALL,1,0
3789,111,GEORGE/GILDAN UW,182711,WALL,2,182711,WALL,2,0
3789,112,USPA UW,182776,NONE,0,182776,NONE,0,0
3789,113,WRANGLER UW,182661,WALL,1,182661,WALL,1,0
3789,114,AND1 UW,182670,WALL,1,182670,WALL,1,0
3789,115,AW UW,182679,WALL,1,182679,WALL,1,0
3789,116,REEBOK UW,182681,WALL,1,182681,WALL,1,0
3789,117,HANES PERF UW,182687,WALL,1,182687,WALL,1,0
3789,118,FOTL PERF UW,182693,NONE,0,182693,NONE,0,0
3789,702,AW/RBK/AND1/GT SOCKS,57730,WALL,3,57730,WALL,3,0
3789,703,POT/HANES SOCKS,128790,WALL,1,128790,WALL,1,0
3789,704,LICENSE SOCKS,517799,WALL,1,517799,WALL,1,0
3789,705,WELLNESS SOCKS,146140,WALL,1,146140,WALL,1,0
3789,710,WORK SOCKS,517800,WALL,1,517800,WALL,1,0
3789,730,YR THERMAL SOCKS,35624,ENDCAP,1,35624,ENDCAP,1,0
3889,104,HANES UW,249918,WALL,4,249918,WALL,4,0
3889,110,FOTL UW,182698,WALL,2,182695,NONE,0,-2
3889,111,GEORGE/GILDAN UW,182710,WALL,1,182710,WALL,1,0
3889,112,USPA UW,182776,NONE,0,182776,NONE,0,0
3889,113,WRANGLER UW,182653,NONE,0,182653,NONE,0,0
3889,114,AND1 UW,182670,WALL,1,182670,WALL,1,0
3889,115,AW UW,182679,WALL,1,182676,NONE,0,-1
3889,116,REEBOK UW,182681,WALL,1,182681,WALL,1,0
3889,117,HANES PERF UW,182685,NONE,0,182685,NONE,0,0
3889,118,FOTL PERF UW,182693,NONE,0,182693,NONE,0,0
3889,702,AW/RBK/AND1/GT SOCKS,52657,WALL,5,80521,WALL,1,-4
3889,703,POT/HANES SOCKS,315031,WALL,2,128790,WALL,1,-1
3889,704,LICENSE SOCKS,517799,WALL,1,144358,NONE,0,-1
3889,705,WELLNESS SOCKS,146140,WALL,1,164127,NONE,0,-1
3889,710,WORK SOCKS,517800,WALL,1,517800,WALL,1,0
3889,730,YR THERMAL SOCKS,35624,ENDCAP,1,35624,ENDCAP,1,0
4195,104,HANES UW,249918,WALL,4,249917,WALL,5,1
4195,110,FOTL UW,182698,WALL,2,182695,NONE,0,-2
4195,111,GEORGE/GILDAN UW,182710,WALL,1,182707,NONE,0,-1
4195,112,USPA UW,182776,NONE,0,182776,NONE,0,0
4195,113,WRANGLER UW,182653,NONE,0,182653,NONE,0,0
4195,114,AND1 UW,182670,WALL,1,182670,WALL,1,0
4195,115,AW UW,182679,WALL,1,182676,NONE,0,-1
4195,116,REEBOK UW,182681,WALL,1,182681,WALL,1,0
4195,117,HANES PERF UW,182685,NONE,0,182685,NONE,0,0
4195,118,FOTL PERF UW,182693,NONE,0,182693,NONE,0,0
4195,702,AW/RBK/AND1/GT SOCKS,52657,WALL,5,57730,WALL,3,-2
4195,703,POT/HANES SOCKS,315031,WALL,2,315031,WALL,2,0
4195,704,LICENSE SOCKS,517799,WALL,1,144358,NONE,0,-1
4195,705,WELLNESS SOCKS,146140,WALL,1,164127,NONE,0,-1
4195,710,WORK SOCKS,517800,WALL,1,517800,WALL,1,0
4195,730,YR THERMAL SOCKS,6662,NONE,0,6662,NONE,0,0
4260,104,HANES UW,249916,WALL,6,249918,WALL,4,-2
4260,110,FOTL UW,182706,WALL,3,182697,WALL,1,-2
4260,111,GEORGE/GILDAN UW,182711,WALL,2,182726,WALL,3,1
4260,112,USPA UW,182776,NONE,0,182776,NONE,0,0
4260,113,WRANGLER UW,182661,WALL,1,182653,NONE,0,-1
4260,114,AND1 UW,182671,WALL,2,182670,WALL,1,-1
4260,115,AW UW,182679,WALL,1,182676,NONE,0,-1
4260,116,REEBOK UW,182681,WALL,1,182680,NONE,0,-1
4260,117,HANES PERF UW,182687,WALL,1,182685,NONE,0,-1
4260,118,FOTL PERF UW,182694,WALL,1,182693,NONE,0,-1
4260,702,AW/RBK/AND1/GT SOCKS,289335,WALL,7,66856,WALL,2,-5
4260,703,POT/HANES SOCKS,315031,WALL,2,315031,WALL,2,0
4260,704,LICENSE SOCKS,517799,WALL,1,144358,NONE,0,-1
4260,705,WELLNESS SOCKS,146140,WALL,1,164127,NONE,0,-1
4260,710,WORK SOCKS,517800,WALL,1,517800,WALL,1,0
4260,730,YR THERMAL SOCKS,6662,NONE,0,6662,NONE,0,0
4341,104,HANES UW,249917,WALL,5,249921,WALL,2,-3
4341,110,FOTL UW,182698,WALL,2,182698,WALL,2,0
4341,111,GEORGE/GILDAN UW,182711,WALL,2,182711,WALL,2,0
4341,112,USPA UW,182776,NONE,0,182776,NONE,0,0
4341,113,WRANGLER UW,182661,WALL,1,182661,WALL,1,0
4341,114,AND1 UW,182670,WALL,1,182670,WALL,1,0
4341,115,AW UW,182676,NONE,0,182676,NONE,0,0
4341,116,REEBOK UW,182681,WALL,1,182681,WALL,1,0
4341,117,HANES PERF UW,182688,WALL,2,182688,WALL,2,0
4341,118,FOTL PERF UW,182693,NONE,0,182693,NONE,0,0
4341,702,AW/RBK/AND1/GT SOCKS,66856,WALL,2,80521,WALL,1,-1
4341,703,POT/HANES SOCKS,315031,WALL,2,128790,WALL,1,-1
4341,704,LICENSE SOCKS,144358,NONE,0,144358,NONE,0,0
4341,705,WELLNESS SOCKS,146140,WALL,1,146140,WALL,1,0
4341,710,WORK SOCKS,517800,WALL,1,517800,WALL,1,0
4341,730,YR THERMAL SOCKS,35624,ENDCAP,1,35624,ENDCAP,1,0
4358,104,HANES UW,249917,WALL,5,249918,WALL,4,-1
4358,110,FOTL UW,182698,WALL,2,182698,WALL,2,0
4358,111,GEORGE/GILDAN UW,182711,WALL,2,182726,WALL,3,1
4358,112,USPA UW,182776,NONE,0,182776,NONE,0,0
4358,113,WRANGLER UW,182661,WALL,1,182653,NONE,0,-1
4358,114,AND1 UW,182671,WALL,2,182670,WALL,1,-1
4358,115,AW UW,182676,NONE,0,182676,NONE,0,0
4358,116,REEBOK UW,182683,WALL,2,182680,NONE,0,-2
4358,117,HANES PERF UW,182687,WALL,1,182685,NONE,0,-1
4358,118,FOTL PERF UW,182694,WALL,1,182693,NONE,0,-1
4358,702,AW/RBK/AND1/GT SOCKS,47054,WALL,6,80521,WALL,1,-5
4358,703,POT/HANES SOCKS,315052,WALL,3,128790,WALL,1,-2
4358,704,LICENSE SOCKS,517799,WALL,1,144358,NONE,0,-1
4358,705,WELLNESS SOCKS,146140,WALL,1,164127,NONE,0,-1
4358,710,WORK SOCKS,517800,WALL,1,517800,WALL,1,0
4358,730,YR THERMAL SOCKS,35624,ENDCAP,1,35624,ENDCAP,1,0
4417,104,HANES UW,249918,WALL,4,249916,WALL,6,2
4417,110,FOTL UW,182698,WALL,2,182695,NONE,0,-2
4417,111,GEORGE/GILDAN UW,182711,WALL,2,182710,WALL,1,-1
4417,112,USPA UW,182776,NONE,0,182776,NONE,0,0
4417,113,WRANGLER UW,182653,NONE,0,182653,NONE,0,0
4417,114,AND1 UW,182670,WALL,1,182670,WALL,1,0
4417,115,AW UW,182679,WALL,1,182676,NONE,0,-1
4417,116,REEBOK UW,182681,WALL,1,182681,WALL,1,0
4417,117,HANES PERF UW,182687,WALL,1,182685,NONE,0,-1
4417,118,FOTL PERF UW,182693,NONE,0,182693,NONE,0,0
4417,702,AW/RBK/AND1/GT SOCKS,54140,WALL,4,54140,WALL,4,0
4417,703,POT/HANES SOCKS,315031,WALL,2,315031,WALL,2,0
4417,704,LICENSE SOCKS,517799,WALL,1,144358,NONE,0,-1
4417,705,WELLNESS SOCKS,146140,WALL,1,164127,NONE,0,-1
4417,710,WORK SOCKS,517800,WALL,1,517800,WALL,1,0
4417,730,YR THERMAL SOCKS,35624,ENDCAP,1,35624,ENDCAP,1,0
4477,104,HANES UW,249918,WALL,4,249916,WALL,6,2
4477,110,FOTL UW,182698,WALL,2,182695,NONE,0,-2
4477,111,GEORGE/GILDAN UW,182711,WALL,2,182711,WALL,2,0
4477,112,USPA UW,182776,NONE,0,182776,NONE,0,0
4477,113,WRANGLER UW,182653,NONE,0,182653,NONE,0,0
4477,114,AND1 UW,182670,WALL,1,182670,WALL,1,0
4477,115,AW UW,182676,NONE,0,182676,NONE,0,0
4477,116,REEBOK UW,182681,WALL,1,182681,WALL,1,0
4477,117,HANES PERF UW,182688,WALL,2,182685,NONE,0,-2
4477,118,FOTL PERF UW,182693,NONE,0,182693,NONE,0,0
4477,702,AW/RBK/AND1/GT SOCKS,54140,WALL,4,57730,WALL,3,-1
4477,703,POT/HANES SOCKS,128790,WALL,1,315031,WALL,2,1
4477,704,LICENSE SOCKS,517799,WALL,1,144358,NONE,0,-1
4477,705,WELLNESS SOCKS,146140,WALL,1,164127,NONE,0,-1
4477,710,WORK SOCKS,517800,WALL,1,517800,WALL,1,0
4477,730,YR THERMAL SOCKS,35624,ENDCAP,1,35624,ENDCAP,1,0
4503,104,HANES UW,249916,WALL,6,249918,WALL,4,-2
4503,110,FOTL UW,182706,WALL,3,182695,NONE,0,-3
4503,111,GEORGE/GILDAN UW,182711,WALL,2,182726,WALL,3,1
4503,112,USPA UW,182796,WALL,1,182776,NONE,0,-1
4503,113,WRANGLER UW,182653,NONE,0,182653,NONE,0,0
4503,114,AND1 UW,182671,WALL,2,182670,WALL,1,-1
4503,115,AW UW,182676,NONE,0,182676,NONE,0,0
4503,116,REEBOK UW,182681,WALL,1,182680,NONE,0,-1
4503,117,HANES PERF UW,182688,WALL,2,182685,NONE,0,-2
4503,118,FOTL PERF UW,182694,WALL,1,182693,NONE,0,-1
4503,702,AW/RBK/AND1/GT SOCKS,52657,WALL,5,54140,WALL,4,-1
4503,703,POT/HANES SOCKS,315054,WALL,4,128790,WALL,1,-3
4503,704,LICENSE SOCKS,517799,WALL,1,144358,NONE,0,-1
4503,705,WELLNESS SOCKS,146140,WALL,1,164127,NONE,0,-1
4503,710,WORK SOCKS,517800,WALL,1,517800,WALL,1,0
4503,730,YR THERMAL SOCKS,35624,ENDCAP,1,35624,ENDCAP,1,0
5029,104,HANES UW,249917,WALL,5,249918,WALL,4,-1
5029,110,FOTL UW,182698,WALL,2,182697,WALL,1,-1
5029,111,GEORGE/GILDAN UW,182711,WALL,2,182726,WALL,3,1
5029,112,USPA UW,182776,NONE,0,182776,NONE,0,0
5029,113,WRANGLER UW,182661,WALL,1,182653,NONE,0,-1
5029,114,AND1 UW,182670,WALL,1,182670,WALL,1,0
5029,115,AW UW,182679,WALL,1,182676,NONE,0,-1
5029,116,REEBOK UW,182681,WALL,1,182680,NONE,0,-1
5029,117,HANES PERF UW,182687,WALL,1,182685,NONE,0,-1
5029,118,FOTL PERF UW,182693,NONE,0,182693,NONE,0,0
5029,702,AW/RBK/AND1/GT SOCKS,47054,WALL,6,80521,WALL,1,-5
5029,703,POT/HANES SOCKS,315052,WALL,3,315031,WALL,2,-1
5029,704,LICENSE SOCKS,517799,WALL,1,144358,NONE,0,-1
5029,705,WELLNESS SOCKS,146140,WALL,1,164127,NONE,0,-1
5029,710,WORK SOCKS,517800,WALL,1,517800,WALL,1,0
5029,730,YR THERMAL SOCKS,35624,ENDCAP,1,35624,ENDCAP,1,0
5079,104,HANES UW,249918,WALL,4,249919,WALL,3,-1
5079,110,FOTL UW,182698,WALL,2,182697,WALL,1,-1
5079,111,GEORGE/GILDAN UW,182711,WALL,2,182726,WALL,3,1
5079,112,USPA UW,182776,NONE,0,182776,NONE,0,0
5079,113,WRANGLER UW,182653,NONE,0,182653,NONE,0,0
5079,114,AND1 UW,182670,WALL,1,182670,WALL,1,0
5079,115,AW UW,182676,NONE,0,182676,NONE,0,0
5079,116,REEBOK UW,182681,WALL,1,182680,NONE,0,-1
5079,117,HANES PERF UW,182688,WALL,2,182685,NONE,0,-2
5079,118,FOTL PERF UW,182693,NONE,0,182693,NONE,0,0
5079,702,AW/RBK/AND1/GT SOCKS,289335,WALL,7,80521,WALL,1,-6
5079,703,POT/HANES SOCKS,315031,WALL,2,128790,WALL,1,-1
5079,704,LICENSE SOCKS,517799,WALL,1,144358,NONE,0,-1
5079,705,WELLNESS SOCKS,146140,WALL,1,164127,NONE,0,-1
5079,710,WORK SOCKS,517800,WALL,1,517800,WALL,1,0
5079,730,YR THERMAL SOCKS,6662,NONE,0,6662,NONE,0,0
5091,104,HANES UW,249918,WALL,4,249918,WALL,4,0
5091,110,FOTL UW,182698,WALL,2,182698,WALL,2,0
5091,111,GEORGE/GILDAN UW,182711,WALL,2,182711,WALL,2,0
5091,112,USPA UW,182776,NONE,0,182776,NONE,0,0
5091,113,WRANGLER UW,182653,NONE,0,182653,NONE,0,0
5091,114,AND1 UW,182670,WALL,1,182670,WALL,1,0
5091,115,AW UW,182676,NONE,0,182676,NONE,0,0
5091,116,REEBOK UW,182681,WALL,1,182681,WALL,1,0
5091,117,HANES PERF UW,182685,NONE,0,182685,NONE,0,0
5091,118,FOTL PERF UW,182693,NONE,0,182693,NONE,0,0
5091,702,AW/RBK/AND1/GT SOCKS,52657,WALL,5,52657,WALL,5,0
5091,703,POT/HANES SOCKS,315031,WALL,2,315031,WALL,2,0
5091,704,LICENSE SOCKS,517799,WALL,1,517799,WALL,1,0
5091,705,WELLNESS SOCKS,146140,WALL,1,146140,WALL,1,0
5091,710,WORK SOCKS,517800,WALL,1,517800,WALL,1,0
5091,730,YR THERMAL SOCKS,6662,NONE,0,6662,NONE,0,0
5133,104,HANES UW,249915,WALL,7,249917,WALL,5,-2
5133,110,FOTL UW,182706,WALL,3,182695,NONE,0,-3
5133,111,GEORGE/GILDAN UW,182726,WALL,3,182707,NONE,0,-3
5133,112,USPA UW,182776,NONE,0,182776,NONE,0,0
5133,113,WRANGLER UW,182661,WALL,1,182653,NONE,0,-1
5133,114,AND1 UW,182671,WALL,2,182670,WALL,1,-1
5133,115,AW UW,182679,WALL,1,182676,NONE,0,-1
5133,116,REEBOK UW,182681,WALL,1,182681,WALL,1,0
5133,117,HANES PERF UW,182688,WALL,2,182685,NONE,0,-2
5133,118,FOTL PERF UW,182694,WALL,1,182693,NONE,0,-1
5133,702,AW/RBK/AND1/GT SOCKS,52657,WALL,5,66856,WALL,2,-3
5133,703,POT/HANES SOCKS,315052,WALL,3,315031,WALL,2,-1
5133,704,LICENSE SOCKS,517799,WALL,1,144358,NONE,0,-1
5133,705,WELLNESS SOCKS,146140,WALL,1,164127,NONE,0,-1
5133,710,WORK SOCKS,517800,WALL,1,517800,WALL,1,0
5133,730,YR THERMAL SOCKS,35624,ENDCAP,1,35624,ENDCAP,1,0
5159,104,HANES UW,249916,WALL,6,249916,WALL,6,0
5159,110,FOTL UW,182698,WALL,2,182695,NONE,0,-2
5159,111,GEORGE/GILDAN UW,182711,WALL,2,182707,NONE,0,-2
5159,112,USPA UW,182776,NONE,0,182776,NONE,0,0
5159,113,WRANGLER UW,182661,WALL,1,182653,NONE,0,-1
5159,114,AND1 UW,182671,WALL,2,182670,WALL,1,-1
5159,115,AW UW,182679,WALL,1,182676,NONE,0,-1
5159,116,REEBOK UW,182681,WALL,1,182681,WALL,1,0
5159,117,HANES PERF UW,182688,WALL,2,182685,NONE,0,-2
5159,118,FOTL PERF UW,182693,NONE,0,182693,NONE,0,0
5159,702,AW/RBK/AND1/GT SOCKS,47054,WALL,6,54140,WALL,4,-2
5159,703,POT/HANES SOCKS,315052,WALL,3,315031,WALL,2,-1
5159,704,LICENSE SOCKS,517799,WALL,1,144358,NONE,0,-1
5159,705,WELLNESS SOCKS,146140,WALL,1,164127,NONE,0,-1
5159,710,WORK SOCKS,517800,WALL,1,517800,WALL,1,0
5159,730,YR THERMAL SOCKS,35624,ENDCAP,1,35624,ENDCAP,1,0
5282,104,HANES UW,249918,WALL,4,249917,WALL,5,1
5282,110,FOTL UW,182697,WALL,1,182695,NONE,0,-1
5282,111,GEORGE/GILDAN UW,182711,WALL,2,182707,NONE,0,-2
5282,112,USPA UW,182776,NONE,0,182776,NONE,0,0
5282,113,WRANGLER UW,182653,NONE,0,182653,NONE,0,0
5282,114,AND1 UW,182670,WALL,1,182668,NONE,0,-1
5282,115,AW UW,182676,NONE,0,182676,NONE,0,0
5282,116,REEBOK UW,182681,WALL,1,182681,WALL,1,0
5282,117,HANES PERF UW,182688,WALL,2,182685,NONE,0,-2
5282,118,FOTL PERF UW,182693,NONE,0,182693,NONE,0,0
5282,702,AW/RBK/AND1/GT SOCKS,47054,WALL,6,66856,WALL,2,-4
5282,703,POT/HANES SOCKS,315031,WALL,2,128790,WALL,1,-1
5282,704,LICENSE SOCKS,517799,WALL,1,144358,NONE,0,-1
5282,705,WELLNESS SOCKS,146140,WALL,1,164127,NONE,0,-1
5282,710,WORK SOCKS,517800,WALL,1,517800,WALL,1,0
5282,730,YR THERMAL SOCKS,6662,NONE,0,6662,NONE,0,0
5326,104,HANES UW,249917,WALL,5,249918,WALL,4,-1
5326,110,FOTL UW,182698,WALL,2,182695,NONE,0,-2
5326,111,GEORGE/GILDAN UW,182711,WALL,2,182726,WALL,3,1
5326,112,USPA UW,182796,WALL,1,182776,NONE,0,-1
5326,113,WRANGLER UW,182653,NONE,0,182653,NONE,0,0
5326,114,AND1 UW,182671,WALL,2,182670,WALL,1,-1
5326,115,AW UW,182679,WALL,1,182676,NONE,0,-1
5326,116,REEBOK UW,182681,WALL,1,182680,NONE,0,-1
5326,117,HANES PERF UW,182687,WALL,1,182685,NONE,0,-1
5326,118,FOTL PERF UW,182693,NONE,0,182693,NONE,0,0
5326,702,AW/RBK/AND1/GT SOCKS,47054,WALL,6,66856,WALL,2,-4
5326,703,POT/HANES SOCKS,315052,WALL,3,128790,WALL,1,-2
5326,704,LICENSE SOCKS,517799,WALL,1,144358,NONE,0,-1
5326,705,WELLNESS SOCKS,146140,WALL,1,164127,NONE,0,-1
5326,710,WORK SOCKS,517800,WALL,1,517800,WALL,1,0
5326,730,YR THERMAL SOCKS,6662,NONE,0,6662,NONE,0,0
5341,104,HANES UW,249919,WALL,3,249917,WALL,5,2
5341,110,FOTL UW,182698,WALL,2,182695,NONE,0,-2
5341,111,GEORGE/GILDAN UW,182710,WALL,1,182707,NONE,0,-1
5341,112,USPA UW,182776,NONE,0,182776,NONE,0,0
5341,113,WRANGLER UW,182661,WALL,1,182653,NONE,0,-1
5341,114,AND1 UW,182670,WALL,1,182670,WALL,1,0
5341,115,AW UW,182679,WALL,1,182676,NONE,0,-1
5341,116,REEBOK UW,182681,WALL,1,182681,WALL,1,0
5341,117,HANES PERF UW,182687,WALL,1,182685,NONE,0,-1
5341,118,FOTL PERF UW,182693,NONE,0,182693,NONE,0,0
5341,702,AW/RBK/AND1/GT SOCKS,66856,WALL,2,66856,WALL,2,0
5341,703,POT/HANES SOCKS,128790,WALL,1,128790,WALL,1,0
5341,704,LICENSE SOCKS,517799,WALL,1,144358,NONE,0,-1
5341,705,WELLNESS SOCKS,146140,WALL,1,164127,NONE,0,-1
5341,710,WORK SOCKS,517800,WALL,1,517800,WALL,1,0
5341,730,YR THERMAL SOCKS,35624,ENDCAP,1,35624,ENDCAP,1,0
5432,104,HANES UW,249915,WALL,7,249917,WALL,5,-2
5432,110,FOTL UW,182706,WALL,3,182695,NONE,0,-3
5432,111,GEORGE/GILDAN UW,182726,WALL,3,182707,NONE,0,-3
5432,112,USPA UW,182776,NONE,0,182776,NONE,0,0
5432,113,WRANGLER UW,182662,WALL,2,182653,NONE,0,-2
5432,114,AND1 UW,182671,WALL,2,182670,WALL,1,-1
5432,115,AW UW,182676,NONE,0,182676,NONE,0,0
5432,116,REEBOK UW,182681,WALL,1,182681,WALL,1,0
5432,117,HANES PERF UW,182692,WALL,3,182685,NONE,0,-3
5432,118,FOTL PERF UW,182694,WALL,1,182693,NONE,0,-1
5432,702,AW/RBK/AND1/GT SOCKS,47054,WALL,6,57730,WALL,3,-3
5432,703,POT/HANES SOCKS,315031,WALL,2,315031,WALL,2,0
5432,704,LICENSE SOCKS,517799,WALL,1,144358,NONE,0,-1
5432,705,WELLNESS SOCKS,146140,WALL,1,164127,NONE,0,-1
5432,710,WORK SOCKS,517800,WALL,1,517800,WALL,1,0
5432,730,YR THERMAL SOCKS,35624,ENDCAP,1,35624,ENDCAP,1,0
5472,104,HANES UW,249918,WALL,4,249918,WALL,4,0
5472,110,FOTL UW,182697,WALL,1,182695,NONE,0,-1
5472,111,GEORGE/GILDAN UW,182711,WALL,2,182726,WALL,3,1
5472,112,USPA UW,182776,NONE,0,182776,NONE,0,0
5472,113,WRANGLER UW,182653,NONE,0,182653,NONE,0,0
5472,114,AND1 UW,182670,WALL,1,182670,WALL,1,0
5472,115,AW UW,182679,WALL,1,182676,NONE,0,-1
5472,116,REEBOK UW,182681,WALL,1,182680,NONE,0,-1
5472,117,HANES PERF UW,182687,WALL,1,182685,NONE,0,-1
5472,118,FOTL PERF UW,182693,NONE,0,182693,NONE,0,0
5472,702,AW/RBK/AND1/GT SOCKS,47054,WALL,6,80521,WALL,1,-5
5472,703,POT/HANES SOCKS,315052,WALL,3,128790,WALL,1,-2
5472,704,LICENSE SOCKS,517799,WALL,1,517799,WALL,1,0
5472,705,WELLNESS SOCKS,146140,WALL,1,164127,NONE,0,-1
5472,710,WORK SOCKS,517800,WALL,1,517800,WALL,1,0
5472,730,YR THERMAL SOCKS,35624,ENDCAP,1,35624,ENDCAP,1,0
5476,104,HANES UW,249917,WALL,5,249916,WALL,6,1
5476,110,FOTL UW,182706,WALL,3,182695,NONE,0,-3
5476,111,GEORGE/GILDAN UW,182711,WALL,2,182711,WALL,2,0
5476,112,USPA UW,182776,NONE,0,182776,NONE,0,0
5476,113,WRANGLER UW,182661,WALL,1,182653,NONE,0,-1
5476,114,AND1 UW,182671,WALL,2,182670,WALL,1,-1
5476,115,AW UW,182676,NONE,0,182676,NONE,0,0
5476,116,REEBOK UW,182681,WALL,1,182681,WALL,1,0
5476,117,HANES PERF UW,182687,WALL,1,182685,NONE,0,-1
5476,118,FOTL PERF UW,182693,NONE,0,182693,NONE,0,0
5476,702,AW/RBK/AND1/GT SOCKS,52657,WALL,5,54140,WALL,4,-1
5476,703,POT/HANES SOCKS,315031,WALL,2,315031,WALL,2,0
5476,704,LICENSE SOCKS,517799,WALL,1,517799,WALL,1,0
5476,705,WELLNESS SOCKS,146140,WALL,1,164127,NONE,0,-1
5476,710,WORK SOCKS,517800,WALL,1,517800,WALL,1,0
5476,730,YR THERMAL SOCKS,35624,ENDCAP,1,35624,ENDCAP,1,0
5499,104,HANES UW,249918,WALL,4,249916,WALL,6,2
5499,110,FOTL UW,182697,WALL,1,182695,NONE,0,-1
5499,111,GEORGE/GILDAN UW,182711,WALL,2,182710,WALL,1,-1
5499,112,USPA UW,182776,NONE,0,182776,NONE,0,0
5499,113,WRANGLER UW,182661,WALL,1,182653,NONE,0,-1
5499,114,AND1 UW,182670,WALL,1,182670,WALL,1,0
5499,115,AW UW,182679,WALL,1,182676,NONE,0,-1
5499,116,REEBOK UW,182681,WALL,1,182681,WALL,1,0
5499,117,HANES PERF UW,182687,WALL,1,182685,NONE,0,-1
5499,118,FOTL PERF UW,182693,NONE,0,182693,NONE,0,0
5499,702,AW/RBK/AND1/GT SOCKS,52657,WALL,5,57730,WALL,3,-2
5499,703,POT/HANES SOCKS,315054,WALL,4,315031,WALL,2,-2
5499,704,LICENSE SOCKS,517799,WALL,1,144358,NONE,0,-1
5499,705,WELLNESS SOCKS,146140,WALL,1,164127,NONE,0,-1
5499,710,WORK SOCKS,517800,WALL,1,517800,WALL,1,0
5499,730,YR THERMAL SOCKS,35624,ENDCAP,1,35624,ENDCAP,1,0
5676,104,HANES UW,249921,WALL,2,NONE,NONE,0,-2
5676,110,FOTL UW,182697,WALL,1,182697,WALL,1,0
5676,111,GEORGE/GILDAN UW,182711,WALL,2,182710,WALL,1,-1
5676,112,USPA UW,182776,NONE,0,182776,NONE,0,0
5676,113,WRANGLER UW,182653,NONE,0,182653,NONE,0,0
5676,114,AND1 UW,182670,WALL,1,182670,WALL,1,0
5676,115,AW UW,182676,NONE,0,182676,NONE,0,0
5676,116,REEBOK UW,182681,WALL,1,182681,WALL,1,0
5676,117,HANES PERF UW,182687,WALL,1,182687,WALL,1,0
5676,118,FOTL PERF UW,182693,NONE,0,182693,NONE,0,0
5676,702,AW/RBK/AND1/GT SOCKS,54140,WALL,4,80521,WALL,1,-3
5676,703,POT/HANES SOCKS,315031,WALL,2,128790,WALL,1,-1
5676,704,LICENSE SOCKS,517799,WALL,1,517799,WALL,1,0
5676,705,WELLNESS SOCKS,146140,WALL,1,146140,WALL,1,0
5676,710,WORK SOCKS,517800,WALL,1,517800,WALL,1,0
5676,730,YR THERMAL SOCKS,35624,ENDCAP,1,35624,ENDCAP,1,0
5764,104,HANES UW,249917,WALL,5,249916,WALL,6,1
5764,110,FOTL UW,182698,WALL,2,182695,NONE,0,-2
5764,111,GEORGE/GILDAN UW,182711,WALL,2,182711,WALL,2,0
5764,112,USPA UW,182776,NONE,0,182776,NONE,0,0
5764,113,WRANGLER UW,182661,WALL,1,182653,NONE,0,-1
5764,114,AND1 UW,182671,WALL,2,182670,WALL,1,-1
5764,115,AW UW,182676,NONE,0,182676,NONE,0,0
5764,116,REEBOK UW,182681,WALL,1,182681,WALL,1,0
5764,117,HANES PERF UW,182688,WALL,2,182685,NONE,0,-2
5764,118,FOTL PERF UW,182694,WALL,1,182693,NONE,0,-1
5764,702,AW/RBK/AND1/GT SOCKS,47054,WALL,6,54140,WALL,4,-2
5764,703,POT/HANES SOCKS,315052,WALL,3,315031,WALL,2,-1
5764,704,LICENSE SOCKS,517799,WALL,1,144358,NONE,0,-1
5764,705,WELLNESS SOCKS,146140,WALL,1,164127,NONE,0,-1
5764,710,WORK SOCKS,517800,WALL,1,517800,WALL,1,0
5764,730,YR THERMAL SOCKS,35624,ENDCAP,1,35624,ENDCAP,1,0
5841,104,HANES UW,249917,WALL,5,249918,WALL,4,-1
5841,110,FOTL UW,182706,WALL,3,182695,NONE,0,-3
5841,111,GEORGE/GILDAN UW,182711,WALL,2,182726,WALL,3,1
5841,112,USPA UW,182776,NONE,0,182776,NONE,0,0
5841,113,WRANGLER UW,182661,WALL,1,182653,NONE,0,-1
5841,114,AND1 UW,182671,WALL,2,182670,WALL,1,-1
5841,115,AW UW,182679,WALL,1,182676,NONE,0,-1
5841,116,REEBOK UW,182681,WALL,1,182680,NONE,0,-1
5841,117,HANES PERF UW,182688,WALL,2,182685,NONE,0,-2
5841,118,FOTL PERF UW,182693,NONE,0,182693,NONE,0,0
5841,702,AW/RBK/AND1/GT SOCKS,47054,WALL,6,66856,WALL,2,-4
5841,703,POT/HANES SOCKS,315031,WALL,2,315031,WALL,2,0
5841,704,LICENSE SOCKS,517799,WALL,1,144358,NONE,0,-1
5841,705,WELLNESS SOCKS,146140,WALL,1,164127,NONE,0,-1
5841,710,WORK SOCKS,517800,WALL,1,517800,WALL,1,0
5841,730,YR THERMAL SOCKS,35624,ENDCAP,1,35624,ENDCAP,1,0
5927,104,HANES UW,249918,WALL,4,249918,WALL,4,0
5927,110,FOTL UW,182698,WALL,2,182695,NONE,0,-2
5927,111,GEORGE/GILDAN UW,182711,WALL,2,182710,WALL,1,-1
5927,112,USPA UW,182776,NONE,0,182776,NONE,0,0
5927,113,WRANGLER UW,182653,NONE,0,182653,NONE,0,0
5927,114,AND1 UW,182670,WALL,1,182670,WALL,1,0
5927,115,AW UW,182679,WALL,1,182676,NONE,0,-1
5927,116,REEBOK UW,182681,WALL,1,182680,NONE,0,-1
5927,117,HANES PERF UW,182687,WALL,1,182685,NONE,0,-1
5927,118,FOTL PERF UW,182693,NONE,0,182693,NONE,0,0
5927,702,AW/RBK/AND1/GT SOCKS,52657,WALL,5,66856,WALL,2,-3
5927,703,POT/HANES SOCKS,315031,WALL,2,128790,WALL,1,-1
5927,704,LICENSE SOCKS,517799,WALL,1,144358,NONE,0,-1
5927,705,WELLNESS SOCKS,146140,WALL,1,164127,NONE,0,-1
5927,710,WORK SOCKS,517800,WALL,1,517800,WALL,1,0
5927,730,YR THERMAL SOCKS,35624,ENDCAP,1,35624,ENDCAP,1,0
5956,104,HANES UW,249917,WALL,5,249918,WALL,4,-1
5956,110,FOTL UW,182698,WALL,2,182698,WALL,2,0
5956,111,GEORGE/GILDAN UW,182711,WALL,2,182726,WALL,3,1
5956,112,USPA UW,182776,NONE,0,182776,NONE,0,0
5956,113,WRANGLER UW,182661,WALL,1,182653,NONE,0,-1
5956,114,AND1 UW,182671,WALL,2,182670,WALL,1,-1
5956,115,AW UW,182676,NONE,0,182676,NONE,0,0
5956,116,REEBOK UW,182681,WALL,1,182680,NONE,0,-1
5956,117,HANES PERF UW,182688,WALL,2,182685,NONE,0,-2
5956,118,FOTL PERF UW,182693,NONE,0,182693,NONE,0,0
5956,702,AW/RBK/AND1/GT SOCKS,47054,WALL,6,80521,WALL,1,-5
5956,703,POT/HANES SOCKS,315052,WALL,3,128790,WALL,1,-2
5956,704,LICENSE SOCKS,517799,WALL,1,144358,NONE,0,-1
5956,705,WELLNESS SOCKS,146140,WALL,1,164127,NONE,0,-1
5956,710,WORK SOCKS,517800,WALL,1,517800,WALL,1,0
5956,730,YR THERMAL SOCKS,6662,NONE,0,6662,NONE,0,0
5965,104,HANES UW,249918,WALL,4,249916,WALL,6,2
5965,110,FOTL UW,182697,WALL,1,182698,WALL,2,1
5965,111,GEORGE/GILDAN UW,182711,WALL,2,182726,WALL,3,1
5965,112,USPA UW,182776,NONE,0,182776,NONE,0,0
5965,113,WRANGLER UW,182653,NONE,0,182653,NONE,0,0
5965,114,AND1 UW,182670,WALL,1,182671,WALL,2,1
5965,115,AW UW,182679,WALL,1,182676,NONE,0,-1
5965,116,REEBOK UW,182681,WALL,1,182683,WALL,2,1
5965,117,HANES PERF UW,182687,WALL,1,182685,NONE,0,-1
5965,118,FOTL PERF UW,182693,NONE,0,182693,NONE,0,0
5965,702,AW/RBK/AND1/GT SOCKS,54140,WALL,4,54140,WALL,4,0
5965,703,POT/HANES SOCKS,315054,WALL,4,315031,WALL,2,-2
5965,704,LICENSE SOCKS,517799,WALL,1,517799,WALL,1,0
5965,705,WELLNESS SOCKS,146140,WALL,1,164127,NONE,0,-1
5965,710,WORK SOCKS,517800,WALL,1,517800,WALL,1,0
5965,730,YR THERMAL SOCKS,35624,ENDCAP,1,35624,ENDCAP,1,0
7129,104,HANES UW,249919,WALL,3,249919,WALL,3,0
7129,110,FOTL UW,182697,WALL,1,182697,WALL,1,0
7129,111,GEORGE/GILDAN UW,182711,WALL,2,182711,WALL,2,0
7129,112,USPA UW,182776,NONE,0,182776,NONE,0,0
7129,113,WRANGLER UW,182653,NONE,0,182653,NONE,0,0
7129,114,AND1 UW,182670,WALL,1,182670,WALL,1,0
7129,115,AW UW,182676,NONE,0,182676,NONE,0,0
7129,116,REEBOK UW,182681,WALL,1,182681,WALL,1,0
7129,117,HANES PERF UW,182685,NONE,0,182685,NONE,0,0
7129,118,FOTL PERF UW,182693,NONE,0,182693,NONE,0,0
7129,702,AW/RBK/AND1/GT SOCKS,57730,WALL,3,57730,WALL,3,0
7129,703,POT/HANES SOCKS,315031,WALL,2,315031,WALL,2,0
7129,704,LICENSE SOCKS,144358,NONE,0,144358,NONE,0,0
7129,705,WELLNESS SOCKS,146140,WALL,1,146140,WALL,1,0
7129,710,WORK SOCKS,517800,WALL,1,517800,WALL,1,0
7129,730,YR THERMAL SOCKS,6662,NONE,0,6662,NONE,0,0
7181,104,HANES UW,249915,WALL,7,249918,WALL,4,-3
7181,110,FOTL UW,182706,WALL,3,182697,WALL,1,-2
7181,111,GEORGE/GILDAN UW,182711,WALL,2,182726,WALL,3,1
7181,112,USPA UW,182776,NONE,0,182776,NONE,0,0
7181,113,WRANGLER UW,182661,WALL,1,182653,NONE,0,-1
7181,114,AND1 UW,182671,WALL,2,182670,WALL,1,-1
7181,115,AW UW,182676,NONE,0,182676,NONE,0,0
7181,116,REEBOK UW,182681,WALL,1,182680,NONE,0,-1
7181,117,HANES PERF UW,182692,WALL,3,182685,NONE,0,-3
7181,118,FOTL PERF UW,182694,WALL,1,182693,NONE,0,-1
7181,702,AW/RBK/AND1/GT SOCKS,289335,WALL,7,54140,WALL,4,-3
7181,703,POT/HANES SOCKS,315052,WALL,3,128790,WALL,1,-2
7181,704,LICENSE SOCKS,517799,WALL,1,144358,NONE,0,-1
7181,705,WELLNESS SOCKS,146140,WALL,1,164127,NONE,0,-1
7181,710,WORK SOCKS,517800,WALL,1,517800,WALL,1,0
7181,730,YR THERMAL SOCKS,35624,ENDCAP,1,35624,ENDCAP,1,0
