Club #,Workgroup,Role,FY23 FT HC Pln,FY23 PT HC Pln,FY23 Total HC Pln,YoY FT HC Change,YoY PT HC Change,YoY Total HC Change
4707,Fresh,Baker/Packager,2,4,6,0,1,1
4707,Fresh,Bakery Lead,1,0,1,0,0,0
4707,Fresh,Café,3,3,6,0,-1,-1
4707,Fresh,Cake Decorator,3,0,3,0,0,0
4707,Fresh,Freezer/Cooler/Deli,4,3,7,1,1,2
4707,Fresh,HMS/Rotisserie,3,4,7,0,0,0
4707,Fresh,Meat Cutter/Wrapper,4,1,5,0,0,0
4707,Fresh,Meat Lead,1,0,1,0,0,0
4707,Fresh,Prepared Food Lead,1,0,1,0,0,0
4707,Fresh,Produce,4,5,9,0,1,1
4707,Fresh,Produce Lead,1,0,1,0,0,0
4707,Fresh,Senior Meat Cutter,4,1,5,0,0,0
4707,Member Team,Member Assist,4,4,8,0,0,0
4707,Member Team,Member Frontline,5,16,21,0,2,2
4707,Member Team,Member Specialist,9,4,13,0,0,0
4707,Member Team,Member Support,0,0,0,0,0,0
4707,Member Team,Member Team Lead,5,0,5,0,0,0
4707,Merchandising Team,Backroom Associate,4,0,4,0,0,0
4707,Merchandising Team,Forklift Driver,4,0,4,0,0,0
4707,Merchandising Team,Merchandising,10,10,20,0,0,0
4707,Merchandising Team,Merchandising Lead,4,0,4,0,0,0
4707,Personal Shopper,Personal Shopper,9,5,14,-1,2,1
4707,Personal Shopper,Personal Shopper Lead,1,0,1,0,0,0
4707,Specialty,Fuel/Car Wash,2,1,3,0,0,0
4707,Specialty,Maintenance,3,2,5,0,0,0
4707,Specialty,Optical,2,0,2,0,0,0
4707,Specialty,Pharmacy Tech,2,2,4,0,0,0
4707,Specialty,TBC Lead,1,0,1,0,0,0
4707,Specialty,TBC Tire Tech,4,2,6,0,0,0
4791,Fresh,Baker/Packager,2,0,2,0,-1,-1
4791,Fresh,Bakery Lead,1,0,1,0,0,0
4791,Fresh,Café,3,3,6,1,0,1
4791,Fresh,Cake Decorator,2,1,3,0,0,0
4791,Fresh,Freezer/Cooler/Deli,3,1,4,0,0,0
4791,Fresh,HMS/Rotisserie,2,2,4,0,0,0
4791,Fresh,Meat Cutter/Wrapper,1,1,2,0,0,0
4791,Fresh,Meat Lead,1,0,1,0,0,0
4791,Fresh,Prepared Food Lead,1,0,1,0,0,0
4791,Fresh,Produce,2,3,5,0,1,1
4791,Fresh,Produce Lead,1,0,1,0,0,0
4791,Fresh,Senior Meat Cutter,3,1,4,0,0,0
4791,Member Team,Member Assist,2,3,5,0,0,0
4791,Member Team,Member Frontline,4,15,19,0,0,0
4791,Member Team,Member Specialist,5,2,7,0,1,1
4791,Member Team,Member Support,0,0,0,0,0,0
4791,Member Team,Member Team Lead,4,0,4,0,0,0
4791,Merchandising Team,Backroom Associate,4,0,4,0,0,0
4791,Merchandising Team,Forklift Driver,3,0,3,0,0,0
4791,Merchandising Team,Merchandising,7,5,12,0,0,0
4791,Merchandising Team,Merchandising Lead,4,0,4,0,0,0
4791,Personal Shopper,Personal Shopper,3,2,5,0,2,2
4791,Personal Shopper,Personal Shopper Lead,1,0,1,0,0,0
4791,Specialty,Fuel/Car Wash,2,1,3,0,0,0
4791,Specialty,Maintenance,2,2,4,0,0,0
4791,Specialty,Pharmacy Tech,1,2,3,0,0,0
4870,Fresh,Baker/Packager,2,3,5,0,1,1
4870,Fresh,Bakery Lead,1,0,1,0,0,0
4870,Fresh,Café,4,4,8,0,1,1
4870,Fresh,Cake Decorator,3,1,4,0,0,0
4870,Fresh,Freezer/Cooler/Deli,3,2,5,0,0,0
4870,Fresh,HMS/Rotisserie,3,3,6,0,0,0
4870,Fresh,Meat Cutter/Wrapper,1,3,4,0,0,0
4870,Fresh,Meat Lead,1,0,1,0,0,0
4870,Fresh,Prepared Food Lead,1,0,1,0,0,0
4870,Fresh,Produce,2,4,6,0,0,0
4870,Fresh,Produce Lead,1,0,1,0,0,0
4870,Fresh,Senior Meat Cutter,3,1,4,0,0,0
4870,Member Team,Member Assist,3,4,7,0,1,1
4870,Member Team,Member Frontline,5,17,22,0,0,0
4870,Member Team,Member Specialist,6,3,9,0,0,0
4870,Member Team,Member Support,0,0,0,0,0,0
4870,Member Team,Member Team Lead,5,0,5,0,0,0
4870,Merchandising Team,Backroom Associate,4,0,4,0,0,0
4870,Merchandising Team,Forklift Driver,4,0,4,0,0,0
4870,Merchandising Team,Merchandising,10,9,19,0,2,2
4870,Merchandising Team,Merchandising Lead,4,0,4,0,0,0
4870,Personal Shopper,Personal Shopper,6,4,10,-1,2,1
4870,Personal Shopper,Personal Shopper Lead,1,0,1,0,0,0
4870,Specialty,Fuel/Car Wash,2,1,3,0,0,0
4870,Specialty,Maintenance,3,1,4,0,0,0
4870,Specialty,Optical,1,1,2,0,0,0
4870,Specialty,Pharmacy Tech,2,1,3,0,0,0
4870,Specialty,TBC Lead,1,0,1,0,0,0
4870,Specialty,TBC Tire Tech,4,2,6,0,0,0
4920,Fresh,Baker/Packager,2,2,4,0,1,1
4920,Fresh,Bakery Lead,1,0,1,0,0,0
4920,Fresh,Café,2,4,6,0,1,1
4920,Fresh,Cake Decorator,3,0,3,0,0,0
4920,Fresh,Freezer/Cooler/Deli,3,1,4,0,0,0
4920,Fresh,HMS/Rotisserie,2,2,4,0,0,0
4920,Fresh,Meat Cutter/Wrapper,1,1,2,0,0,0
4920,Fresh,Meat Lead,1,0,1,0,0,0
4920,Fresh,Prepared Food Lead,1,0,1,0,0,0
4920,Fresh,Produce,2,3,5,0,1,1
4920,Fresh,Produce Lead,1,0,1,0,0,0
4920,Fresh,Senior Meat Cutter,3,1,4,0,0,0
4920,Member Team,Member Assist,3,4,7,0,0,0
4920,Member Team,Member Frontline,6,15,21,0,0,0
4920,Member Team,Member Specialist,6,3,9,0,1,1
4920,Member Team,Member Support,0,0,0,0,0,0
4920,Member Team,Member Team Lead,4,0,4,0,0,0
4920,Merchandising Team,Backroom Associate,4,0,4,0,0,0
4920,Merchandising Team,Forklift Driver,4,0,4,1,0,1
4920,Merchandising Team,Merchandising,8,8,16,0,0,0
4920,Merchandising Team,Merchandising Lead,4,0,4,0,0,0
4920,Personal Shopper,Personal Shopper,4,2,6,0,2,2
4920,Personal Shopper,Personal Shopper Lead,1,0,1,0,0,0
4920,Specialty,Fuel/Car Wash,2,1,3,0,0,0
4920,Specialty,Maintenance,2,2,4,0,0,0
4920,Specialty,Optical,1,1,2,0,0,0
4920,Specialty,Pharmacy Tech,3,1,4,0,0,0
4920,Specialty,TBC Lead,1,0,1,0,0,0
4920,Specialty,TBC Tire Tech,4,2,6,0,0,0
6247,Fresh,Baker/Packager,2,1,3,0,0,0
6247,Fresh,Bakery Lead,1,0,1,0,0,0
6247,Fresh,Café,2,3,5,0,-1,-1
6247,Fresh,Cake Decorator,3,1,4,0,0,0
6247,Fresh,Freezer/Cooler/Deli,4,2,6,1,0,1
6247,Fresh,HMS/Rotisserie,3,2,5,0,0,0
6247,Fresh,Meat Cutter/Wrapper,1,2,3,0,0,0
6247,Fresh,Meat Lead,1,0,1,0,0,0
6247,Fresh,Prepared Food Lead,1,0,1,0,0,0
6247,Fresh,Produce,3,3,6,0,0,0
6247,Fresh,Produce Lead,1,0,1,0,0,0
6247,Fresh,Senior Meat Cutter,3,1,4,0,0,0
6247,Member Team,Member Assist,3,4,7,0,1,1
6247,Member Team,Member Frontline,6,16,22,0,0,0
6247,Member Team,Member Specialist,7,4,11,0,1,1
6247,Member Team,Member Support,0,0,0,0,0,0
6247,Member Team,Member Team Lead,5,0,5,0,0,0
6247,Merchandising Team,Backroom Associate,4,0,4,0,0,0
6247,Merchandising Team,Forklift Driver,4,0,4,0,0,0
6247,Merchandising Team,Merchandising,9,9,18,0,1,1
6247,Merchandising Team,Merchandising Lead,4,0,4,0,0,0
6247,Personal Shopper,Personal Shopper,8,4,12,-1,2,1
6247,Personal Shopper,Personal Shopper Lead,1,0,1,0,0,0
6247,Specialty,Fuel/Car Wash,2,1,3,0,0,0
6247,Specialty,Maintenance,3,1,4,0,0,0
6247,Specialty,Optical,1,1,2,0,0,0
6247,Specialty,Pharmacy Tech,2,1,3,0,0,0
6247,Specialty,TBC Lead,1,0,1,0,0,0
6247,Specialty,TBC Tire Tech,4,2,6,0,0,0
6275,Fresh,Baker/Packager,2,1,3,0,0,0
6275,Fresh,Bakery Lead,1,0,1,0,0,0
6275,Fresh,Café,2,5,7,0,2,2
6275,Fresh,Cake Decorator,2,1,3,0,0,0
6275,Fresh,Freezer/Cooler/Deli,3,1,4,0,0,0
6275,Fresh,HMS/Rotisserie,2,2,4,0,0,0
6275,Fresh,Meat Cutter/Wrapper,1,2,3,0,0,0
6275,Fresh,Meat Lead,1,0,1,0,0,0
6275,Fresh,Prepared Food Lead,1,0,1,0,0,0
6275,Fresh,Produce,2,3,5,0,1,1
6275,Fresh,Produce Lead,1,0,1,0,0,0
6275,Fresh,Senior Meat Cutter,3,1,4,0,0,0
6275,Member Team,Member Assist,2,4,6,0,0,0
6275,Member Team,Member Frontline,4,15,19,0,0,0
6275,Member Team,Member Specialist,6,2,8,0,1,1
6275,Member Team,Member Support,0,0,0,0,0,0
6275,Member Team,Member Team Lead,4,0,4,0,0,0
6275,Merchandising Team,Backroom Associate,4,0,4,0,0,0
6275,Merchandising Team,Forklift Driver,3,0,3,0,0,0
6275,Merchandising Team,Merchandising,7,8,15,0,1,1
6275,Merchandising Team,Merchandising Lead,4,0,4,0,0,0
6275,Personal Shopper,Personal Shopper,6,2,8,0,0,0
6275,Personal Shopper,Personal Shopper Lead,1,0,1,0,0,0
6275,Specialty,Fuel/Car Wash,2,1,3,0,0,0
6275,Specialty,Maintenance,2,2,4,0,0,0
6275,Specialty,Optical,1,1,2,0,0,0
6275,Specialty,Pharmacy Tech,1,2,3,0,0,0
6275,Specialty,TBC Lead,1,0,1,0,0,0
6275,Specialty,TBC Tire Tech,4,2,6,0,0,0
6418,Fresh,Baker/Packager,2,1,3,0,0,0
6418,Fresh,Bakery Lead,1,0,1,0,0,0
6418,Fresh,Café,3,4,7,1,0,1
6418,Fresh,Cake Decorator,3,1,4,0,0,0
6418,Fresh,Freezer/Cooler/Deli,3,2,5,0,0,0
6418,Fresh,HMS/Rotisserie,3,2,5,0,0,0
6418,Fresh,Meat Cutter/Wrapper,1,2,3,0,0,0
6418,Fresh,Meat Lead,1,0,1,0,0,0
6418,Fresh,Prepared Food Lead,1,0,1,0,0,0
6418,Fresh,Produce,2,4,6,0,1,1
6418,Fresh,Produce Lead,1,0,1,0,0,0
6418,Fresh,Senior Meat Cutter,3,1,4,0,0,0
6418,Member Team,Member Assist,3,5,8,0,0,0
6418,Member Team,Member Frontline,6,16,22,0,0,0
6418,Member Team,Member Specialist,6,3,9,0,0,0
6418,Member Team,Member Support,0,0,0,0,0,0
6418,Member Team,Member Team Lead,5,0,5,0,0,0
6418,Merchandising Team,Backroom Associate,4,0,4,0,0,0
6418,Merchandising Team,Forklift Driver,4,0,4,0,0,0
6418,Merchandising Team,Merchandising,9,9,18,0,0,0
6418,Merchandising Team,Merchandising Lead,4,0,4,0,0,0
6418,Personal Shopper,Personal Shopper,8,4,12,-1,2,1
6418,Personal Shopper,Personal Shopper Lead,1,0,1,0,0,0
6418,Specialty,Fuel/Car Wash,2,1,3,0,0,0
6418,Specialty,Maintenance,3,1,4,0,0,0
6418,Specialty,Optical,1,1,2,0,0,0
6418,Specialty,Pharmacy Tech,1,2,3,0,0,0
6418,Specialty,TBC Lead,1,0,1,0,0,0
6418,Specialty,TBC Tire Tech,5,4,9,0,0,0
6426,Fresh,Baker/Packager,1,1,2,0,0,0
6426,Fresh,Bakery Lead,1,0,1,0,0,0
6426,Fresh,Café,2,3,5,0,1,1
6426,Fresh,Cake Decorator,1,1,2,0,0,0
6426,Fresh,Freezer/Cooler/Deli,3,1,4,0,0,0
6426,Fresh,HMS/Rotisserie,2,2,4,0,0,0
6426,Fresh,Meat Cutter/Wrapper,1,1,2,0,0,0
6426,Fresh,Meat Lead,1,0,1,0,0,0
6426,Fresh,Prepared Food Lead,1,0,1,0,0,0
6426,Fresh,Produce,2,2,4,0,0,0
6426,Fresh,Produce Lead,1,0,1,0,0,0
6426,Fresh,Senior Meat Cutter,3,1,4,0,0,0
6426,Member Team,Member Assist,2,4,6,0,1,1
6426,Member Team,Member Frontline,4,14,18,0,0,0
6426,Member Team,Member Specialist,6,2,8,0,0,0
6426,Member Team,Member Support,0,0,0,0,0,0
6426,Member Team,Member Team Lead,4,0,4,0,0,0
6426,Merchandising Team,Backroom Associate,4,0,4,0,0,0
6426,Merchandising Team,Forklift Driver,3,0,3,0,0,0
6426,Merchandising Team,Merchandising,8,7,15,0,0,0
6426,Merchandising Team,Merchandising Lead,4,0,4,0,0,0
6426,Personal Shopper,Personal Shopper,3,2,5,0,1,1
6426,Personal Shopper,Personal Shopper Lead,1,0,1,0,0,0
6426,Specialty,Fuel/Car Wash,2,1,3,0,0,0
6426,Specialty,Maintenance,2,2,4,0,0,0
6426,Specialty,Pharmacy Tech,2,2,4,0,0,0
6426,Specialty,TBC Lead,1,0,1,0,0,0
6426,Specialty,TBC Tire Tech,4,2,6,0,0,0
6505,Fresh,Baker/Packager,2,1,3,0,0,0
6505,Fresh,Bakery Lead,1,0,1,0,0,0
6505,Fresh,Café,3,4,7,1,1,2
6505,Fresh,Cake Decorator,3,0,3,0,0,0
6505,Fresh,Freezer/Cooler/Deli,3,1,4,0,0,0
6505,Fresh,HMS/Rotisserie,2,2,4,0,0,0
6505,Fresh,Meat Cutter/Wrapper,1,1,2,0,0,0
6505,Fresh,Meat Lead,1,0,1,0,0,0
6505,Fresh,Prepared Food Lead,1,0,1,0,0,0
6505,Fresh,Produce,2,3,5,0,1,1
6505,Fresh,Produce Lead,1,0,1,0,0,0
6505,Fresh,Senior Meat Cutter,3,1,4,0,0,0
6505,Member Team,Member Assist,2,5,7,0,1,1
6505,Member Team,Member Frontline,6,14,20,0,0,0
6505,Member Team,Member Specialist,5,4,9,0,0,0
6505,Member Team,Member Support,0,0,0,0,0,0
6505,Member Team,Member Team Lead,4,0,4,0,0,0
6505,Merchandising Team,Backroom Associate,4,0,4,0,0,0
6505,Merchandising Team,Forklift Driver,4,0,4,0,0,0
6505,Merchandising Team,Merchandising,9,9,18,0,2,2
6505,Merchandising Team,Merchandising Lead,4,0,4,0,0,0
6505,Personal Shopper,Personal Shopper,5,3,8,-1,3,2
6505,Personal Shopper,Personal Shopper Lead,1,0,1,0,0,0
6505,Specialty,Fuel/Car Wash,2,1,3,0,0,0
6505,Specialty,Liquor,3,2,5,0,2,2
6505,Specialty,Maintenance,2,2,4,0,0,0
6505,Specialty,Optical,1,1,2,0,0,0
6505,Specialty,Pharmacy Tech,2,0,2,0,0,0
6505,Specialty,TBC Lead,1,0,1,0,0,0
6505,Specialty,TBC Tire Tech,3,3,6,0,0,0
8163,Fresh,Baker/Packager,2,3,5,0,2,2
8163,Fresh,Bakery Lead,1,0,1,0,0,0
8163,Fresh,Café,3,3,6,0,-1,-1
8163,Fresh,Cake Decorator,3,0,3,0,0,0
8163,Fresh,Freezer/Cooler/Deli,4,2,6,1,0,1
8163,Fresh,HMS/Rotisserie,2,3,5,0,0,0
8163,Fresh,Meat Cutter/Wrapper,1,2,3,0,0,0
8163,Fresh,Meat Lead,1,0,1,0,0,0
8163,Fresh,Prepared Food Lead,1,0,1,0,0,0
8163,Fresh,Produce,3,2,5,0,0,0
8163,Fresh,Produce Lead,1,0,1,0,0,0
8163,Fresh,Senior Meat Cutter,4,1,5,0,0,0
8163,Member Team,Member Assist,3,6,9,0,0,0
8163,Member Team,Member Frontline,7,21,28,0,0,0
8163,Member Team,Member Specialist,7,4,11,0,0,0
8163,Member Team,Member Support,0,0,0,0,0,0
8163,Member Team,Member Team Lead,5,0,5,0,0,0
8163,Merchandising Team,Backroom Associate,4,0,4,0,0,0
8163,Merchandising Team,Forklift Driver,5,0,5,0,0,0
8163,Merchandising Team,Merchandising,11,11,22,1,0,1
8163,Merchandising Team,Merchandising Lead,4,0,4,0,0,0
8163,Personal Shopper,Personal Shopper,8,4,12,-1,2,1
8163,Personal Shopper,Personal Shopper Lead,1,0,1,0,0,0
8163,Specialty,Maintenance,3,2,5,0,0,0
8163,Specialty,Optical,2,1,3,0,0,0
8163,Specialty,Pharmacy Tech,2,0,2,0,0,0
8163,Specialty,TBC Lead,1,0,1,0,0,0
8163,Specialty,TBC Tire Tech,5,2,7,0,0,0
8176,Fresh,Baker/Packager,2,3,5,0,2,2
8176,Fresh,Bakery Lead,1,0,1,0,0,0
8176,Fresh,Café,4,4,8,0,1,1
8176,Fresh,Cake Decorator,2,1,3,0,0,0
8176,Fresh,Freezer/Cooler/Deli,4,2,6,1,0,1
8176,Fresh,HMS/Rotisserie,2,3,5,0,0,0
8176,Fresh,Meat Cutter/Wrapper,2,1,3,0,0,0
8176,Fresh,Meat Lead,1,0,1,0,0,0
8176,Fresh,Prepared Food Lead,1,0,1,0,0,0
8176,Fresh,Produce,2,4,6,0,0,0
8176,Fresh,Produce Lead,1,0,1,0,0,0
8176,Fresh,Senior Meat Cutter,3,1,4,0,0,0
8176,Member Team,Member Assist,3,5,8,0,0,0
8176,Member Team,Member Frontline,6,16,22,0,0,0
8176,Member Team,Member Specialist,8,3,11,0,0,0
8176,Member Team,Member Support,0,0,0,0,0,0
8176,Member Team,Member Team Lead,5,0,5,0,0,0
8176,Merchandising Team,Backroom Associate,4,0,4,0,0,0
8176,Merchandising Team,Forklift Driver,5,0,5,0,0,0
8176,Merchandising Team,Merchandising,10,10,20,0,1,1
8176,Merchandising Team,Merchandising Lead,4,0,4,0,0,0
8176,Personal Shopper,Personal Shopper,8,4,12,-1,2,1
8176,Personal Shopper,Personal Shopper Lead,1,0,1,0,0,0
8176,Specialty,Fuel/Car Wash,2,1,3,0,0,0
8176,Specialty,Maintenance,3,2,5,0,0,0
8176,Specialty,Optical,1,1,2,0,0,0
8176,Specialty,Pharmacy Tech,4,1,5,0,0,0
8176,Specialty,TBC Lead,1,0,1,0,0,0
8176,Specialty,TBC Tire Tech,4,3,7,0,0,0
8207,Fresh,Baker/Packager,2,3,5,0,0,0
8207,Fresh,Bakery Lead,1,0,1,0,0,0
8207,Fresh,Café,3,5,8,0,1,1
8207,Fresh,Cake Decorator,3,0,3,0,-1,-1
8207,Fresh,Freezer/Cooler/Deli,3,2,5,0,0,0
8207,Fresh,HMS/Rotisserie,3,4,7,0,0,0
8207,Fresh,Meat Cutter/Wrapper,1,2,3,0,0,0
8207,Fresh,Meat Lead,1,0,1,0,0,0
8207,Fresh,Prepared Food Lead,1,0,1,0,0,0
8207,Fresh,Produce,3,3,6,0,0,0
8207,Fresh,Produce Lead,1,0,1,0,0,0
8207,Fresh,Senior Meat Cutter,4,1,5,0,0,0
8207,Member Team,Member Assist,3,5,8,0,1,1
8207,Member Team,Member Frontline,6,17,23,0,0,0
8207,Member Team,Member Specialist,8,3,11,0,0,0
8207,Member Team,Member Support,0,0,0,0,0,0
8207,Member Team,Member Team Lead,5,0,5,0,0,0
8207,Merchandising Team,Backroom Associate,4,0,4,0,0,0
8207,Merchandising Team,Forklift Driver,5,0,5,0,0,0
8207,Merchandising Team,Merchandising,10,9,19,0,0,0
8207,Merchandising Team,Merchandising Lead,4,0,4,0,0,0
8207,Personal Shopper,Personal Shopper,12,6,18,1,5,6
8207,Personal Shopper,Personal Shopper Lead,1,0,1,0,0,0
8207,Specialty,Fuel/Car Wash,2,3,5,0,0,0
8207,Specialty,Maintenance,3,2,5,0,0,0
8207,Specialty,Optical,2,1,3,0,0,0
8207,Specialty,Pharmacy Tech,4,1,5,0,0,0
8207,Specialty,TBC Lead,1,0,1,0,0,0
8207,Specialty,TBC Tire Tech,4,3,7,0,0,0
8208,Fresh,Baker/Packager,3,3,6,0,2,2
8208,Fresh,Bakery Lead,1,0,1,0,0,0
8208,Fresh,Café,3,5,8,0,1,1
8208,Fresh,Cake Decorator,3,0,3,0,0,0
8208,Fresh,Freezer/Cooler/Deli,4,3,7,1,1,2
8208,Fresh,HMS/Rotisserie,3,3,6,0,0,0
8208,Fresh,Meat Cutter/Wrapper,1,2,3,0,0,0
8208,Fresh,Meat Lead,1,0,1,0,0,0
8208,Fresh,Prepared Food Lead,1,0,1,0,0,0
8208,Fresh,Produce,4,5,9,0,0,0
8208,Fresh,Produce Lead,1,0,1,0,0,0
8208,Fresh,Senior Meat Cutter,3,1,4,0,0,0
8208,Member Team,Member Assist,4,4,8,0,0,0
8208,Member Team,Member Frontline,5,18,23,0,1,1
8208,Member Team,Member Specialist,8,4,12,0,2,2
8208,Member Team,Member Support,0,0,0,0,0,0
8208,Member Team,Member Team Lead,5,0,5,0,0,0
8208,Merchandising Team,Backroom Associate,4,0,4,0,0,0
8208,Merchandising Team,Forklift Driver,5,0,5,0,0,0
8208,Merchandising Team,Merchandising,11,10,21,0,0,0
8208,Merchandising Team,Merchandising Lead,4,0,4,0,0,0
8208,Personal Shopper,Personal Shopper,8,3,11,-1,2,1
8208,Personal Shopper,Personal Shopper Lead,1,0,1,0,0,0
8208,Specialty,Fuel/Car Wash,2,3,5,0,0,0
8208,Specialty,Maintenance,3,2,5,0,0,0
8208,Specialty,Optical,2,2,4,0,0,0
8208,Specialty,Pharmacy Tech,3,3,6,0,0,0
8208,Specialty,TBC Lead,1,0,1,0,0,0
8208,Specialty,TBC Tire Tech,4,3,7,0,0,0
8243,Fresh,Baker/Packager,2,2,4,0,1,1
8243,Fresh,Bakery Lead,1,0,1,0,0,0
8243,Fresh,Café,3,3,6,1,0,1
8243,Fresh,Cake Decorator,2,2,4,0,0,0
8243,Fresh,Freezer/Cooler/Deli,3,2,5,0,0,0
8243,Fresh,HMS/Rotisserie,3,2,5,0,0,0
8243,Fresh,Meat Cutter/Wrapper,1,2,3,0,0,0
8243,Fresh,Meat Lead,1,0,1,0,0,0
8243,Fresh,Prepared Food Lead,1,0,1,0,0,0
8243,Fresh,Produce,2,4,6,0,1,1
8243,Fresh,Produce Lead,1,0,1,0,0,0
8243,Fresh,Senior Meat Cutter,3,1,4,0,0,0
8243,Member Team,Member Assist,3,3,6,0,0,0
8243,Member Team,Member Frontline,6,16,22,0,0,0
8243,Member Team,Member Specialist,6,3,9,0,0,0
8243,Member Team,Member Support,0,0,0,0,0,0
8243,Member Team,Member Team Lead,4,0,4,0,0,0
8243,Merchandising Team,Backroom Associate,4,0,4,0,0,0
8243,Merchandising Team,Forklift Driver,4,0,4,0,0,0
8243,Merchandising Team,Merchandising,9,9,18,0,1,1
8243,Merchandising Team,Merchandising Lead,4,0,4,0,0,0
8243,Personal Shopper,Personal Shopper,5,4,9,-1,4,3
8243,Personal Shopper,Personal Shopper Lead,1,0,1,0,0,0
8243,Specialty,Fuel/Car Wash,2,1,3,0,0,0
8243,Specialty,Maintenance,2,2,4,0,0,0
8243,Specialty,Optical,1,1,2,0,0,0
8243,Specialty,Pharmacy Tech,3,1,4,0,0,0
8243,Specialty,TBC Lead,1,0,1,0,0,0
8243,Specialty,TBC Tire Tech,4,2,6,0,0,0
8254,Fresh,Baker/Packager,2,1,3,0,0,0
8254,Fresh,Bakery Lead,1,0,1,0,0,0
8254,Fresh,Café,3,4,7,1,1,2
8254,Fresh,Cake Decorator,3,1,4,0,0,0
8254,Fresh,Freezer/Cooler/Deli,3,2,5,0,0,0
8254,Fresh,HMS/Rotisserie,2,3,5,0,0,0
8254,Fresh,Meat Cutter/Wrapper,1,2,3,0,0,0
8254,Fresh,Meat Lead,1,0,1,0,0,0
8254,Fresh,Prepared Food Lead,1,0,1,0,0,0
8254,Fresh,Produce,2,3,5,0,0,0
8254,Fresh,Produce Lead,1,0,1,0,0,0
8254,Fresh,Senior Meat Cutter,3,1,4,0,0,0
8254,Member Team,Member Assist,3,4,7,0,1,1
8254,Member Team,Member Frontline,6,17,23,0,0,0
8254,Member Team,Member Specialist,6,3,9,0,0,0
8254,Member Team,Member Support,0,0,0,0,0,0
8254,Member Team,Member Team Lead,5,0,5,0,0,0
8254,Merchandising Team,Backroom Associate,4,0,4,0,0,0
8254,Merchandising Team,Forklift Driver,4,0,4,0,0,0
8254,Merchandising Team,Merchandising,8,9,17,0,0,0
8254,Merchandising Team,Merchandising Lead,4,0,4,0,0,0
8254,Personal Shopper,Personal Shopper,7,3,10,-1,2,1
8254,Personal Shopper,Personal Shopper Lead,1,0,1,0,0,0
8254,Specialty,Fuel/Car Wash,2,1,3,0,0,0
8254,Specialty,Maintenance,3,0,3,0,0,0
8254,Specialty,Optical,1,1,2,0,0,0
8254,Specialty,Pharmacy Tech,1,1,2,0,0,0
8254,Specialty,TBC Lead,1,0,1,0,0,0
8254,Specialty,TBC Tire Tech,4,3,7,0,0,0
8293,Fresh,Baker/Packager,3,3,6,0,2,2
8293,Fresh,Bakery Lead,1,0,1,0,0,0
8293,Fresh,Café,3,3,6,0,1,1
8293,Fresh,Cake Decorator,3,1,4,0,0,0
8293,Fresh,Freezer/Cooler/Deli,4,3,7,1,1,2
8293,Fresh,HMS/Rotisserie,3,3,6,0,0,0
8293,Fresh,Meat Cutter/Wrapper,4,1,5,0,0,0
8293,Fresh,Meat Lead,1,0,1,0,0,0
8293,Fresh,Prepared Food Lead,1,0,1,0,0,0
8293,Fresh,Produce,3,5,8,0,1,1
8293,Fresh,Produce Lead,1,0,1,0,0,0
8293,Fresh,Senior Meat Cutter,4,1,5,0,0,0
8293,Member Team,Member Assist,4,4,8,0,0,0
8293,Member Team,Member Frontline,6,17,23,0,0,0
8293,Member Team,Member Specialist,7,5,12,0,0,0
8293,Member Team,Member Support,0,0,0,0,0,0
8293,Member Team,Member Team Lead,5,0,5,0,0,0
8293,Merchandising Team,Backroom Associate,4,0,4,0,0,0
8293,Merchandising Team,Forklift Driver,5,0,5,0,0,0
8293,Merchandising Team,Merchandising,11,11,22,1,1,2
8293,Merchandising Team,Merchandising Lead,4,0,4,0,0,0
8293,Personal Shopper,Personal Shopper,7,3,10,0,1,1
8293,Personal Shopper,Personal Shopper Lead,1,0,1,0,0,0
8293,Specialty,Fuel/Car Wash,2,1,3,0,0,0
8293,Specialty,Maintenance,3,2,5,0,0,0
8293,Specialty,Optical,1,1,2,0,0,0
8293,Specialty,Pharmacy Tech,3,1,4,0,0,0
8293,Specialty,TBC Lead,1,0,1,0,0,0
8293,Specialty,TBC Tire Tech,5,2,7,0,0,0
4731,Fresh,Baker/Packager,2,2,4,0,1,1
4731,Fresh,Bakery Lead,1,0,1,0,0,0
4731,Fresh,Café,3,5,8,0,1,1
4731,Fresh,Cake Decorator,2,1,3,0,0,0
4731,Fresh,Freezer/Cooler/Deli,3,1,4,0,0,0
4731,Fresh,HMS/Rotisserie,2,3,5,0,0,0
4731,Fresh,Meat Cutter/Wrapper,1,1,2,0,0,0
4731,Fresh,Meat Lead,1,0,1,0,0,0
4731,Fresh,Prepared Food Lead,1,0,1,0,0,0
4731,Fresh,Produce,2,4,6,0,1,1
4731,Fresh,Produce Lead,1,0,1,0,0,0
4731,Fresh,Senior Meat Cutter,3,1,4,0,0,0
4731,Member Team,Member Assist,2,5,7,0,1,1
4731,Member Team,Member Frontline,5,15,20,0,0,0
4731,Member Team,Member Specialist,6,2,8,0,0,0
4731,Member Team,Member Support,0,0,0,0,0,0
4731,Member Team,Member Team Lead,4,0,4,0,0,0
4731,Merchandising Team,Backroom Associate,4,0,4,0,0,0
4731,Merchandising Team,Forklift Driver,4,0,4,0,0,0
4731,Merchandising Team,Merchandising,9,9,18,0,0,0
4731,Merchandising Team,Merchandising Lead,4,0,4,0,0,0
4731,Personal Shopper,Personal Shopper,4,1,5,0,0,0
4731,Personal Shopper,Personal Shopper Lead,1,0,1,0,0,0
4731,Specialty,Fuel/Car Wash,2,1,3,0,0,0
4731,Specialty,Maintenance,2,2,4,0,0,0
4731,Specialty,Optical,1,1,2,0,0,0
4731,Specialty,Pharmacy Tech,3,2,5,0,0,0
4731,Specialty,TBC Lead,1,0,1,0,0,0
4731,Specialty,TBC Tire Tech,4,2,6,0,0,0
4761,Fresh,Baker/Packager,2,2,4,0,1,1
4761,Fresh,Bakery Lead,1,0,1,0,0,0
4761,Fresh,Café,3,4,7,1,0,1
4761,Fresh,Cake Decorator,3,0,3,0,0,0
4761,Fresh,Freezer/Cooler/Deli,3,1,4,0,0,0
4761,Fresh,HMS/Rotisserie,2,3,5,0,0,0
4761,Fresh,Meat Cutter/Wrapper,1,2,3,0,0,0
4761,Fresh,Meat Lead,1,0,1,0,0,0
4761,Fresh,Prepared Food Lead,1,0,1,0,0,0
4761,Fresh,Produce,3,3,6,0,0,0
4761,Fresh,Produce Lead,1,0,1,0,0,0
4761,Fresh,Senior Meat Cutter,3,1,4,0,0,0
4761,Member Team,Member Assist,3,5,8,0,0,0
4761,Member Team,Member Frontline,5,16,21,0,0,0
4761,Member Team,Member Specialist,6,3,9,0,1,1
4761,Member Team,Member Support,0,0,0,0,0,0
4761,Member Team,Member Team Lead,5,0,5,0,0,0
4761,Merchandising Team,Backroom Associate,4,0,4,0,0,0
4761,Merchandising Team,Forklift Driver,4,0,4,0,0,0
4761,Merchandising Team,Merchandising,10,10,20,0,1,1
4761,Merchandising Team,Merchandising Lead,4,0,4,0,0,0
4761,Personal Shopper,Personal Shopper,6,3,9,-1,2,1
4761,Personal Shopper,Personal Shopper Lead,1,0,1,0,0,0
4761,Specialty,Maintenance,3,2,5,0,0,0
4761,Specialty,Pharmacy Tech,2,1,3,0,0,0
4761,Specialty,TBC Lead,1,0,1,0,0,0
4761,Specialty,TBC Tire Tech,3,3,6,0,0,0
4839,Fresh,Baker/Packager,3,1,4,1,0,1
4839,Fresh,Bakery Lead,1,0,1,0,0,0
4839,Fresh,Café,3,5,8,0,1,1
4839,Fresh,Cake Decorator,3,1,4,0,0,0
4839,Fresh,Freezer/Cooler/Deli,3,2,5,0,0,0
4839,Fresh,HMS/Rotisserie,3,2,5,0,0,0
4839,Fresh,Meat Cutter/Wrapper,2,1,3,0,0,0
4839,Fresh,Meat Lead,1,0,1,0,0,0
4839,Fresh,Prepared Food Lead,1,0,1,0,0,0
4839,Fresh,Produce,2,4,6,0,1,1
4839,Fresh,Produce Lead,1,0,1,0,0,0
4839,Fresh,Senior Meat Cutter,5,1,6,0,1,1
4839,Member Team,Member Assist,2,6,8,0,0,0
4839,Member Team,Member Frontline,5,17,22,0,0,0
4839,Member Team,Member Specialist,8,3,11,0,0,0
4839,Member Team,Member Support,0,0,0,0,0,0
4839,Member Team,Member Team Lead,5,0,5,0,0,0
4839,Merchandising Team,Backroom Associate,4,0,4,0,0,0
4839,Merchandising Team,Forklift Driver,5,0,5,1,0,1
4839,Merchandising Team,Merchandising,10,10,20,0,0,0
4839,Merchandising Team,Merchandising Lead,4,0,4,0,0,0
4839,Personal Shopper,Personal Shopper,8,4,12,-1,2,1
4839,Personal Shopper,Personal Shopper Lead,1,0,1,0,0,0
4839,Specialty,Fuel/Car Wash,2,1,3,0,0,0
4839,Specialty,Maintenance,3,1,4,0,0,0
4839,Specialty,Optical,1,1,2,0,0,0
4839,Specialty,Pharmacy Tech,3,1,4,0,0,0
4839,Specialty,TBC Lead,1,0,1,0,0,0
4839,Specialty,TBC Tire Tech,4,3,7,0,0,0
6238,Fresh,Baker/Packager,2,2,4,0,1,1
6238,Fresh,Bakery Lead,1,0,1,0,0,0
6238,Fresh,Café,3,4,7,1,0,1
6238,Fresh,Cake Decorator,3,0,3,0,0,0
6238,Fresh,Freezer/Cooler/Deli,3,2,5,0,0,0
6238,Fresh,HMS/Rotisserie,2,3,5,0,0,0
6238,Fresh,Meat Cutter/Wrapper,1,2,3,0,0,0
6238,Fresh,Meat Lead,1,0,1,0,0,0
6238,Fresh,Prepared Food Lead,1,0,1,0,0,0
6238,Fresh,Produce,2,4,6,0,1,1
6238,Fresh,Produce Lead,1,0,1,0,0,0
6238,Fresh,Senior Meat Cutter,5,1,6,0,0,0
6238,Member Team,Member Assist,3,4,7,0,0,0
6238,Member Team,Member Frontline,5,17,22,0,0,0
6238,Member Team,Member Specialist,6,3,9,0,0,0
6238,Member Team,Member Support,0,0,0,0,0,0
6238,Member Team,Member Team Lead,5,0,5,0,0,0
6238,Merchandising Team,Backroom Associate,4,0,4,0,0,0
6238,Merchandising Team,Forklift Driver,4,0,4,0,0,0
6238,Merchandising Team,Merchandising,10,10,20,0,1,1
6238,Merchandising Team,Merchandising Lead,4,0,4,0,0,0
6238,Personal Shopper,Personal Shopper,8,4,12,-1,2,1
6238,Personal Shopper,Personal Shopper Lead,1,0,1,0,0,0
6238,Specialty,Fuel/Car Wash,2,1,3,0,0,0
6238,Specialty,Maintenance,2,3,5,0,0,0
6238,Specialty,Optical,1,1,2,0,0,0
6238,Specialty,Pharmacy Tech,1,2,3,0,0,0
6238,Specialty,TBC Lead,1,0,1,0,0,0
6238,Specialty,TBC Tire Tech,3,2,5,0,0,0
6267,Fresh,Baker/Packager,2,1,3,0,0,0
6267,Fresh,Bakery Lead,1,0,1,0,0,0
6267,Fresh,Café,3,4,7,1,0,1
6267,Fresh,Cake Decorator,3,0,3,0,0,0
6267,Fresh,Freezer/Cooler/Deli,3,1,4,0,0,0
6267,Fresh,HMS/Rotisserie,3,3,6,0,1,1
6267,Fresh,Meat Cutter/Wrapper,1,2,3,0,0,0
6267,Fresh,Meat Lead,1,0,1,0,0,0
6267,Fresh,Prepared Food Lead,1,0,1,0,0,0
6267,Fresh,Produce,3,3,6,0,0,0
6267,Fresh,Produce Lead,1,0,1,0,0,0
6267,Fresh,Senior Meat Cutter,3,1,4,0,0,0
6267,Member Team,Member Assist,3,3,6,0,0,0
6267,Member Team,Member Frontline,5,14,19,0,0,0
6267,Member Team,Member Specialist,6,3,9,0,0,0
6267,Member Team,Member Support,0,0,0,0,0,0
6267,Member Team,Member Team Lead,5,0,5,0,0,0
6267,Merchandising Team,Backroom Associate,4,0,4,0,0,0
6267,Merchandising Team,Forklift Driver,4,0,4,0,0,0
6267,Merchandising Team,Merchandising,8,9,17,0,1,1
6267,Merchandising Team,Merchandising Lead,4,0,4,0,0,0
6267,Personal Shopper,Personal Shopper,7,4,11,-1,2,1
6267,Personal Shopper,Personal Shopper Lead,1,0,1,0,0,0
6267,Specialty,Fuel/Car Wash,2,1,3,0,0,0
6267,Specialty,Maintenance,3,0,3,0,0,0
6267,Specialty,Optical,1,1,2,0,0,0
6267,Specialty,Pharmacy Tech,3,1,4,0,0,0
6267,Specialty,TBC Lead,1,0,1,0,0,0
6267,Specialty,TBC Tire Tech,4,2,6,0,0,0
6342,Fresh,Baker/Packager,3,1,4,0,0,0
6342,Fresh,Bakery Lead,1,0,1,0,0,0
6342,Fresh,Café,3,6,9,0,2,2
6342,Fresh,Cake Decorator,3,1,4,0,0,0
6342,Fresh,Freezer/Cooler/Deli,3,2,5,0,0,0
6342,Fresh,HMS/Rotisserie,3,3,6,0,1,1
6342,Fresh,Meat Cutter/Wrapper,2,1,3,0,0,0
6342,Fresh,Meat Lead,1,0,1,0,0,0
6342,Fresh,Prepared Food Lead,1,0,1,0,0,0
6342,Fresh,Produce,3,4,7,0,1,1
6342,Fresh,Produce Lead,1,0,1,0,0,0
6342,Fresh,Senior Meat Cutter,4,1,5,0,0,0
6342,Member Team,Member Assist,4,4,8,0,0,0
6342,Member Team,Member Frontline,6,16,22,0,0,0
6342,Member Team,Member Specialist,8,4,12,0,0,0
6342,Member Team,Member Support,0,0,0,0,0,0
6342,Member Team,Member Team Lead,5,0,5,0,0,0
6342,Merchandising Team,Backroom Associate,5,0,5,1,0,1
6342,Merchandising Team,Forklift Driver,5,0,5,0,0,0
6342,Merchandising Team,Merchandising,12,11,23,0,1,1
6342,Merchandising Team,Merchandising Lead,4,0,4,0,0,0
6342,Personal Shopper,Personal Shopper,8,4,12,-1,2,1
6342,Personal Shopper,Personal Shopper Lead,1,0,1,0,0,0
6342,Specialty,Fuel/Car Wash,2,1,3,0,0,0
6342,Specialty,Maintenance,3,1,4,0,0,0
6342,Specialty,Optical,1,1,2,0,0,0
6342,Specialty,Pharmacy Tech,2,0,2,0,0,0
6342,Specialty,TBC Lead,1,0,1,0,0,0
6342,Specialty,TBC Tire Tech,4,2,6,0,0,0
6350,Fresh,Baker/Packager,2,3,5,0,0,0
6350,Fresh,Bakery Lead,1,0,1,0,0,0
6350,Fresh,Café,3,4,7,0,0,0
6350,Fresh,Cake Decorator,2,2,4,0,0,0
6350,Fresh,Freezer/Cooler/Deli,4,2,6,1,0,1
6350,Fresh,HMS/Rotisserie,3,3,6,0,1,1
6350,Fresh,Meat Cutter/Wrapper,2,1,3,0,0,0
6350,Fresh,Meat Lead,1,0,1,0,0,0
6350,Fresh,Prepared Food Lead,1,0,1,0,0,0
6350,Fresh,Produce,2,4,6,0,1,1
6350,Fresh,Produce Lead,1,0,1,0,0,0
6350,Fresh,Senior Meat Cutter,4,1,5,0,0,0
6350,Member Team,Member Assist,3,4,7,0,0,0
6350,Member Team,Member Frontline,7,20,27,0,0,0
6350,Member Team,Member Specialist,7,3,10,0,0,0
6350,Member Team,Member Support,0,0,0,0,0,0
6350,Member Team,Member Team Lead,5,0,5,0,0,0
6350,Merchandising Team,Backroom Associate,5,0,5,1,0,1
6350,Merchandising Team,Forklift Driver,5,0,5,1,0,1
6350,Merchandising Team,Merchandising,11,11,22,2,0,2
6350,Merchandising Team,Merchandising Lead,4,0,4,0,0,0
6350,Personal Shopper,Personal Shopper,6,4,10,-1,2,1
6350,Personal Shopper,Personal Shopper Lead,1,0,1,0,0,0
6350,Specialty,Fuel/Car Wash,2,1,3,0,0,0
6350,Specialty,Maintenance,3,1,4,0,0,0
6350,Specialty,Optical,2,0,2,0,0,0
6350,Specialty,Pharmacy Tech,5,4,9,0,0,0
6350,Specialty,TBC Lead,1,0,1,0,0,0
6350,Specialty,TBC Tire Tech,4,3,7,0,0,0
6779,Fresh,Baker/Packager,2,1,3,0,0,0
6779,Fresh,Bakery Lead,1,0,1,0,0,0
6779,Fresh,Café,3,5,8,0,0,0
6779,Fresh,Cake Decorator,3,0,3,0,0,0
6779,Fresh,Freezer/Cooler/Deli,3,1,4,0,0,0
6779,Fresh,HMS/Rotisserie,2,3,5,0,0,0
6779,Fresh,Meat Cutter/Wrapper,1,2,3,0,0,0
6779,Fresh,Meat Lead,1,0,1,0,0,0
6779,Fresh,Prepared Food Lead,1,0,1,0,0,0
6779,Fresh,Produce,2,3,5,0,1,1
6779,Fresh,Produce Lead,1,0,1,0,0,0
6779,Fresh,Senior Meat Cutter,3,1,4,0,0,0
6779,Member Team,Member Assist,2,5,7,0,2,2
6779,Member Team,Member Frontline,5,14,19,0,1,1
6779,Member Team,Member Specialist,6,3,9,0,0,0
6779,Member Team,Member Support,0,0,0,0,0,0
6779,Member Team,Member Team Lead,4,0,4,0,0,0
6779,Merchandising Team,Backroom Associate,4,0,4,0,0,0
6779,Merchandising Team,Forklift Driver,4,0,4,0,0,0
6779,Merchandising Team,Merchandising,9,10,19,0,0,0
6779,Merchandising Team,Merchandising Lead,4,0,4,0,0,0
6779,Personal Shopper,Personal Shopper,7,4,11,-1,2,1
6779,Personal Shopper,Personal Shopper Lead,1,0,1,0,0,0
6779,Specialty,Fuel/Car Wash,2,1,3,0,0,0
6779,Specialty,Maintenance,2,2,4,0,0,0
6779,Specialty,Pharmacy Tech,2,2,4,0,0,0
6779,Specialty,TBC Lead,1,0,1,0,0,0
6779,Specialty,TBC Tire Tech,3,3,6,0,0,0
7189,Fresh,Baker/Packager,2,3,5,0,2,2
7189,Fresh,Bakery Lead,1,0,1,0,0,0
7189,Fresh,Café,3,4,7,1,0,1
7189,Fresh,Cake Decorator,2,1,3,0,0,0
7189,Fresh,Freezer/Cooler/Deli,3,1,4,0,0,0
7189,Fresh,HMS/Rotisserie,2,3,5,0,0,0
7189,Fresh,Meat Cutter/Wrapper,1,1,2,0,0,0
7189,Fresh,Meat Lead,1,0,1,0,0,0
7189,Fresh,Prepared Food Lead,1,0,1,0,0,0
7189,Fresh,Produce,2,3,5,0,1,1
7189,Fresh,Produce Lead,1,0,1,0,0,0
7189,Fresh,Senior Meat Cutter,3,1,4,0,0,0
7189,Member Team,Member Assist,2,4,6,0,1,1
7189,Member Team,Member Frontline,5,13,18,0,0,0
7189,Member Team,Member Specialist,5,3,8,0,0,0
7189,Member Team,Member Support,0,0,0,0,0,0
7189,Member Team,Member Team Lead,4,0,4,0,0,0
7189,Merchandising Team,Backroom Associate,4,0,4,0,0,0
7189,Merchandising Team,Forklift Driver,3,0,3,0,0,0
7189,Merchandising Team,Merchandising,7,8,15,0,0,0
7189,Merchandising Team,Merchandising Lead,4,0,4,0,0,0
7189,Personal Shopper,Personal Shopper,7,4,11,-1,2,1
7189,Personal Shopper,Personal Shopper Lead,1,0,1,0,0,0
7189,Specialty,Fuel/Car Wash,2,1,3,0,0,0
7189,Specialty,Maintenance,2,2,4,0,0,0
7189,Specialty,Optical,1,1,2,0,0,0
7189,Specialty,Pharmacy Tech,1,2,3,0,0,0
7189,Specialty,TBC Lead,1,0,1,0,0,0
7189,Specialty,TBC Tire Tech,3,3,6,0,0,0
8117,Fresh,Baker/Packager,2,1,3,0,0,0
8117,Fresh,Bakery Lead,1,0,1,0,0,0
8117,Fresh,Café,2,4,6,0,1,1
8117,Fresh,Cake Decorator,2,1,3,0,0,0
8117,Fresh,Freezer/Cooler/Deli,3,1,4,0,0,0
8117,Fresh,HMS/Rotisserie,2,2,4,0,0,0
8117,Fresh,Meat Cutter/Wrapper,1,1,2,0,0,0
8117,Fresh,Meat Lead,1,0,1,0,0,0
8117,Fresh,Prepared Food Lead,1,0,1,0,0,0
8117,Fresh,Produce,3,2,5,0,0,0
8117,Fresh,Produce Lead,1,0,1,0,0,0
8117,Fresh,Senior Meat Cutter,2,1,3,0,0,0
8117,Member Team,Member Assist,2,4,6,0,0,0
8117,Member Team,Member Frontline,5,14,19,0,0,0
8117,Member Team,Member Specialist,5,3,8,0,0,0
8117,Member Team,Member Support,0,0,0,0,0,0
8117,Member Team,Member Team Lead,4,0,4,0,0,0
8117,Merchandising Team,Backroom Associate,4,0,4,0,0,0
8117,Merchandising Team,Forklift Driver,4,0,4,0,0,0
8117,Merchandising Team,Merchandising,9,7,16,0,0,0
8117,Merchandising Team,Merchandising Lead,4,0,4,0,0,0
8117,Personal Shopper,Personal Shopper,4,3,7,-1,2,1
8117,Personal Shopper,Personal Shopper Lead,1,0,1,0,0,0
8117,Specialty,Asset Protection,1,0,1,0,0,0
8117,Specialty,Fuel/Car Wash,2,1,3,0,0,0
8117,Specialty,Maintenance,2,2,4,0,0,0
8117,Specialty,Optical,1,1,2,0,0,0
8117,Specialty,Pharmacy Tech,3,1,4,0,0,0
8117,Specialty,TBC Lead,1,0,1,0,0,0
8117,Specialty,TBC Tire Tech,3,3,6,0,0,0
8224,Fresh,Baker/Packager,2,3,5,0,2,2
8224,Fresh,Bakery Lead,1,0,1,0,0,0
8224,Fresh,Café,3,6,9,0,1,1
8224,Fresh,Cake Decorator,3,0,3,0,0,0
8224,Fresh,Freezer/Cooler/Deli,3,2,5,0,0,0
8224,Fresh,HMS/Rotisserie,4,1,5,0,0,0
8224,Fresh,Meat Cutter/Wrapper,1,2,3,0,0,0
8224,Fresh,Meat Lead,1,0,1,0,0,0
8224,Fresh,Prepared Food Lead,1,0,1,0,0,0
8224,Fresh,Produce,2,3,5,0,0,0
8224,Fresh,Produce Lead,1,0,1,0,0,0
8224,Fresh,Senior Meat Cutter,3,1,4,0,0,0
8224,Member Team,Member Assist,4,3,7,0,0,0
8224,Member Team,Member Frontline,6,16,22,0,0,0
8224,Member Team,Member Specialist,6,3,9,0,0,0
8224,Member Team,Member Support,0,0,0,0,0,0
8224,Member Team,Member Team Lead,5,0,5,0,0,0
8224,Merchandising Team,Backroom Associate,4,0,4,0,0,0
8224,Merchandising Team,Forklift Driver,4,0,4,0,0,0
8224,Merchandising Team,Merchandising,10,9,19,0,0,0
8224,Merchandising Team,Merchandising Lead,4,0,4,0,0,0
8224,Personal Shopper,Personal Shopper,7,4,11,-1,2,1
8224,Personal Shopper,Personal Shopper Lead,1,0,1,0,0,0
8224,Specialty,Fuel/Car Wash,2,1,3,0,0,0
8224,Specialty,Maintenance,3,2,5,0,0,0
8224,Specialty,Optical,1,1,2,0,0,0
8224,Specialty,Pharmacy Tech,3,2,5,0,0,0
8224,Specialty,TBC Lead,1,0,1,0,0,0
8224,Specialty,TBC Tire Tech,4,2,6,0,0,0
8239,Fresh,Baker/Packager,2,2,4,0,1,1
8239,Fresh,Bakery Lead,1,0,1,0,0,0
8239,Fresh,Café,4,4,8,0,0,0
8239,Fresh,Cake Decorator,2,1,3,0,0,0
8239,Fresh,Freezer/Cooler/Deli,3,2,5,0,0,0
8239,Fresh,HMS/Rotisserie,2,2,4,0,0,0
8239,Fresh,Meat Cutter/Wrapper,1,1,2,0,0,0
8239,Fresh,Meat Lead,1,0,1,0,0,0
8239,Fresh,Prepared Food Lead,1,0,1,0,0,0
8239,Fresh,Produce,2,3,5,0,1,1
8239,Fresh,Produce Lead,1,0,1,0,0,0
8239,Fresh,Senior Meat Cutter,4,1,5,0,0,0
8239,Member Team,Member Assist,3,3,6,0,0,0
8239,Member Team,Member Frontline,5,16,21,0,0,0
8239,Member Team,Member Specialist,6,2,8,0,0,0
8239,Member Team,Member Support,0,0,0,0,0,0
8239,Member Team,Member Team Lead,4,0,4,0,0,0
8239,Merchandising Team,Backroom Associate,4,0,4,0,0,0
8239,Merchandising Team,Forklift Driver,4,0,4,0,0,0
8239,Merchandising Team,Merchandising,8,8,16,0,0,0
8239,Merchandising Team,Merchandising Lead,4,0,4,0,0,0
8239,Personal Shopper,Personal Shopper,6,4,10,-1,2,1
8239,Personal Shopper,Personal Shopper Lead,1,0,1,0,0,0
8239,Specialty,Fuel/Car Wash,2,1,3,0,0,0
8239,Specialty,Maintenance,3,0,3,0,0,0
8239,Specialty,Pharmacy Tech,2,1,3,0,0,0
8239,Specialty,TBC Lead,1,0,1,0,0,0
8239,Specialty,TBC Tire Tech,3,3,6,0,0,0
8241,Fresh,Baker/Packager,3,2,5,0,1,1
8241,Fresh,Bakery Lead,1,0,1,0,0,0
8241,Fresh,Café,3,6,9,0,0,0
8241,Fresh,Cake Decorator,3,0,3,0,0,0
8241,Fresh,Freezer/Cooler/Deli,3,2,5,0,0,0
8241,Fresh,HMS/Rotisserie,3,3,6,0,0,0
8241,Fresh,Meat Cutter/Wrapper,1,2,3,0,0,0
8241,Fresh,Meat Lead,1,0,1,0,0,0
8241,Fresh,Prepared Food Lead,1,0,1,0,0,0
8241,Fresh,Produce,2,3,5,0,0,0
8241,Fresh,Produce Lead,1,0,1,0,0,0
8241,Fresh,Senior Meat Cutter,3,1,4,0,0,0
8241,Member Team,Member Assist,3,5,8,0,1,1
8241,Member Team,Member Frontline,6,17,23,0,1,1
8241,Member Team,Member Specialist,6,4,10,0,0,0
8241,Member Team,Member Support,0,0,0,0,0,0
8241,Member Team,Member Team Lead,5,0,5,0,0,0
8241,Merchandising Team,Backroom Associate,4,0,4,0,0,0
8241,Merchandising Team,Forklift Driver,5,0,5,0,0,0
8241,Merchandising Team,Merchandising,10,10,20,0,1,1
8241,Merchandising Team,Merchandising Lead,4,0,4,0,0,0
8241,Personal Shopper,Personal Shopper,12,5,17,3,2,5
8241,Personal Shopper,Personal Shopper Lead,1,0,1,0,0,0
8241,Specialty,Fuel/Car Wash,2,1,3,0,0,0
8241,Specialty,Maintenance,3,2,5,0,0,0
8241,Specialty,Optical,1,1,2,0,0,0
8241,Specialty,Pharmacy Tech,3,2,5,0,0,0
8241,Specialty,TBC Lead,1,0,1,0,0,0
8241,Specialty,TBC Tire Tech,4,2,6,0,0,0
8263,Fresh,Baker/Packager,3,2,5,0,1,1
8263,Fresh,Bakery Lead,1,0,1,0,0,0
8263,Fresh,Café,3,6,9,0,1,1
8263,Fresh,Cake Decorator,3,0,3,0,0,0
8263,Fresh,Freezer/Cooler/Deli,4,2,6,1,0,1
8263,Fresh,HMS/Rotisserie,3,3,6,0,0,0
8263,Fresh,Meat Cutter/Wrapper,1,2,3,0,0,0
8263,Fresh,Meat Lead,1,0,1,0,0,0
8263,Fresh,Prepared Food Lead,1,0,1,0,0,0
8263,Fresh,Produce,4,4,8,0,1,1
8263,Fresh,Produce Lead,1,0,1,0,0,0
8263,Fresh,Senior Meat Cutter,3,1,4,0,0,0
8263,Member Team,Member Assist,3,6,9,0,1,1
8263,Member Team,Member Frontline,6,18,24,0,0,0
8263,Member Team,Member Specialist,8,4,12,0,1,1
8263,Member Team,Member Support,0,0,0,0,0,0
8263,Member Team,Member Team Lead,5,0,5,0,0,0
8263,Merchandising Team,Backroom Associate,5,0,5,1,0,1
8263,Merchandising Team,Forklift Driver,5,0,5,1,0,1
8263,Merchandising Team,Merchandising,12,11,23,2,0,2
8263,Merchandising Team,Merchandising Lead,4,0,4,0,0,0
8263,Personal Shopper,Personal Shopper,15,9,24,4,7,11
8263,Personal Shopper,Personal Shopper Lead,1,0,1,0,0,0
8263,Specialty,Asset Protection,0,0,0,0,0,0
8263,Specialty,Fuel/Car Wash,2,1,3,0,0,0
8263,Specialty,Maintenance,3,3,6,0,0,0
8263,Specialty,Optical,1,1,2,0,0,0
8263,Specialty,Pharmacy Tech,3,1,4,0,0,0
8263,Specialty,TBC Lead,1,0,1,0,0,0
8263,Specialty,TBC Tire Tech,4,2,6,0,0,0
8289,Fresh,Baker/Packager,2,1,3,0,0,0
8289,Fresh,Bakery Lead,1,0,1,0,0,0
8289,Fresh,Café,3,6,9,0,2,2
8289,Fresh,Cake Decorator,3,1,4,0,0,0
8289,Fresh,Freezer/Cooler/Deli,3,2,5,0,1,1
8289,Fresh,HMS/Rotisserie,2,2,4,0,0,0
8289,Fresh,Meat Cutter/Wrapper,1,2,3,0,0,0
8289,Fresh,Meat Lead,1,0,1,0,0,0
8289,Fresh,Prepared Food Lead,1,0,1,0,0,0
8289,Fresh,Produce,2,3,5,0,1,1
8289,Fresh,Produce Lead,1,0,1,0,0,0
8289,Fresh,Senior Meat Cutter,3,1,4,0,0,0
8289,Member Team,Member Assist,4,3,7,0,0,0
8289,Member Team,Member Frontline,5,16,21,0,0,0
8289,Member Team,Member Specialist,6,3,9,0,0,0
8289,Member Team,Member Support,0,0,0,0,0,0
8289,Member Team,Member Team Lead,5,0,5,0,0,0
8289,Merchandising Team,Backroom Associate,4,0,4,0,0,0
8289,Merchandising Team,Forklift Driver,4,0,4,0,0,0
8289,Merchandising Team,Merchandising,10,9,19,1,0,1
8289,Merchandising Team,Merchandising Lead,4,0,4,0,0,0
8289,Personal Shopper,Personal Shopper,10,5,15,3,3,6
8289,Personal Shopper,Personal Shopper Lead,1,0,1,0,0,0
8289,Specialty,Fuel/Car Wash,2,1,3,0,0,0
8289,Specialty,Maintenance,3,1,4,0,0,0
8289,Specialty,Optical,1,1,2,0,0,0
8289,Specialty,Pharmacy Tech,2,2,4,0,0,0
8289,Specialty,TBC Lead,1,0,1,0,0,0
8289,Specialty,TBC Tire Tech,3,3,6,0,0,0
4749,Fresh,Baker/Packager,2,2,4,0,1,1
4749,Fresh,Bakery Lead,1,0,1,0,0,0
4749,Fresh,Café,3,5,8,1,1,2
4749,Fresh,Cake Decorator,2,1,3,0,0,0
4749,Fresh,Freezer/Cooler/Deli,3,1,4,0,0,0
4749,Fresh,HMS/Rotisserie,3,2,5,0,1,1
4749,Fresh,Meat Cutter/Wrapper,1,1,2,0,0,0
4749,Fresh,Meat Lead,1,0,1,0,0,0
4749,Fresh,Prepared Food Lead,1,0,1,0,0,0
4749,Fresh,Produce,2,3,5,0,1,1
4749,Fresh,Produce Lead,1,0,1,0,0,0
4749,Fresh,Senior Meat Cutter,3,1,4,0,0,0
4749,Member Team,Member Assist,3,4,7,0,1,1
4749,Member Team,Member Frontline,5,17,22,0,2,2
4749,Member Team,Member Specialist,6,3,9,0,0,0
4749,Member Team,Member Support,0,0,0,0,0,0
4749,Member Team,Member Team Lead,4,0,4,0,0,0
4749,Merchandising Team,Backroom Associate,4,0,4,0,0,0
4749,Merchandising Team,Forklift Driver,4,0,4,0,0,0
4749,Merchandising Team,Merchandising,9,9,18,1,0,1
4749,Merchandising Team,Merchandising Lead,4,0,4,0,0,0
4749,Personal Shopper,Personal Shopper,8,3,11,-1,2,1
4749,Personal Shopper,Personal Shopper Lead,1,0,1,0,0,0
4749,Specialty,Fuel/Car Wash,2,1,3,0,0,0
4749,Specialty,Maintenance,2,3,5,0,0,0
4749,Specialty,Optical,2,1,3,0,0,0
4749,Specialty,Pharmacy Tech,1,2,3,0,0,0
4749,Specialty,TBC Lead,1,0,1,0,0,0
4749,Specialty,TBC Tire Tech,3,3,6,0,0,0
4754,Specialty,18-028-101 Liquor Store Lead (F),0,0,0,0,0,0
4754,Specialty,18-028-800 Liquor Store Office (F),0,0,0,0,0,0
4754,Specialty,Liquor,7,0,7,0,0,0
4808,Fresh,Baker/Packager,2,3,5,0,1,1
4808,Fresh,Bakery Lead,1,0,1,0,0,0
4808,Fresh,Café,3,6,9,0,2,2
4808,Fresh,Cake Decorator,3,0,3,-1,-1,-2
4808,Fresh,Freezer/Cooler/Deli,3,2,5,0,0,0
4808,Fresh,HMS/Rotisserie,3,3,6,0,0,0
4808,Fresh,Meat Cutter/Wrapper,4,1,5,0,0,0
4808,Fresh,Meat Lead,1,0,1,0,0,0
4808,Fresh,Prepared Food Lead,1,0,1,0,0,0
4808,Fresh,Produce,3,5,8,0,0,0
4808,Fresh,Produce Lead,1,0,1,0,0,0
4808,Fresh,Senior Meat Cutter,4,1,5,0,0,0
4808,Member Team,Member Assist,4,4,8,0,0,0
4808,Member Team,Member Frontline,5,17,22,0,0,0
4808,Member Team,Member Specialist,6,2,8,-2,0,-2
4808,Member Team,Member Support,0,0,0,0,0,0
4808,Member Team,Member Team Lead,4,0,4,0,0,0
4808,Merchandising Team,Backroom Associate,4,0,4,0,0,0
4808,Merchandising Team,Forklift Driver,5,0,5,0,0,0
4808,Merchandising Team,Merchandising,11,14,25,0,0,0
4808,Merchandising Team,Merchandising Lead,4,0,4,0,0,0
4808,Personal Shopper,Personal Shopper,24,13,37,6,2,8
4808,Personal Shopper,Personal Shopper Lead,1,0,1,0,0,0
4808,Specialty,Fuel/Car Wash,2,2,4,0,0,0
4808,Specialty,Maintenance,2,2,4,0,0,0
4808,Specialty,Optical,2,0,2,0,0,0
4808,Specialty,Pharmacy Tech,1,2,3,0,0,0
4808,Specialty,TBC Lead,1,0,1,0,0,0
4808,Specialty,TBC Tire Tech,4,2,6,0,0,0
4825,Fresh,Baker/Packager,2,2,4,0,1,1
4825,Fresh,Bakery Lead,1,0,1,0,0,0
4825,Fresh,Café,3,6,9,1,0,1
4825,Fresh,Cake Decorator,2,1,3,0,0,0
4825,Fresh,Freezer/Cooler/Deli,3,1,4,0,0,0
4825,Fresh,HMS/Rotisserie,3,3,6,0,0,0
4825,Fresh,Meat Cutter/Wrapper,1,1,2,0,0,0
4825,Fresh,Meat Lead,1,0,1,0,0,0
4825,Fresh,Prepared Food Lead,1,0,1,0,0,0
4825,Fresh,Produce,2,3,5,0,1,1
4825,Fresh,Produce Lead,1,0,1,0,0,0
4825,Fresh,Senior Meat Cutter,3,1,4,0,0,0
4825,Member Team,Member Assist,2,5,7,0,1,1
4825,Member Team,Member Frontline,5,16,21,0,0,0
4825,Member Team,Member Specialist,6,3,9,0,0,0
4825,Member Team,Member Support,0,0,0,0,0,0
4825,Member Team,Member Team Lead,4,0,4,0,0,0
4825,Merchandising Team,Backroom Associate,4,0,4,0,0,0
4825,Merchandising Team,Forklift Driver,4,0,4,0,0,0
4825,Merchandising Team,Merchandising,10,10,20,0,0,0
4825,Merchandising Team,Merchandising Lead,4,0,4,0,0,0
4825,Personal Shopper,Personal Shopper,4,2,6,-1,2,1
4825,Personal Shopper,Personal Shopper Lead,1,0,1,0,0,0
4825,Specialty,Fuel/Car Wash,2,1,3,0,0,0
4825,Specialty,Maintenance,2,2,4,0,0,0
4825,Specialty,Pharmacy Tech,3,2,5,0,0,0
4825,Specialty,TBC Lead,1,0,1,0,0,0
4825,Specialty,TBC Tire Tech,5,2,7,0,0,0
4969,Fresh,Baker/Packager,4,3,7,0,0,0
4969,Fresh,Bakery Lead,1,0,1,0,0,0
4969,Fresh,Café,6,6,12,0,0,0
4969,Fresh,Cake Decorator,3,1,4,-1,0,-1
4969,Fresh,Freezer/Cooler/Deli,4,2,6,0,0,0
4969,Fresh,HMS/Rotisserie,5,4,9,0,0,0
4969,Fresh,Meat Cutter/Wrapper,5,4,9,0,0,0
4969,Fresh,Meat Lead,1,0,1,0,0,0
4969,Fresh,Prepared Food Lead,1,0,1,0,0,0
4969,Fresh,Produce,5,6,11,0,0,0
4969,Fresh,Produce Lead,1,0,1,0,0,0
4969,Fresh,Senior Meat Cutter,6,2,8,0,0,0
4969,Member Team,Member Assist,5,9,14,0,0,0
4969,Member Team,Member Frontline,6,19,25,0,0,0
4969,Member Team,Member Specialist,8,4,12,0,0,0
4969,Member Team,Member Support,0,0,0,0,0,0
4969,Member Team,Member Team Lead,6,0,6,0,0,0
4969,Merchandising Team,Backroom Associate,5,0,5,0,0,0
4969,Merchandising Team,Forklift Driver,5,0,5,0,0,0
4969,Merchandising Team,Merchandising,12,16,28,0,0,0
4969,Merchandising Team,Merchandising Lead,6,0,6,0,0,0
4969,Personal Shopper,Personal Shopper,11,5,16,-1,3,2
4969,Personal Shopper,Personal Shopper Lead,1,0,1,0,0,0
4969,Specialty,Fuel/Car Wash,1,3,4,0,1,1
4969,Specialty,Maintenance,3,3,6,0,0,0
4969,Specialty,Optical,2,2,4,0,0,0
4969,Specialty,Pharmacy Tech,4,2,6,0,0,0
4969,Specialty,TBC Lead,1,0,1,0,0,0
4969,Specialty,TBC Tire Tech,6,4,10,0,0,0
4985,Fresh,Baker/Packager,3,3,6,0,2,2
4985,Fresh,Bakery Lead,1,0,1,0,0,0
4985,Fresh,Café,4,4,8,0,-1,-1
4985,Fresh,Cake Decorator,2,3,5,0,1,1
4985,Fresh,Freezer/Cooler/Deli,4,3,7,1,0,1
4985,Fresh,HMS/Rotisserie,4,4,8,0,0,0
4985,Fresh,Meat Cutter/Wrapper,4,1,5,0,0,0
4985,Fresh,Meat Lead,1,0,1,0,0,0
4985,Fresh,Prepared Food Lead,1,0,1,0,0,0
4985,Fresh,Produce,3,6,9,0,1,1
4985,Fresh,Produce Lead,1,0,1,0,0,0
4985,Fresh,Senior Meat Cutter,4,2,6,0,0,0
4985,Member Team,Member Assist,4,6,10,0,0,0
4985,Member Team,Member Frontline,8,19,27,0,0,0
4985,Member Team,Member Specialist,8,3,11,0,0,0
4985,Member Team,Member Support,0,0,0,0,0,0
4985,Member Team,Member Team Lead,6,0,6,0,0,0
4985,Merchandising Team,Backroom Associate,5,0,5,0,0,0
4985,Merchandising Team,Forklift Driver,6,0,6,0,0,0
4985,Merchandising Team,Merchandising,13,13,26,0,1,1
4985,Merchandising Team,Merchandising Lead,4,0,4,0,0,0
4985,Personal Shopper,Personal Shopper,9,5,14,-1,3,2
4985,Personal Shopper,Personal Shopper Lead,1,0,1,0,0,0
4985,Specialty,Fuel/Car Wash,2,2,4,0,0,0
4985,Specialty,Liquor,3,2,5,0,2,2
4985,Specialty,Maintenance,3,4,7,0,0,0
4985,Specialty,Optical,2,1,3,0,0,0
4985,Specialty,Pharmacy Tech,3,2,5,0,0,0
4985,Specialty,TBC Lead,1,0,1,0,0,0
4985,Specialty,TBC Tire Tech,5,3,8,0,0,0
6377,Fresh,Baker/Packager,0,1,1,0,1,1
6377,Fresh,Café,3,6,9,0,2,2
6377,Fresh,Cake Decorator,0,0,0,0,0,0
6377,Fresh,Freezer/Cooler/Deli,3,1,4,0,0,0
6377,Fresh,HMS/Rotisserie,3,2,5,0,0,0
6377,Fresh,Meat Cutter/Wrapper,1,2,3,0,0,0
6377,Fresh,Meat Lead,1,0,1,0,0,0
6377,Fresh,Prepared Food Lead,1,0,1,0,0,0
6377,Fresh,Produce,2,2,4,0,0,0
6377,Fresh,Produce Lead,1,0,1,0,0,0
6377,Fresh,Senior Meat Cutter,3,1,4,0,0,0
6377,Member Team,Member Assist,3,4,7,0,0,0
6377,Member Team,Member Frontline,5,16,21,0,0,0
6377,Member Team,Member Specialist,7,4,11,0,0,0
6377,Member Team,Member Support,0,0,0,0,0,0
6377,Member Team,Member Team Lead,5,0,5,0,0,0
6377,Merchandising Team,Backroom Associate,4,0,4,0,0,0
6377,Merchandising Team,Forklift Driver,5,0,5,1,0,1
6377,Merchandising Team,Merchandising,10,10,20,0,0,0
6377,Merchandising Team,Merchandising Lead,4,0,4,0,0,0
6377,Personal Shopper,Personal Shopper,6,2,8,0,0,0
6377,Personal Shopper,Personal Shopper Lead,1,0,1,0,0,0
6377,Specialty,Fuel/Car Wash,2,1,3,0,0,0
6377,Specialty,Maintenance,3,0,3,0,0,0
6377,Specialty,Pharmacy Tech,2,1,3,0,0,0
6377,Specialty,TBC Lead,1,0,1,0,0,0
6377,Specialty,TBC Tire Tech,4,2,6,0,0,0
6415,Fresh,Baker/Packager,2,3,5,0,2,2
6415,Fresh,Bakery Lead,1,0,1,0,0,0
6415,Fresh,Café,3,3,6,0,-1,-1
6415,Fresh,Cake Decorator,3,0,3,0,0,0
6415,Fresh,Freezer/Cooler/Deli,4,2,6,1,0,1
6415,Fresh,HMS/Rotisserie,3,3,6,0,0,0
6415,Fresh,Meat Cutter/Wrapper,3,2,5,0,0,0
6415,Fresh,Meat Lead,1,0,1,0,0,0
6415,Fresh,Prepared Food Lead,1,0,1,0,0,0
6415,Fresh,Produce,3,3,6,0,1,1
6415,Fresh,Produce Lead,1,0,1,0,0,0
6415,Fresh,Senior Meat Cutter,4,2,6,0,0,0
6415,Member Team,Member Assist,4,4,8,0,0,0
6415,Member Team,Member Frontline,7,19,26,0,0,0
6415,Member Team,Member Specialist,8,3,11,0,0,0
6415,Member Team,Member Support,0,0,0,0,0,0
6415,Member Team,Member Team Lead,5,0,5,0,0,0
6415,Merchandising Team,Backroom Associate,4,0,4,0,0,0
6415,Merchandising Team,Forklift Driver,6,0,6,1,0,1
6415,Merchandising Team,Merchandising,12,11,23,-1,1,0
6415,Merchandising Team,Merchandising Lead,4,0,4,0,0,0
6415,Personal Shopper,Personal Shopper,8,4,12,-1,2,1
6415,Personal Shopper,Personal Shopper Lead,1,0,1,0,0,0
6415,Specialty,Fuel/Car Wash,2,1,3,0,0,0
6415,Specialty,Maintenance,3,2,5,0,0,0
6415,Specialty,Optical,2,0,2,0,0,0
6415,Specialty,Pharmacy Tech,3,2,5,0,0,0
6415,Specialty,TBC Lead,1,0,1,0,0,0
6415,Specialty,TBC Tire Tech,6,3,9,0,0,0
8104,Fresh,Baker/Packager,3,1,4,0,0,0
8104,Fresh,Bakery Lead,1,0,1,0,0,0
8104,Fresh,Café,3,7,10,0,2,2
8104,Fresh,Cake Decorator,3,1,4,0,0,0
8104,Fresh,Freezer/Cooler/Deli,4,4,8,1,0,1
8104,Fresh,HMS/Rotisserie,3,4,7,0,0,0
8104,Fresh,Meat Cutter/Wrapper,1,2,3,0,0,0
8104,Fresh,Meat Lead,1,0,1,0,0,0
8104,Fresh,Prepared Food Lead,1,0,1,0,0,0
8104,Fresh,Produce,4,3,7,0,0,0
8104,Fresh,Produce Lead,1,0,1,0,0,0
8104,Fresh,Senior Meat Cutter,4,1,5,0,0,0
8104,Member Team,Member Assist,3,6,9,0,0,0
8104,Member Team,Member Frontline,6,22,28,0,0,0
8104,Member Team,Member Specialist,8,6,14,0,0,0
8104,Member Team,Member Support,0,0,0,0,0,0
8104,Member Team,Member Team Lead,5,0,5,0,0,0
8104,Merchandising Team,Backroom Associate,6,0,6,0,0,0
8104,Merchandising Team,Forklift Driver,6,0,6,1,0,1
8104,Merchandising Team,Merchandising,12,18,30,-2,0,-2
8104,Merchandising Team,Merchandising Lead,4,0,4,0,0,0
8104,Personal Shopper,Personal Shopper,7,4,11,-1,0,-1
8104,Personal Shopper,Personal Shopper Lead,1,0,1,0,0,0
8104,Specialty,Asset Protection,1,0,1,0,0,0
8104,Specialty,Fuel/Car Wash,2,1,3,0,0,0
8104,Specialty,Maintenance,4,3,7,0,0,0
8104,Specialty,Optical,2,0,2,0,0,0
8104,Specialty,Pharmacy Tech,2,1,3,0,0,0
8104,Specialty,TBC Lead,1,0,1,0,0,0
8104,Specialty,TBC Tire Tech,4,3,7,0,0,0
8134,Fresh,Baker/Packager,2,4,6,0,1,1
8134,Fresh,Bakery Lead,1,0,1,0,0,0
8134,Fresh,Café,4,5,9,0,1,1
8134,Fresh,Cake Decorator,2,2,4,0,0,0
8134,Fresh,Freezer/Cooler/Deli,4,2,6,1,0,1
8134,Fresh,HMS/Rotisserie,3,3,6,0,0,0
8134,Fresh,Meat Cutter/Wrapper,2,1,3,0,0,0
8134,Fresh,Meat Lead,1,0,1,0,0,0
8134,Fresh,Prepared Food Lead,1,0,1,0,0,0
8134,Fresh,Produce,3,3,6,0,0,0
8134,Fresh,Produce Lead,1,0,1,0,0,0
8134,Fresh,Senior Meat Cutter,3,1,4,0,0,0
8134,Member Team,Member Assist,3,6,9,0,1,1
8134,Member Team,Member Frontline,6,20,26,0,1,1
8134,Member Team,Member Specialist,8,3,11,0,0,0
8134,Member Team,Member Support,0,0,0,0,0,0
8134,Member Team,Member Team Lead,5,0,5,0,0,0
8134,Merchandising Team,Backroom Associate,5,0,5,1,0,1
8134,Merchandising Team,Forklift Driver,6,0,6,1,0,1
8134,Merchandising Team,Merchandising,12,12,24,1,1,2
8134,Merchandising Team,Merchandising Lead,4,0,4,0,0,0
8134,Personal Shopper,Personal Shopper,9,4,13,-1,2,1
8134,Personal Shopper,Personal Shopper Lead,1,0,1,0,0,0
8134,Specialty,Fuel/Car Wash,2,3,5,0,0,0
8134,Specialty,Maintenance,3,3,6,0,0,0
8134,Specialty,Optical,2,0,2,0,0,0
8134,Specialty,Pharmacy Tech,3,2,5,0,0,0
8134,Specialty,TBC Lead,1,0,1,0,0,0
8134,Specialty,TBC Tire Tech,4,3,7,0,0,0
8209,Fresh,Baker/Packager,3,2,5,0,0,0
8209,Fresh,Bakery Lead,1,0,1,0,0,0
8209,Fresh,Café,3,6,9,0,0,0
8209,Fresh,Cake Decorator,3,1,4,-1,0,-1
8209,Fresh,Freezer/Cooler/Deli,4,3,7,0,0,0
8209,Fresh,HMS/Rotisserie,3,3,6,0,0,0
8209,Fresh,Meat Cutter/Wrapper,4,1,5,0,0,0
8209,Fresh,Meat Lead,1,0,1,0,0,0
8209,Fresh,Prepared Food Lead,1,0,1,0,0,0
8209,Fresh,Produce,4,7,11,0,0,0
8209,Fresh,Produce Lead,1,0,1,0,0,0
8209,Fresh,Senior Meat Cutter,4,1,5,0,0,0
8209,Member Team,Member Assist,4,7,11,0,0,0
8209,Member Team,Member Frontline,5,20,25,0,0,0
8209,Member Team,Member Specialist,6,4,10,0,0,0
8209,Member Team,Member Support,0,0,0,0,0,0
8209,Member Team,Member Team Lead,5,0,5,0,0,0
8209,Merchandising Team,Backroom Associate,4,0,4,0,0,0
8209,Merchandising Team,Forklift Driver,5,0,5,0,0,0
8209,Merchandising Team,Merchandising,13,10,23,0,0,0
8209,Merchandising Team,Merchandising Lead,4,0,4,0,0,0
8209,Personal Shopper,Personal Shopper,10,5,15,-2,3,1
8209,Personal Shopper,Personal Shopper Lead,1,0,1,0,0,0
8209,Specialty,Fuel/Car Wash,2,3,5,0,0,0
8209,Specialty,Maintenance,3,3,6,0,0,0
8209,Specialty,Optical,2,0,2,0,0,0
8209,Specialty,Pharmacy Tech,2,2,4,0,0,0
8209,Specialty,TBC Lead,1,0,1,0,0,0
8209,Specialty,TBC Tire Tech,4,3,7,0,0,0
8266,Fresh,Baker/Packager,2,3,5,0,0,0
8266,Fresh,Bakery Lead,1,0,1,0,0,0
8266,Fresh,Café,3,4,7,0,0,0
8266,Fresh,Cake Decorator,2,1,3,-1,1,0
8266,Fresh,Freezer/Cooler/Deli,3,2,5,0,0,0
8266,Fresh,HMS/Rotisserie,3,3,6,0,1,1
8266,Fresh,Meat Cutter/Wrapper,1,2,3,0,0,0
8266,Fresh,Meat Lead,1,0,1,0,0,0
8266,Fresh,Prepared Food Lead,1,0,1,0,0,0
8266,Fresh,Produce,2,4,6,0,0,0
8266,Fresh,Produce Lead,1,0,1,0,0,0
8266,Fresh,Senior Meat Cutter,4,1,5,0,0,0
8266,Member Team,Member Assist,2,6,8,0,0,0
8266,Member Team,Member Frontline,5,17,22,0,1,1
8266,Member Team,Member Specialist,6,4,10,0,1,1
8266,Member Team,Member Support,0,0,0,0,0,0
8266,Member Team,Member Team Lead,5,0,5,0,0,0
8266,Merchandising Team,Backroom Associate,4,0,4,0,0,0
8266,Merchandising Team,Forklift Driver,5,0,5,0,0,0
8266,Merchandising Team,Merchandising,11,11,22,0,0,0
8266,Merchandising Team,Merchandising Lead,4,0,4,0,0,0
8266,Personal Shopper,Personal Shopper,8,4,12,-1,2,1
8266,Personal Shopper,Personal Shopper Lead,1,0,1,0,0,0
8266,Specialty,Asset Protection,1,0,1,0,0,0
8266,Specialty,Fuel/Car Wash,2,1,3,0,0,0
8266,Specialty,Maintenance,3,1,4,0,0,0
8266,Specialty,Pharmacy Tech,2,1,3,0,0,0
8266,Specialty,TBC Lead,1,0,1,0,0,0
8266,Specialty,TBC Tire Tech,4,3,7,0,0,0
8295,Fresh,Baker/Packager,2,1,3,0,0,0
8295,Fresh,Bakery Lead,1,0,1,0,0,0
8295,Fresh,Café,3,5,8,1,0,1
8295,Fresh,Cake Decorator,3,0,3,0,-1,-1
8295,Fresh,Freezer/Cooler/Deli,3,1,4,0,0,0
8295,Fresh,HMS/Rotisserie,2,3,5,0,1,1
8295,Fresh,Meat Cutter/Wrapper,1,2,3,0,0,0
8295,Fresh,Meat Lead,1,0,1,0,0,0
8295,Fresh,Prepared Food Lead,1,0,1,0,0,0
8295,Fresh,Produce,2,3,5,0,0,0
8295,Fresh,Produce Lead,1,0,1,0,0,0
8295,Fresh,Senior Meat Cutter,4,1,5,0,0,0
8295,Member Team,Member Assist,3,4,7,0,0,0
8295,Member Team,Member Frontline,6,15,21,0,0,0
8295,Member Team,Member Specialist,6,3,9,0,0,0
8295,Member Team,Member Support,0,0,0,0,0,0
8295,Member Team,Member Team Lead,5,0,5,0,0,0
8295,Merchandising Team,Backroom Associate,4,0,4,0,0,0
8295,Merchandising Team,Forklift Driver,4,0,4,0,0,0
8295,Merchandising Team,Merchandising,10,9,19,0,0,0
8295,Merchandising Team,Merchandising Lead,4,0,4,0,0,0
8295,Personal Shopper,Personal Shopper,5,2,7,-1,2,1
8295,Personal Shopper,Personal Shopper Lead,1,0,1,0,0,0
8295,Specialty,Fuel/Car Wash,2,1,3,0,0,0
8295,Specialty,Maintenance,3,0,3,0,0,0
8295,Specialty,Pharmacy Tech,3,2,5,0,0,0
8295,Specialty,TBC Lead,1,0,1,0,0,0
8295,Specialty,TBC Tire Tech,5,2,7,0,0,0
8296,Fresh,Baker/Packager,2,4,6,0,1,1
8296,Fresh,Bakery Lead,1,0,1,0,0,0
8296,Fresh,Café,6,5,11,0,-1,-1
8296,Fresh,Cake Decorator,2,2,4,0,0,0
8296,Fresh,Freezer/Cooler/Deli,4,3,7,1,1,2
8296,Fresh,HMS/Rotisserie,3,4,7,0,0,0
8296,Fresh,Meat Cutter/Wrapper,2,2,4,0,0,0
8296,Fresh,Meat Lead,1,0,1,0,0,0
8296,Fresh,Prepared Food Lead,1,0,1,0,0,0
8296,Fresh,Produce,3,6,9,0,1,1
8296,Fresh,Produce Lead,1,0,1,0,0,0
8296,Fresh,Senior Meat Cutter,3,1,4,0,0,0
8296,Member Team,Member Assist,3,7,10,0,0,0
8296,Member Team,Member Frontline,8,19,27,0,0,0
8296,Member Team,Member Specialist,7,3,10,0,0,0
8296,Member Team,Member Support,0,0,0,0,0,0
8296,Member Team,Member Team Lead,6,0,6,0,0,0
8296,Merchandising Team,Backroom Associate,5,0,5,0,0,0
8296,Merchandising Team,Forklift Driver,6,0,6,0,0,0
8296,Merchandising Team,Merchandising,12,12,24,0,0,0
8296,Merchandising Team,Merchandising Lead,4,0,4,0,0,0
8296,Personal Shopper,Personal Shopper,24,14,38,6,10,16
8296,Personal Shopper,Personal Shopper Lead,1,0,1,0,0,0
8296,Specialty,Fuel/Car Wash,2,1,3,0,0,0
8296,Specialty,Maintenance,3,3,6,0,0,0
8296,Specialty,Optical,2,1,3,0,0,0
8296,Specialty,Pharmacy Tech,3,1,4,0,0,0
8296,Specialty,TBC Lead,1,0,1,0,0,0
8296,Specialty,TBC Tire Tech,5,4,9,0,0,0
4741,Fresh,Baker/Packager,3,1,4,0,0,0
4741,Fresh,Bakery Lead,1,0,1,0,0,0
4741,Fresh,Café,3,5,8,0,-1,-1
4741,Fresh,Cake Decorator,3,0,3,0,0,0
4741,Fresh,Freezer/Cooler/Deli,3,2,5,0,0,0
4741,Fresh,HMS/Rotisserie,3,3,6,0,0,0
4741,Fresh,Meat Cutter/Wrapper,1,2,3,0,0,0
4741,Fresh,Meat Lead,1,0,1,0,0,0
4741,Fresh,Prepared Food Lead,1,0,1,0,0,0
4741,Fresh,Produce,3,2,5,0,0,0
4741,Fresh,Produce Lead,1,0,1,0,0,0
4741,Fresh,Senior Meat Cutter,4,1,5,0,0,0
4741,Member Team,Member Assist,4,3,7,0,0,0
4741,Member Team,Member Frontline,6,17,23,0,0,0
4741,Member Team,Member Specialist,6,3,9,0,0,0
4741,Member Team,Member Support,0,0,0,0,0,0
4741,Member Team,Member Team Lead,5,0,5,0,0,0
4741,Merchandising Team,Backroom Associate,4,0,4,0,0,0
4741,Merchandising Team,Forklift Driver,4,0,4,0,0,0
4741,Merchandising Team,Merchandising,8,8,16,0,0,0
4741,Merchandising Team,Merchandising Lead,4,0,4,0,0,0
4741,Personal Shopper,Personal Shopper,8,4,12,-1,2,1
4741,Personal Shopper,Personal Shopper Lead,1,0,1,0,0,0
4741,Specialty,Fuel/Car Wash,2,1,3,0,0,0
4741,Specialty,Maintenance,3,1,4,0,0,0
4741,Specialty,Optical,1,1,2,0,0,0
4741,Specialty,Pharmacy Tech,2,1,3,0,0,0
4741,Specialty,TBC Lead,1,0,1,0,0,0
4741,Specialty,TBC Tire Tech,4,2,6,0,0,0
4875,Fresh,Baker/Packager,3,2,5,1,1,2
4875,Fresh,Bakery Lead,1,0,1,0,0,0
4875,Fresh,Café,3,4,7,0,0,0
4875,Fresh,Cake Decorator,3,0,3,0,0,0
4875,Fresh,Freezer/Cooler/Deli,4,2,6,1,0,1
4875,Fresh,HMS/Rotisserie,3,3,6,0,1,1
4875,Fresh,Meat Cutter/Wrapper,1,2,3,0,0,0
4875,Fresh,Meat Lead,1,0,1,0,0,0
4875,Fresh,Prepared Food Lead,1,0,1,0,0,0
4875,Fresh,Produce,2,3,5,0,0,0
4875,Fresh,Produce Lead,1,0,1,0,0,0
4875,Fresh,Senior Meat Cutter,4,1,5,0,0,0
4875,Member Team,Member Assist,4,3,7,0,0,0
4875,Member Team,Member Frontline,6,15,21,0,0,0
4875,Member Team,Member Specialist,6,4,10,0,0,0
4875,Member Team,Member Support,0,0,0,0,0,0
4875,Member Team,Member Team Lead,5,0,5,0,0,0
4875,Merchandising Team,Backroom Associate,4,0,4,0,0,0
4875,Merchandising Team,Forklift Driver,4,0,4,0,0,0
4875,Merchandising Team,Merchandising,9,10,19,0,2,2
4875,Merchandising Team,Merchandising Lead,4,0,4,0,0,0
4875,Personal Shopper,Personal Shopper,7,4,11,0,2,2
4875,Personal Shopper,Personal Shopper Lead,1,0,1,0,0,0
4875,Specialty,Fuel/Car Wash,2,1,3,0,0,0
4875,Specialty,Maintenance,2,3,5,0,0,0
4875,Specialty,Optical,2,1,3,0,1,1
4875,Specialty,Pharmacy Tech,2,1,3,0,0,0
4875,Specialty,TBC Lead,1,0,1,0,0,0
4875,Specialty,TBC Tire Tech,4,2,6,0,0,0
4878,Fresh,Baker/Packager,2,4,6,0,1,1
4878,Fresh,Bakery Lead,1,0,1,0,0,0
4878,Fresh,Café,3,2,5,0,-1,-1
4878,Fresh,Cake Decorator,3,0,3,0,0,0
4878,Fresh,Freezer/Cooler/Deli,3,1,4,0,0,0
4878,Fresh,HMS/Rotisserie,3,2,5,0,0,0
4878,Fresh,Meat Cutter/Wrapper,1,1,2,0,0,0
4878,Fresh,Meat Lead,1,0,1,0,0,0
4878,Fresh,Prepared Food Lead,1,0,1,0,0,0
4878,Fresh,Produce,2,3,5,0,1,1
4878,Fresh,Produce Lead,1,0,1,0,0,0
4878,Fresh,Senior Meat Cutter,4,1,5,0,0,0
4878,Member Team,Member Assist,4,3,7,0,0,0
4878,Member Team,Member Frontline,6,16,22,0,0,0
4878,Member Team,Member Specialist,7,3,10,0,0,0
4878,Member Team,Member Support,0,0,0,0,0,0
4878,Member Team,Member Team Lead,5,0,5,0,0,0
4878,Merchandising Team,Backroom Associate,4,0,4,0,0,0
4878,Merchandising Team,Forklift Driver,4,0,4,0,0,0
4878,Merchandising Team,Merchandising,10,10,20,1,1,2
4878,Merchandising Team,Merchandising Lead,4,0,4,0,0,0
4878,Personal Shopper,Personal Shopper,6,4,10,-1,2,1
4878,Personal Shopper,Personal Shopper Lead,1,0,1,0,0,0
4878,Specialty,Fuel/Car Wash,2,1,3,0,0,0
4878,Specialty,Maintenance,2,3,5,0,0,0
4878,Specialty,Optical,1,1,2,0,0,0
4878,Specialty,Pharmacy Tech,2,1,3,0,0,0
4878,Specialty,TBC Lead,1,0,1,0,0,0
4878,Specialty,TBC Tire Tech,4,2,6,0,0,0
4999,Fresh,Baker/Packager,2,1,3,0,0,0
4999,Fresh,Bakery Lead,1,0,1,0,0,0
4999,Fresh,Café,2,4,6,0,1,1
4999,Fresh,Cake Decorator,2,1,3,0,0,0
4999,Fresh,Freezer/Cooler/Deli,3,1,4,0,0,0
4999,Fresh,HMS/Rotisserie,2,2,4,0,0,0
4999,Fresh,Meat Cutter/Wrapper,1,1,2,0,0,0
4999,Fresh,Meat Lead,1,0,1,0,0,0
4999,Fresh,Prepared Food Lead,1,0,1,0,0,0
4999,Fresh,Produce,2,2,4,0,0,0
4999,Fresh,Produce Lead,1,0,1,0,0,0
4999,Fresh,Senior Meat Cutter,3,1,4,0,0,0
4999,Member Team,Member Assist,2,4,6,0,0,0
4999,Member Team,Member Frontline,5,16,21,0,0,0
4999,Member Team,Member Specialist,5,3,8,0,1,1
4999,Member Team,Member Support,0,0,0,0,0,0
4999,Member Team,Member Team Lead,4,0,4,0,0,0
4999,Merchandising Team,Backroom Associate,4,0,4,0,0,0
4999,Merchandising Team,Forklift Driver,4,0,4,0,0,0
4999,Merchandising Team,Merchandising,8,8,16,0,1,1
4999,Merchandising Team,Merchandising Lead,4,0,4,0,0,0
4999,Personal Shopper,Personal Shopper,4,1,5,0,0,0
4999,Personal Shopper,Personal Shopper Lead,1,0,1,0,0,0
4999,Specialty,Fuel/Car Wash,2,1,3,0,0,0
4999,Specialty,Maintenance,2,2,4,0,0,0
4999,Specialty,Pharmacy Tech,2,2,4,0,0,0
4999,Specialty,TBC Lead,1,0,1,0,0,0
4999,Specialty,TBC Tire Tech,5,3,8,0,0,0
6252,Fresh,Baker/Packager,2,1,3,0,0,0
6252,Fresh,Bakery Lead,1,0,1,0,0,0
6252,Fresh,Café,2,3,5,0,-1,-1
6252,Fresh,Cake Decorator,3,0,3,0,0,0
6252,Fresh,Freezer/Cooler/Deli,3,1,4,0,0,0
6252,Fresh,HMS/Rotisserie,3,3,6,0,1,1
6252,Fresh,Meat Cutter/Wrapper,2,2,4,0,0,0
6252,Fresh,Meat Lead,1,0,1,0,0,0
6252,Fresh,Prepared Food Lead,1,0,1,0,0,0
6252,Fresh,Produce,3,3,6,0,1,1
6252,Fresh,Produce Lead,1,0,1,0,0,0
6252,Fresh,Senior Meat Cutter,4,1,5,0,0,0
6252,Member Team,Member Assist,3,3,6,0,0,0
6252,Member Team,Member Frontline,5,16,21,0,0,0
6252,Member Team,Member Specialist,5,3,8,0,1,1
6252,Member Team,Member Support,0,0,0,0,0,0
6252,Member Team,Member Team Lead,5,0,5,0,0,0
6252,Merchandising Team,Backroom Associate,4,0,4,0,0,0
6252,Merchandising Team,Forklift Driver,4,0,4,0,0,0
6252,Merchandising Team,Merchandising,9,8,17,0,0,0
6252,Merchandising Team,Merchandising Lead,4,0,4,0,0,0
6252,Personal Shopper,Personal Shopper,3,2,5,0,1,1
6252,Personal Shopper,Personal Shopper Lead,1,0,1,0,0,0
6252,Specialty,Asset Protection,1,0,1,0,0,0
6252,Specialty,Maintenance,2,2,4,0,0,0
6252,Specialty,Optical,1,1,2,0,0,0
6252,Specialty,Pharmacy Tech,3,1,4,0,0,0
6252,Specialty,TBC Lead,1,0,1,0,0,0
6252,Specialty,TBC Tire Tech,4,2,6,0,0,0
6449,Fresh,Baker/Packager,3,2,5,1,1,2
6449,Fresh,Bakery Lead,1,0,1,0,0,0
6449,Fresh,Café,3,5,8,1,0,1
6449,Fresh,Cake Decorator,3,1,4,0,0,0
6449,Fresh,Freezer/Cooler/Deli,3,1,4,0,0,0
6449,Fresh,HMS/Rotisserie,2,3,5,0,1,1
6449,Fresh,Meat Cutter/Wrapper,1,2,3,0,0,0
6449,Fresh,Meat Lead,1,0,1,0,0,0
6449,Fresh,Prepared Food Lead,1,0,1,0,0,0
6449,Fresh,Produce,2,3,5,0,1,1
6449,Fresh,Produce Lead,1,0,1,0,0,0
6449,Fresh,Senior Meat Cutter,4,1,5,0,0,0
6449,Member Team,Member Assist,3,4,7,0,0,0
6449,Member Team,Member Frontline,6,16,22,0,0,0
6449,Member Team,Member Specialist,6,3,9,0,0,0
6449,Member Team,Member Support,0,0,0,0,0,0
6449,Member Team,Member Team Lead,5,0,5,0,0,0
6449,Merchandising Team,Backroom Associate,4,0,4,0,0,0
6449,Merchandising Team,Forklift Driver,5,0,5,1,0,1
6449,Merchandising Team,Merchandising,10,11,21,-1,0,-1
6449,Merchandising Team,Merchandising Lead,4,0,4,0,0,0
6449,Personal Shopper,Personal Shopper,3,3,6,-1,3,2
6449,Personal Shopper,Personal Shopper Lead,1,0,1,0,0,0
6449,Specialty,Fuel/Car Wash,2,1,3,0,0,0
6449,Specialty,Liquor,2,0,2,0,0,0
6449,Specialty,Maintenance,3,0,3,0,0,0
6449,Specialty,Optical,1,1,2,0,0,0
6449,Specialty,Pharmacy Tech,3,2,5,0,0,0
6449,Specialty,TBC Lead,1,0,1,0,0,0
6449,Specialty,TBC Tire Tech,4,2,6,0,0,0
6474,Fresh,Baker/Packager,2,3,5,0,0,0
6474,Fresh,Bakery Lead,1,0,1,0,0,0
6474,Fresh,Café,3,4,7,0,-1,-1
6474,Fresh,Cake Decorator,3,1,4,0,0,0
6474,Fresh,Freezer/Cooler/Deli,3,2,5,0,0,0
6474,Fresh,HMS/Rotisserie,3,3,6,0,0,0
6474,Fresh,Meat Cutter/Wrapper,1,1,2,0,0,0
6474,Fresh,Meat Lead,1,0,1,0,0,0
6474,Fresh,Prepared Food Lead,1,0,1,0,0,0
6474,Fresh,Produce,3,3,6,0,0,0
6474,Fresh,Produce Lead,1,0,1,0,0,0
6474,Fresh,Senior Meat Cutter,4,1,5,0,0,0
6474,Member Team,Member Assist,3,5,8,0,1,1
6474,Member Team,Member Frontline,8,26,34,0,0,0
6474,Member Team,Member Specialist,6,3,9,0,0,0
6474,Member Team,Member Support,0,0,0,0,0,0
6474,Member Team,Member Team Lead,5,0,5,0,0,0
6474,Merchandising Team,Backroom Associate,4,0,4,0,0,0
6474,Merchandising Team,Forklift Driver,4,0,4,0,0,0
6474,Merchandising Team,Merchandising,10,8,18,0,0,0
6474,Merchandising Team,Merchandising Lead,4,0,4,0,0,0
6474,Personal Shopper,Personal Shopper,4,1,5,0,0,0
6474,Personal Shopper,Personal Shopper Lead,1,0,1,0,0,0
6474,Specialty,Asset Protection,1,0,1,0,0,0
6474,Specialty,Fuel/Car Wash,2,1,3,0,0,0
6474,Specialty,Maintenance,3,0,3,0,0,0
6474,Specialty,Optical,1,1,2,0,0,0
6474,Specialty,Pharmacy Tech,2,0,2,0,0,0
6474,Specialty,TBC Lead,1,0,1,0,0,0
6474,Specialty,TBC Tire Tech,3,3,6,0,0,0
6479,Fresh,Baker/Packager,2,2,4,0,1,1
6479,Fresh,Bakery Lead,1,0,1,0,0,0
6479,Fresh,Café,3,5,8,1,1,2
6479,Fresh,Cake Decorator,3,0,3,0,0,0
6479,Fresh,Freezer/Cooler/Deli,3,1,4,0,0,0
6479,Fresh,HMS/Rotisserie,2,2,4,0,0,0
6479,Fresh,Meat Cutter/Wrapper,1,2,3,0,0,0
6479,Fresh,Meat Lead,1,0,1,0,0,0
6479,Fresh,Prepared Food Lead,1,0,1,0,0,0
6479,Fresh,Produce,2,3,5,0,1,1
6479,Fresh,Produce Lead,1,0,1,0,0,0
6479,Fresh,Senior Meat Cutter,3,1,4,0,0,0
6479,Member Team,Member Assist,3,4,7,0,1,1
6479,Member Team,Member Frontline,6,15,21,0,0,0
6479,Member Team,Member Specialist,6,2,8,0,0,0
6479,Member Team,Member Support,0,0,0,0,0,0
6479,Member Team,Member Team Lead,4,0,4,0,0,0
6479,Merchandising Team,Backroom Associate,4,0,4,0,0,0
6479,Merchandising Team,Forklift Driver,4,0,4,0,0,0
6479,Merchandising Team,Merchandising,9,9,18,0,0,0
6479,Merchandising Team,Merchandising Lead,4,0,4,0,0,0
6479,Personal Shopper,Personal Shopper,4,3,7,-1,2,1
6479,Personal Shopper,Personal Shopper Lead,1,0,1,0,0,0
6479,Specialty,Maintenance,2,2,4,0,0,0
6479,Specialty,Pharmacy Tech,2,1,3,0,0,0
6479,Specialty,TBC Lead,1,0,1,0,0,0
6479,Specialty,TBC Tire Tech,4,2,6,0,0,0
8125,Fresh,Baker/Packager,3,1,4,0,0,0
8125,Fresh,Bakery Lead,1,0,1,0,0,0
8125,Fresh,Café,3,3,6,0,0,0
8125,Fresh,Cake Decorator,2,2,4,0,-1,-1
8125,Fresh,Freezer/Cooler/Deli,3,1,4,0,0,0
8125,Fresh,HMS/Rotisserie,3,2,5,0,0,0
8125,Fresh,Meat Cutter/Wrapper,1,1,2,0,0,0
8125,Fresh,Meat Lead,1,0,1,0,0,0
8125,Fresh,Prepared Food Lead,1,0,1,0,0,0
8125,Fresh,Produce,2,2,4,0,0,0
8125,Fresh,Produce Lead,1,0,1,0,0,0
8125,Fresh,Senior Meat Cutter,3,1,4,0,0,0
8125,Member Team,Member Assist,3,4,7,0,1,1
8125,Member Team,Member Frontline,6,17,23,0,0,0
8125,Member Team,Member Specialist,5,3,8,0,1,1
8125,Member Team,Member Support,0,0,0,0,0,0
8125,Member Team,Member Team Lead,4,0,4,0,0,0
8125,Merchandising Team,Backroom Associate,4,0,4,0,0,0
8125,Merchandising Team,Forklift Driver,4,0,4,0,0,0
8125,Merchandising Team,Merchandising,8,8,16,0,0,0
8125,Merchandising Team,Merchandising Lead,4,0,4,0,0,0
8125,Personal Shopper,Personal Shopper,3,2,5,-1,2,1
8125,Personal Shopper,Personal Shopper Lead,1,0,1,0,0,0
8125,Specialty,Fuel/Car Wash,2,2,4,0,0,0
8125,Specialty,Maintenance,2,2,4,0,0,0
8125,Specialty,Optical,1,1,2,0,0,0
8125,Specialty,Pharmacy Tech,2,1,3,0,0,0
8125,Specialty,TBC Lead,1,0,1,0,0,0
8125,Specialty,TBC Tire Tech,3,3,6,0,0,0
8180,Fresh,Baker/Packager,0,1,1,0,1,1
8180,Fresh,Café,2,4,6,0,1,1
8180,Fresh,Cake Decorator,0,0,0,0,0,0
8180,Fresh,Freezer/Cooler/Deli,3,1,4,0,0,0
8180,Fresh,HMS/Rotisserie,2,2,4,0,0,0
8180,Fresh,Meat Cutter/Wrapper,1,1,2,0,0,0
8180,Fresh,Meat Lead,1,0,1,0,0,0
8180,Fresh,Prepared Food Lead,1,0,1,0,0,0
8180,Fresh,Produce,2,2,4,0,0,0
8180,Fresh,Produce Lead,1,0,1,0,0,0
8180,Fresh,Senior Meat Cutter,3,1,4,0,0,0
8180,Member Team,Member Assist,2,5,7,0,1,1
8180,Member Team,Member Frontline,6,16,22,0,0,0
8180,Member Team,Member Specialist,5,2,7,0,0,0
8180,Member Team,Member Support,0,0,0,0,0,0
8180,Member Team,Member Team Lead,4,0,4,0,0,0
8180,Merchandising Team,Backroom Associate,4,0,4,0,0,0
8180,Merchandising Team,Forklift Driver,4,0,4,0,0,0
8180,Merchandising Team,Merchandising,10,10,20,0,0,0
8180,Merchandising Team,Merchandising Lead,4,0,4,0,0,0
8180,Personal Shopper,Personal Shopper,5,2,7,-1,2,1
8180,Personal Shopper,Personal Shopper Lead,1,0,1,0,0,0
8180,Specialty,Fuel/Car Wash,2,1,3,0,0,0
8180,Specialty,Maintenance,2,2,4,0,0,0
8180,Specialty,Pharmacy Tech,3,1,4,0,0,0
8180,Specialty,TBC Lead,1,0,1,0,0,0
8180,Specialty,TBC Tire Tech,4,2,6,0,0,0
8182,Fresh,Baker/Packager,2,3,5,0,0,0
8182,Fresh,Bakery Lead,1,0,1,0,0,0
8182,Fresh,Café,2,4,6,0,0,0
8182,Fresh,Cake Decorator,2,1,3,0,0,0
8182,Fresh,Freezer/Cooler/Deli,3,1,4,0,0,0
8182,Fresh,HMS/Rotisserie,3,2,5,0,0,0
8182,Fresh,Meat Cutter/Wrapper,1,1,2,0,0,0
8182,Fresh,Meat Lead,1,0,1,0,0,0
8182,Fresh,Prepared Food Lead,1,0,1,0,0,0
8182,Fresh,Produce,3,3,6,0,1,1
8182,Fresh,Produce Lead,1,0,1,0,0,0
8182,Fresh,Senior Meat Cutter,3,1,4,0,0,0
8182,Member Team,Member Assist,2,5,7,0,1,1
8182,Member Team,Member Frontline,6,14,20,0,0,0
8182,Member Team,Member Specialist,6,4,10,0,0,0
8182,Member Team,Member Support,0,0,0,0,0,0
8182,Member Team,Member Team Lead,5,0,5,0,0,0
8182,Merchandising Team,Backroom Associate,4,0,4,0,0,0
8182,Merchandising Team,Forklift Driver,4,0,4,0,0,0
8182,Merchandising Team,Merchandising,9,8,17,0,0,0
8182,Merchandising Team,Merchandising Lead,4,0,4,0,0,0
8182,Personal Shopper,Personal Shopper,4,2,6,-1,2,1
8182,Personal Shopper,Personal Shopper Lead,1,0,1,0,0,0
8182,Specialty,Fuel/Car Wash,3,2,5,0,0,0
8182,Specialty,Maintenance,2,2,4,0,0,0
8182,Specialty,Optical,2,0,2,0,0,0
8182,Specialty,Pharmacy Tech,2,1,3,0,0,0
8182,Specialty,TBC Lead,1,0,1,0,0,0
8182,Specialty,TBC Tire Tech,4,3,7,0,0,0
8205,Fresh,Baker/Packager,3,3,6,0,1,1
8205,Fresh,Bakery Lead,1,0,1,0,0,0
8205,Fresh,Café,3,5,8,0,0,0
8205,Fresh,Cake Decorator,3,3,6,0,0,0
8205,Fresh,Freezer/Cooler/Deli,4,3,7,1,0,1
8205,Fresh,HMS/Rotisserie,3,4,7,0,0,0
8205,Fresh,Meat Cutter/Wrapper,2,1,3,0,0,0
8205,Fresh,Meat Lead,1,0,1,0,0,0
8205,Fresh,Prepared Food Lead,1,0,1,0,0,0
8205,Fresh,Produce,3,4,7,0,1,1
8205,Fresh,Produce Lead,1,0,1,0,0,0
8205,Fresh,Senior Meat Cutter,4,1,5,0,0,0
8205,Member Team,Member Assist,3,7,10,0,1,1
8205,Member Team,Member Frontline,9,21,30,0,0,0
8205,Member Team,Member Specialist,8,4,12,0,1,1
8205,Member Team,Member Support,0,0,0,0,0,0
8205,Member Team,Member Team Lead,6,0,6,0,0,0
8205,Merchandising Team,Backroom Associate,5,0,5,0,0,0
8205,Merchandising Team,Forklift Driver,5,0,5,0,0,0
8205,Merchandising Team,Merchandising,12,13,25,1,0,1
8205,Merchandising Team,Merchandising Lead,4,0,4,0,0,0
8205,Personal Shopper,Personal Shopper,8,5,13,-1,2,1
8205,Personal Shopper,Personal Shopper Lead,1,0,1,0,0,0
8205,Specialty,Fuel/Car Wash,2,1,3,0,0,0
8205,Specialty,Maintenance,3,3,6,0,0,0
8205,Specialty,Optical,2,1,3,0,0,0
8205,Specialty,Pharmacy Tech,3,2,5,0,0,0
8205,Specialty,TBC Lead,1,0,1,0,0,0
8205,Specialty,TBC Tire Tech,5,3,8,0,0,0
8251,Fresh,Baker/Packager,3,1,4,0,0,0
8251,Fresh,Bakery Lead,1,0,1,0,0,0
8251,Fresh,Café,3,3,6,0,-1,-1
8251,Fresh,Cake Decorator,3,1,4,0,0,0
8251,Fresh,Freezer/Cooler/Deli,4,2,6,1,0,1
8251,Fresh,HMS/Rotisserie,4,2,6,0,0,0
8251,Fresh,Meat Cutter/Wrapper,2,1,3,0,0,0
8251,Fresh,Meat Lead,1,0,1,0,0,0
8251,Fresh,Prepared Food Lead,1,0,1,0,0,0
8251,Fresh,Produce,2,4,6,0,1,1
8251,Fresh,Produce Lead,1,0,1,0,0,0
8251,Fresh,Senior Meat Cutter,4,1,5,0,0,0
8251,Member Team,Member Assist,3,4,7,0,0,0
8251,Member Team,Member Frontline,6,18,24,0,0,0
8251,Member Team,Member Specialist,6,3,9,0,0,0
8251,Member Team,Member Support,0,0,0,0,0,0
8251,Member Team,Member Team Lead,5,0,5,0,0,0
8251,Merchandising Team,Backroom Associate,4,0,4,0,0,0
8251,Merchandising Team,Forklift Driver,4,0,4,0,0,0
8251,Merchandising Team,Merchandising,10,9,19,2,0,2
8251,Merchandising Team,Merchandising Lead,4,0,4,0,0,0
8251,Personal Shopper,Personal Shopper,7,4,11,-1,2,1
8251,Personal Shopper,Personal Shopper Lead,1,0,1,0,0,0
8251,Specialty,Fuel/Car Wash,2,1,3,0,0,0
8251,Specialty,Maintenance,3,2,5,0,0,0
8251,Specialty,Optical,2,0,2,0,0,0
8251,Specialty,Pharmacy Tech,2,2,4,0,0,0
8251,Specialty,TBC Lead,1,0,1,0,0,0
8251,Specialty,TBC Tire Tech,4,2,6,0,0,0
8285,Fresh,Baker/Packager,4,2,6,1,1,2
8285,Fresh,Bakery Lead,1,0,1,0,0,0
8285,Fresh,Café,3,4,7,0,0,0
8285,Fresh,Cake Decorator,3,1,4,0,0,0
8285,Fresh,Freezer/Cooler/Deli,4,2,6,1,0,1
8285,Fresh,HMS/Rotisserie,3,3,6,0,0,0
8285,Fresh,Meat Cutter/Wrapper,2,1,3,0,0,0
8285,Fresh,Meat Lead,1,0,1,0,0,0
8285,Fresh,Prepared Food Lead,1,0,1,0,0,0
8285,Fresh,Produce,2,4,6,0,1,1
8285,Fresh,Produce Lead,1,0,1,0,0,0
8285,Fresh,Senior Meat Cutter,3,1,4,0,0,0
8285,Member Team,Member Assist,3,6,9,0,1,1
8285,Member Team,Member Frontline,7,17,24,0,0,0
8285,Member Team,Member Specialist,7,3,10,0,1,1
8285,Member Team,Member Support,0,0,0,0,0,0
8285,Member Team,Member Team Lead,5,0,5,0,0,0
8285,Merchandising Team,Backroom Associate,5,0,5,1,0,1
8285,Merchandising Team,Forklift Driver,5,0,5,0,0,0
8285,Merchandising Team,Merchandising,11,11,22,1,1,2
8285,Merchandising Team,Merchandising Lead,4,0,4,0,0,0
8285,Personal Shopper,Personal Shopper,7,5,12,-1,3,2
8285,Personal Shopper,Personal Shopper Lead,1,0,1,0,0,0
8285,Specialty,Fuel/Car Wash,2,1,3,0,0,0
8285,Specialty,Maintenance,3,2,5,0,0,0
8285,Specialty,Optical,1,1,2,0,0,0
8285,Specialty,Pharmacy Tech,2,1,3,0,0,0
8285,Specialty,TBC Lead,1,0,1,0,0,0
8285,Specialty,TBC Tire Tech,5,2,7,0,0,0
4815,Fresh,Baker/Packager,2,2,4,0,1,1
4815,Fresh,Bakery Lead,1,0,1,0,0,0
4815,Fresh,Café,3,4,7,1,0,1
4815,Fresh,Cake Decorator,2,1,3,0,0,0
4815,Fresh,Freezer/Cooler/Deli,3,1,4,0,0,0
4815,Fresh,HMS/Rotisserie,2,4,6,0,0,0
4815,Fresh,Meat Cutter/Wrapper,1,2,3,0,0,0
4815,Fresh,Meat Lead,1,0,1,0,0,0
4815,Fresh,Prepared Food Lead,1,0,1,0,0,0
4815,Fresh,Produce,2,3,5,0,1,1
4815,Fresh,Produce Lead,1,0,1,0,0,0
4815,Fresh,Senior Meat Cutter,3,1,4,0,0,0
4815,Member Team,Member Assist,2,5,7,0,1,1
4815,Member Team,Member Frontline,5,15,20,0,0,0
4815,Member Team,Member Specialist,6,3,9,0,1,1
4815,Member Team,Member Support,0,0,0,0,0,0
4815,Member Team,Member Team Lead,4,0,4,0,0,0
4815,Merchandising Team,Backroom Associate,4,0,4,0,0,0
4815,Merchandising Team,Forklift Driver,4,0,4,0,0,0
4815,Merchandising Team,Merchandising,10,9,19,0,0,0
4815,Merchandising Team,Merchandising Lead,4,0,4,0,0,0
4815,Personal Shopper,Personal Shopper,5,2,7,0,0,0
4815,Personal Shopper,Personal Shopper Lead,1,0,1,0,0,0
4815,Specialty,Fuel/Car Wash,2,1,3,0,0,0
4815,Specialty,Maintenance,2,2,4,0,0,0
4815,Specialty,Optical,1,1,2,0,0,0
4815,Specialty,Pharmacy Tech,1,1,2,0,0,0
4815,Specialty,TBC Lead,1,0,1,0,0,0
4815,Specialty,TBC Tire Tech,4,3,7,0,0,0
4926,Fresh,Baker/Packager,2,1,3,0,0,0
4926,Fresh,Bakery Lead,1,0,1,0,0,0
4926,Fresh,Café,2,3,5,0,1,1
4926,Fresh,Cake Decorator,2,1,3,0,0,0
4926,Fresh,Freezer/Cooler/Deli,3,1,4,0,0,0
4926,Fresh,HMS/Rotisserie,2,2,4,0,0,0
4926,Fresh,Meat Cutter/Wrapper,1,1,2,0,0,0
4926,Fresh,Meat Lead,1,0,1,0,0,0
4926,Fresh,Prepared Food Lead,1,0,1,0,0,0
4926,Fresh,Produce,2,2,4,0,0,0
4926,Fresh,Produce Lead,1,0,1,0,0,0
4926,Fresh,Senior Meat Cutter,3,1,4,0,0,0
4926,Member Team,Member Assist,2,4,6,0,1,1
4926,Member Team,Member Frontline,5,15,20,0,0,0
4926,Member Team,Member Specialist,6,2,8,0,0,0
4926,Member Team,Member Support,0,0,0,0,0,0
4926,Member Team,Member Team Lead,4,0,4,0,0,0
4926,Merchandising Team,Backroom Associate,4,0,4,0,0,0
4926,Merchandising Team,Forklift Driver,3,0,3,0,0,0
4926,Merchandising Team,Merchandising,8,7,15,0,0,0
4926,Merchandising Team,Merchandising Lead,4,0,4,0,0,0
4926,Personal Shopper,Personal Shopper,3,2,5,0,0,0
4926,Personal Shopper,Personal Shopper Lead,1,0,1,0,0,0
4926,Specialty,Fuel/Car Wash,2,2,4,0,0,0
4926,Specialty,Maintenance,2,2,4,0,0,0
4926,Specialty,Optical,2,0,2,0,0,0
4926,Specialty,Pharmacy Tech,2,0,2,0,0,0
4926,Specialty,TBC Lead,1,0,1,0,0,0
4926,Specialty,TBC Tire Tech,4,2,6,0,0,0
6304,Fresh,Baker/Packager,3,5,8,1,1,2
6304,Fresh,Bakery Lead,1,0,1,0,0,0
6304,Fresh,Café,4,3,7,0,-1,-1
6304,Fresh,Cake Decorator,3,1,4,0,0,0
6304,Fresh,Freezer/Cooler/Deli,4,3,7,1,1,2
6304,Fresh,HMS/Rotisserie,3,4,7,0,0,0
6304,Fresh,Meat Cutter/Wrapper,1,2,3,0,0,0
6304,Fresh,Meat Lead,1,0,1,0,0,0
6304,Fresh,Prepared Food Lead,1,0,1,0,0,0
6304,Fresh,Produce,3,3,6,1,0,1
6304,Fresh,Produce Lead,1,0,1,0,0,0
6304,Fresh,Senior Meat Cutter,4,1,5,0,0,0
6304,Member Team,Member Assist,3,6,9,0,0,0
6304,Member Team,Member Frontline,7,19,26,0,1,1
6304,Member Team,Member Specialist,9,4,13,0,1,1
6304,Member Team,Member Support,0,0,0,0,0,0
6304,Member Team,Member Team Lead,5,0,5,0,0,0
6304,Merchandising Team,Backroom Associate,5,0,5,0,0,0
6304,Merchandising Team,Forklift Driver,6,0,6,2,0,2
6304,Merchandising Team,Merchandising,14,11,25,3,1,4
6304,Merchandising Team,Merchandising Lead,4,0,4,0,0,0
6304,Personal Shopper,Personal Shopper,11,5,16,4,3,7
6304,Personal Shopper,Personal Shopper Lead,1,0,1,0,0,0
6304,Specialty,Asset Protection,1,0,1,0,0,0
6304,Specialty,Maintenance,3,2,5,0,0,0
6304,Specialty,Optical,1,1,2,0,0,0
6304,Specialty,Pharmacy Tech,3,1,4,0,0,0
6304,Specialty,TBC Lead,1,0,1,0,0,0
6304,Specialty,TBC Tire Tech,3,3,6,0,0,0
6325,Fresh,Baker/Packager,3,1,4,1,0,1
6325,Fresh,Bakery Lead,1,0,1,0,0,0
6325,Fresh,Café,4,3,7,0,-1,-1
6325,Fresh,Cake Decorator,3,1,4,0,0,0
6325,Fresh,Freezer/Cooler/Deli,4,2,6,1,1,2
6325,Fresh,HMS/Rotisserie,3,3,6,0,0,0
6325,Fresh,Meat Cutter/Wrapper,1,2,3,0,0,0
6325,Fresh,Meat Lead,1,0,1,0,0,0
6325,Fresh,Prepared Food Lead,1,0,1,0,0,0
6325,Fresh,Produce,2,3,5,0,1,1
6325,Fresh,Produce Lead,1,0,1,0,0,0
6325,Fresh,Senior Meat Cutter,5,1,6,0,1,1
6325,Member Team,Member Assist,3,5,8,0,0,0
6325,Member Team,Member Frontline,6,18,24,0,0,0
6325,Member Team,Member Specialist,8,3,11,0,1,1
6325,Member Team,Member Support,0,0,0,0,0,0
6325,Member Team,Member Team Lead,5,0,5,0,0,0
6325,Merchandising Team,Backroom Associate,5,0,5,1,0,1
6325,Merchandising Team,Forklift Driver,6,0,6,2,0,2
6325,Merchandising Team,Merchandising,12,11,23,1,1,2
6325,Merchandising Team,Merchandising Lead,4,0,4,0,0,0
6325,Personal Shopper,Personal Shopper,5,3,8,-1,2,1
6325,Personal Shopper,Personal Shopper Lead,1,0,1,0,0,0
6325,Specialty,Asset Protection,1,0,1,0,0,0
6325,Specialty,Maintenance,3,2,5,0,0,0
6325,Specialty,Optical,2,1,3,0,0,0
6325,Specialty,Pharmacy Tech,3,1,4,0,0,0
6325,Specialty,TBC Lead,1,0,1,0,0,0
6325,Specialty,TBC Tire Tech,4,2,6,0,0,0
6334,Fresh,Baker/Packager,2,1,3,0,0,0
6334,Fresh,Bakery Lead,1,0,1,0,0,0
6334,Fresh,Café,2,3,5,0,1,1
6334,Fresh,Cake Decorator,2,1,3,0,0,0
6334,Fresh,Freezer/Cooler/Deli,3,1,4,0,0,0
6334,Fresh,HMS/Rotisserie,2,2,4,0,0,0
6334,Fresh,Meat Cutter/Wrapper,1,1,2,0,0,0
6334,Fresh,Meat Lead,1,0,1,0,0,0
6334,Fresh,Prepared Food Lead,1,0,1,0,0,0
6334,Fresh,Produce,2,2,4,0,1,1
6334,Fresh,Produce Lead,1,0,1,0,0,0
6334,Fresh,Senior Meat Cutter,3,1,4,0,0,0
6334,Member Team,Member Assist,2,3,5,0,1,1
6334,Member Team,Member Frontline,5,14,19,0,0,0
6334,Member Team,Member Specialist,5,2,7,0,0,0
6334,Member Team,Member Support,0,0,0,0,0,0
6334,Member Team,Member Team Lead,4,0,4,0,0,0
6334,Merchandising Team,Backroom Associate,4,0,4,0,0,0
6334,Merchandising Team,Forklift Driver,3,0,3,0,0,0
6334,Merchandising Team,Merchandising,7,6,13,0,1,1
6334,Merchandising Team,Merchandising Lead,4,0,4,0,0,0
6334,Personal Shopper,Personal Shopper Lead,1,0,1,0,0,0
6334,Specialty,Fuel/Car Wash,2,1,3,0,0,0
6334,Specialty,Maintenance,2,2,4,0,0,0
6334,Specialty,TBC Lead,1,0,1,0,0,0
6334,Specialty,TBC Tire Tech,3,3,6,0,0,0
6424,Fresh,Baker/Packager,0,1,1,0,1,1
6424,Fresh,Café,2,3,5,0,0,0
6424,Fresh,Cake Decorator,0,0,0,0,0,0
6424,Fresh,Freezer/Cooler/Deli,3,1,4,0,0,0
6424,Fresh,HMS/Rotisserie,2,2,4,0,0,0
6424,Fresh,Meat Cutter/Wrapper,1,1,2,0,0,0
6424,Fresh,Meat Lead,1,0,1,0,0,0
6424,Fresh,Prepared Food Lead,1,0,1,0,0,0
6424,Fresh,Produce,2,2,4,0,0,0
6424,Fresh,Produce Lead,1,0,1,0,0,0
6424,Fresh,Senior Meat Cutter,3,1,4,0,0,0
6424,Member Team,Member Assist,2,4,6,0,1,1
6424,Member Team,Member Frontline,5,16,21,0,0,0
6424,Member Team,Member Specialist,5,3,8,0,1,1
6424,Member Team,Member Support,0,0,0,0,0,0
6424,Member Team,Member Team Lead,4,0,4,0,0,0
6424,Merchandising Team,Backroom Associate,4,0,4,0,0,0
6424,Merchandising Team,Forklift Driver,3,0,3,0,0,0
6424,Merchandising Team,Merchandising,8,8,16,0,1,1
6424,Merchandising Team,Merchandising Lead,4,0,4,0,0,0
6424,Personal Shopper,Personal Shopper,3,2,5,0,1,1
6424,Personal Shopper,Personal Shopper Lead,1,0,1,0,0,0
6424,Specialty,Fuel/Car Wash,2,1,3,0,0,0
6424,Specialty,Maintenance,2,2,4,0,0,0
6424,Specialty,TBC Lead,1,0,1,0,0,0
6424,Specialty,TBC Tire Tech,3,3,6,0,0,0
6437,Fresh,Baker/Packager,2,3,5,0,2,2
6437,Fresh,Bakery Lead,1,0,1,0,0,0
6437,Fresh,Café,3,4,7,0,-1,-1
6437,Fresh,Cake Decorator,2,1,3,0,0,0
6437,Fresh,Freezer/Cooler/Deli,3,1,4,0,0,0
6437,Fresh,HMS/Rotisserie,2,3,5,0,0,0
6437,Fresh,Meat Cutter/Wrapper,1,2,3,0,0,0
6437,Fresh,Meat Lead,1,0,1,0,0,0
6437,Fresh,Prepared Food Lead,1,0,1,0,0,0
6437,Fresh,Produce,2,3,5,0,1,1
6437,Fresh,Produce Lead,1,0,1,0,0,0
6437,Fresh,Senior Meat Cutter,3,1,4,0,0,0
6437,Member Team,Member Assist,3,4,7,0,0,0
6437,Member Team,Member Frontline,6,15,21,0,0,0
6437,Member Team,Member Specialist,7,3,10,0,0,0
6437,Member Team,Member Support,0,0,0,0,0,0
6437,Member Team,Member Team Lead,5,0,5,0,0,0
6437,Merchandising Team,Backroom Associate,4,0,4,0,0,0
6437,Merchandising Team,Forklift Driver,4,0,4,0,0,0
6437,Merchandising Team,Merchandising,10,8,18,0,0,0
6437,Merchandising Team,Merchandising Lead,4,0,4,0,0,0
6437,Personal Shopper,Personal Shopper,5,2,7,-1,2,1
6437,Personal Shopper,Personal Shopper Lead,1,0,1,0,0,0
6437,Specialty,Fuel/Car Wash,2,1,3,0,0,0
6437,Specialty,Maintenance,2,3,5,0,0,0
6437,Specialty,Optical,2,1,3,0,0,0
6437,Specialty,Pharmacy Tech,3,2,5,0,0,0
6437,Specialty,TBC Lead,1,0,1,0,0,0
6437,Specialty,TBC Tire Tech,3,3,6,0,0,0
6485,Fresh,Baker/Packager,3,3,6,0,2,2
6485,Fresh,Bakery Lead,1,0,1,0,0,0
6485,Fresh,Café,3,1,4,0,-1,-1
6485,Fresh,Cake Decorator,3,1,4,0,0,0
6485,Fresh,Freezer/Cooler/Deli,3,2,5,0,0,0
6485,Fresh,HMS/Rotisserie,3,3,6,0,0,0
6485,Fresh,Meat Cutter/Wrapper,1,2,3,0,0,0
6485,Fresh,Meat Lead,1,0,1,0,0,0
6485,Fresh,Prepared Food Lead,1,0,1,0,0,0
6485,Fresh,Produce,2,4,6,0,1,1
6485,Fresh,Produce Lead,1,0,1,0,0,0
6485,Fresh,Senior Meat Cutter,3,1,4,0,0,0
6485,Member Team,Member Assist,3,5,8,0,0,0
6485,Member Team,Member Frontline,6,19,25,0,0,0
6485,Member Team,Member Specialist,8,3,11,0,0,0
6485,Member Team,Member Support,0,0,0,0,0,0
6485,Member Team,Member Team Lead,5,0,5,0,0,0
6485,Merchandising Team,Backroom Associate,5,0,5,1,0,1
6485,Merchandising Team,Forklift Driver,5,0,5,1,0,1
6485,Merchandising Team,Merchandising,10,11,21,-1,2,1
6485,Merchandising Team,Merchandising Lead,4,0,4,0,0,0
6485,Personal Shopper,Personal Shopper,5,3,8,-1,2,1
6485,Personal Shopper,Personal Shopper Lead,1,0,1,0,0,0
6485,Specialty,Maintenance,3,1,4,0,0,0
6485,Specialty,Optical,1,1,2,0,0,0
6485,Specialty,TBC Lead,1,0,1,0,0,0
6485,Specialty,TBC Tire Tech,4,2,6,0,0,0
6489,Fresh,Baker/Packager,4,3,7,1,1,2
6489,Fresh,Bakery Lead,1,0,1,0,0,0
6489,Fresh,Café,4,2,6,0,-1,-1
6489,Fresh,Cake Decorator,3,2,5,0,0,0
6489,Fresh,Freezer/Cooler/Deli,4,4,8,1,0,1
6489,Fresh,HMS/Rotisserie,4,4,8,0,0,0
6489,Fresh,Meat Cutter/Wrapper,1,3,4,0,0,0
6489,Fresh,Meat Lead,1,0,1,0,0,0
6489,Fresh,Prepared Food Lead,1,0,1,0,0,0
6489,Fresh,Produce,3,3,6,1,0,1
6489,Fresh,Produce Lead,1,0,1,0,0,0
6489,Fresh,Senior Meat Cutter,3,1,4,0,0,0
6489,Member Team,Member Assist,3,6,9,0,0,0
6489,Member Team,Member Frontline,7,21,28,0,0,0
6489,Member Team,Member Specialist,6,5,11,1,3,4
6489,Member Team,Member Support,0,0,0,0,0,0
6489,Member Team,Member Team Lead,5,0,5,0,0,0
6489,Merchandising Team,Backroom Associate,5,0,5,0,0,0
6489,Merchandising Team,Forklift Driver,5,0,5,0,0,0
6489,Merchandising Team,Merchandising,12,10,22,0,1,1
6489,Merchandising Team,Merchandising Lead,4,0,4,0,0,0
6489,Personal Shopper,Personal Shopper,4,2,6,0,0,0
6489,Personal Shopper,Personal Shopper Lead,1,0,1,0,0,0
6489,Specialty,Asset Protection,1,0,1,0,0,0
6489,Specialty,Fuel/Car Wash,2,1,3,0,0,0
6489,Specialty,Maintenance,3,3,6,0,0,0
6489,Specialty,Optical,1,1,2,0,0,0
6489,Specialty,Pharmacy Tech,2,0,2,0,0,0
6489,Specialty,TBC Lead,1,0,1,0,0,0
6489,Specialty,TBC Tire Tech,4,2,6,0,0,0
8128,Fresh,Baker/Packager,2,3,5,0,2,2
8128,Fresh,Bakery Lead,1,0,1,0,0,0
8128,Fresh,Café,2,4,6,0,1,1
8128,Fresh,Cake Decorator,2,1,3,0,0,0
8128,Fresh,Freezer/Cooler/Deli,3,1,4,0,0,0
8128,Fresh,HMS/Rotisserie,2,3,5,0,0,0
8128,Fresh,Meat Cutter/Wrapper,1,2,3,0,0,0
8128,Fresh,Meat Lead,1,0,1,0,0,0
8128,Fresh,Prepared Food Lead,1,0,1,0,0,0
8128,Fresh,Produce,2,3,5,0,0,0
8128,Fresh,Produce Lead,1,0,1,0,0,0
8128,Fresh,Senior Meat Cutter,4,1,5,0,0,0
8128,Member Team,Member Assist,3,3,6,0,0,0
8128,Member Team,Member Frontline,6,16,22,0,0,0
8128,Member Team,Member Specialist,6,3,9,0,0,0
8128,Member Team,Member Support,0,0,0,0,0,0
8128,Member Team,Member Team Lead,5,0,5,0,0,0
8128,Merchandising Team,Backroom Associate,4,0,4,0,0,0
8128,Merchandising Team,Forklift Driver,4,0,4,0,0,0
8128,Merchandising Team,Merchandising,10,9,19,0,0,0
8128,Merchandising Team,Merchandising Lead,4,0,4,0,0,0
8128,Personal Shopper,Personal Shopper,7,4,11,-1,2,1
8128,Personal Shopper,Personal Shopper Lead,1,0,1,0,0,0
8128,Specialty,Maintenance,3,1,4,0,0,0
8128,Specialty,Optical,2,1,3,0,0,0
8128,Specialty,Pharmacy Tech,2,1,3,0,0,0
8128,Specialty,TBC Lead,1,0,1,0,0,0
8128,Specialty,TBC Tire Tech,4,2,6,0,0,0
8135,Fresh,Baker/Packager,2,2,4,0,1,1
8135,Fresh,Bakery Lead,1,0,1,0,0,0
8135,Fresh,Café,3,3,6,1,-1,0
8135,Fresh,Cake Decorator,3,0,3,0,0,0
8135,Fresh,Freezer/Cooler/Deli,3,1,4,0,0,0
8135,Fresh,HMS/Rotisserie,2,3,5,0,0,0
8135,Fresh,Meat Cutter/Wrapper,1,2,3,0,0,0
8135,Fresh,Meat Lead,1,0,1,0,0,0
8135,Fresh,Prepared Food Lead,1,0,1,0,0,0
8135,Fresh,Produce,2,3,5,0,1,1
8135,Fresh,Produce Lead,1,0,1,0,0,0
8135,Fresh,Senior Meat Cutter,4,1,5,0,0,0
8135,Member Team,Member Assist,2,5,7,0,1,1
8135,Member Team,Member Frontline,6,18,24,0,0,0
8135,Member Team,Member Specialist,5,3,8,0,0,0
8135,Member Team,Member Support,0,0,0,0,0,0
8135,Member Team,Member Team Lead,4,0,4,0,0,0
8135,Merchandising Team,Backroom Associate,4,0,4,0,0,0
8135,Merchandising Team,Forklift Driver,4,0,4,0,0,0
8135,Merchandising Team,Merchandising,10,9,19,0,1,1
8135,Merchandising Team,Merchandising Lead,4,0,4,0,0,0
8135,Personal Shopper,Personal Shopper,3,2,5,0,1,1
8135,Personal Shopper,Personal Shopper Lead,1,0,1,0,0,0
8135,Specialty,Fuel/Car Wash,2,1,3,0,0,0
8135,Specialty,Maintenance,2,2,4,0,0,0
8135,Specialty,Optical,1,1,2,0,0,0
8135,Specialty,Pharmacy Tech,1,2,3,0,0,0
8135,Specialty,TBC Lead,1,0,1,0,0,0
8135,Specialty,TBC Tire Tech,5,1,6,0,0,0
8168,Fresh,Baker/Packager,3,3,6,0,2,2
8168,Fresh,Bakery Lead,1,0,1,0,0,0
8168,Fresh,Café,3,4,7,0,-1,-1
8168,Fresh,Cake Decorator,3,1,4,0,0,0
8168,Fresh,Freezer/Cooler/Deli,4,3,7,1,1,2
8168,Fresh,HMS/Rotisserie,3,4,7,0,0,0
8168,Fresh,Meat Cutter/Wrapper,4,1,5,0,0,0
8168,Fresh,Meat Lead,1,0,1,0,0,0
8168,Fresh,Prepared Food Lead,1,0,1,0,0,0
8168,Fresh,Produce,3,5,8,0,1,1
8168,Fresh,Produce Lead,1,0,1,0,0,0
8168,Fresh,Senior Meat Cutter,4,1,5,0,0,0
8168,Member Team,Member Assist,5,4,9,0,0,0
8168,Member Team,Member Frontline,7,20,27,0,0,0
8168,Member Team,Member Specialist,9,4,13,0,1,1
8168,Member Team,Member Support,0,0,0,0,0,0
8168,Member Team,Member Team Lead,6,0,6,0,0,0
8168,Merchandising Team,Backroom Associate,5,0,5,0,0,0
8168,Merchandising Team,Forklift Driver,6,0,6,1,0,1
8168,Merchandising Team,Merchandising,13,15,28,0,0,0
8168,Merchandising Team,Merchandising Lead,4,0,4,0,0,0
8168,Personal Shopper,Personal Shopper,8,4,12,-1,2,1
8168,Personal Shopper,Personal Shopper Lead,1,0,1,0,0,0
8168,Specialty,Fuel/Car Wash,2,1,3,0,0,0
8168,Specialty,Maintenance,3,3,6,0,0,0
8168,Specialty,Optical,2,2,4,0,0,0
8168,Specialty,Pharmacy Tech,4,2,6,0,0,0
8168,Specialty,TBC Lead,1,0,1,0,0,0
8168,Specialty,TBC Tire Tech,4,1,5,0,0,0
8169,Fresh,Baker/Packager,2,3,5,0,2,2
8169,Fresh,Bakery Lead,1,0,1,0,0,0
8169,Fresh,Café,3,4,7,1,0,1
8169,Fresh,Cake Decorator,3,0,3,0,0,0
8169,Fresh,Freezer/Cooler/Deli,4,1,5,1,0,1
8169,Fresh,HMS/Rotisserie,3,2,5,0,0,0
8169,Fresh,Meat Cutter/Wrapper,2,1,3,0,0,0
8169,Fresh,Meat Lead,1,0,1,0,0,0
8169,Fresh,Prepared Food Lead,1,0,1,0,0,0
8169,Fresh,Produce,2,3,5,0,1,1
8169,Fresh,Produce Lead,1,0,1,0,0,0
8169,Fresh,Senior Meat Cutter,4,1,5,0,0,0
8169,Member Team,Member Assist,3,5,8,0,1,1
8169,Member Team,Member Frontline,6,15,21,0,0,0
8169,Member Team,Member Specialist,6,4,10,0,0,0
8169,Member Team,Member Support,0,0,0,0,0,0
8169,Member Team,Member Team Lead,5,0,5,0,0,0
8169,Merchandising Team,Backroom Associate,4,0,4,0,0,0
8169,Merchandising Team,Forklift Driver,4,0,4,0,0,0
8169,Merchandising Team,Merchandising,10,9,19,0,0,0
8169,Merchandising Team,Merchandising Lead,4,0,4,0,0,0
8169,Personal Shopper,Personal Shopper,6,2,8,0,0,0
8169,Personal Shopper,Personal Shopper Lead,1,0,1,0,0,0
8169,Specialty,Fuel/Car Wash,2,1,3,0,0,0
8169,Specialty,Maintenance,2,3,5,0,0,0
8169,Specialty,Pharmacy Tech,3,1,4,0,0,0
8169,Specialty,TBC Lead,1,0,1,0,0,0
8169,Specialty,TBC Tire Tech,4,2,6,0,0,0
8174,Fresh,Baker/Packager,4,3,7,1,2,3
8174,Fresh,Bakery Lead,1,0,1,0,0,0
8174,Fresh,Café,4,4,8,0,-1,-1
8174,Fresh,Cake Decorator,3,2,5,0,0,0
8174,Fresh,Freezer/Cooler/Deli,5,4,9,2,1,3
8174,Fresh,HMS/Rotisserie,3,4,7,0,0,0
8174,Fresh,Meat Cutter/Wrapper,2,1,3,0,0,0
8174,Fresh,Meat Lead,1,0,1,0,0,0
8174,Fresh,Prepared Food Lead,1,0,1,0,0,0
8174,Fresh,Produce,2,5,7,0,1,1
8174,Fresh,Produce Lead,1,0,1,0,0,0
8174,Fresh,Senior Meat Cutter,3,2,5,0,0,0
8174,Member Team,Member Assist,3,6,9,0,1,1
8174,Member Team,Member Frontline,7,18,25,0,0,0
8174,Member Team,Member Specialist,9,4,13,0,0,0
8174,Member Team,Member Support,0,0,0,0,0,0
8174,Member Team,Member Team Lead,5,0,5,0,0,0
8174,Merchandising Team,Backroom Associate,5,0,5,0,0,0
8174,Merchandising Team,Forklift Driver,6,0,6,1,0,1
8174,Merchandising Team,Merchandising,13,12,25,0,1,1
8174,Merchandising Team,Merchandising Lead,4,0,4,0,0,0
8174,Personal Shopper,Personal Shopper,8,4,12,-1,2,1
8174,Personal Shopper,Personal Shopper Lead,1,0,1,0,0,0
8174,Specialty,Fuel/Car Wash,2,1,3,0,0,0
8174,Specialty,Maintenance,3,3,6,0,0,0
8174,Specialty,Optical,2,1,3,0,0,0
8174,Specialty,Pharmacy Tech,2,0,2,0,0,0
8174,Specialty,TBC Lead,1,0,1,0,0,0
8174,Specialty,TBC Tire Tech,4,3,7,0,0,0
8197,Fresh,Baker/Packager,3,2,5,0,1,1
8197,Fresh,Bakery Lead,1,0,1,0,0,0
8197,Fresh,Café,3,2,5,0,-1,-1
8197,Fresh,Cake Decorator,2,1,3,0,0,0
8197,Fresh,Freezer/Cooler/Deli,3,2,5,0,0,0
8197,Fresh,HMS/Rotisserie,3,2,5,0,0,0
8197,Fresh,Meat Cutter/Wrapper,2,1,3,0,0,0
8197,Fresh,Meat Lead,1,0,1,0,0,0
8197,Fresh,Prepared Food Lead,1,0,1,0,0,0
8197,Fresh,Produce,2,4,6,0,0,0
8197,Fresh,Produce Lead,1,0,1,0,0,0
8197,Fresh,Senior Meat Cutter,4,1,5,0,1,1
8197,Member Team,Member Assist,3,5,8,0,0,0
8197,Member Team,Member Frontline,6,17,23,0,0,0
8197,Member Team,Member Specialist,6,3,9,0,2,2
8197,Member Team,Member Support,0,0,0,0,0,0
8197,Member Team,Member Team Lead,5,0,5,0,0,0
8197,Merchandising Team,Backroom Associate,4,0,4,0,0,0
8197,Merchandising Team,Forklift Driver,4,0,4,0,0,0
8197,Merchandising Team,Merchandising,10,9,19,0,0,0
8197,Merchandising Team,Merchandising Lead,4,0,4,0,0,0
8197,Personal Shopper,Personal Shopper,6,2,8,0,0,0
8197,Personal Shopper,Personal Shopper Lead,1,0,1,0,0,0
8197,Specialty,Fuel/Car Wash,2,1,3,0,0,0
8197,Specialty,Maintenance,3,1,4,0,0,0
8197,Specialty,Optical,1,1,2,0,0,0
8197,Specialty,Pharmacy Tech,3,2,5,0,0,0
8197,Specialty,TBC Lead,1,0,1,0,0,0
8197,Specialty,TBC Tire Tech,4,3,7,0,0,0
8215,Fresh,Baker/Packager,2,4,6,0,1,1
8215,Fresh,Bakery Lead,1,0,1,0,0,0
8215,Fresh,Café,3,5,8,0,1,1
8215,Fresh,Cake Decorator,3,0,3,0,0,0
8215,Fresh,Freezer/Cooler/Deli,4,2,6,1,0,1
8215,Fresh,HMS/Rotisserie,3,3,6,0,1,1
8215,Fresh,Meat Cutter/Wrapper,2,1,3,0,0,0
8215,Fresh,Meat Lead,1,0,1,0,0,0
8215,Fresh,Prepared Food Lead,1,0,1,0,0,0
8215,Fresh,Produce,3,3,6,0,1,1
8215,Fresh,Produce Lead,1,0,1,0,0,0
8215,Fresh,Senior Meat Cutter,4,1,5,0,0,0
8215,Member Team,Member Assist,3,6,9,0,1,1
8215,Member Team,Member Frontline,7,18,25,0,0,0
8215,Member Team,Member Specialist,7,4,11,0,1,1
8215,Member Team,Member Support,0,0,0,0,0,0
8215,Member Team,Member Team Lead,5,0,5,0,0,0
8215,Merchandising Team,Backroom Associate,4,0,4,0,0,0
8215,Merchandising Team,Forklift Driver,5,0,5,0,0,0
8215,Merchandising Team,Merchandising,12,11,23,0,0,0
8215,Merchandising Team,Merchandising Lead,4,0,4,0,0,0
8215,Personal Shopper,Personal Shopper,6,2,8,-1,2,1
8215,Personal Shopper,Personal Shopper Lead,1,0,1,0,0,0
8215,Specialty,Fuel/Car Wash,2,1,3,0,0,0
8215,Specialty,Maintenance,3,2,5,0,0,0
8215,Specialty,Optical,1,1,2,0,0,0
8215,Specialty,Pharmacy Tech,3,2,5,0,0,0
8215,Specialty,TBC Lead,1,0,1,0,0,0
8215,Specialty,TBC Tire Tech,5,3,8,0,0,0
8298,Fresh,Baker/Packager,3,3,6,0,2,2
8298,Fresh,Bakery Lead,1,0,1,0,0,0
8298,Fresh,Café,4,4,8,0,0,0
8298,Fresh,Cake Decorator,3,1,4,0,0,0
8298,Fresh,Freezer/Cooler/Deli,4,3,7,1,0,1
8298,Fresh,HMS/Rotisserie,3,4,7,0,0,0
8298,Fresh,Meat Cutter/Wrapper,1,2,3,0,0,0
8298,Fresh,Meat Lead,1,0,1,0,0,0
8298,Fresh,Prepared Food Lead,1,0,1,0,0,0
8298,Fresh,Produce,2,4,6,0,1,1
8298,Fresh,Produce Lead,1,0,1,0,0,0
8298,Fresh,Senior Meat Cutter,4,1,5,0,0,0
8298,Member Team,Member Assist,2,7,9,0,1,1
8298,Member Team,Member Frontline,7,20,27,0,0,0
8298,Member Team,Member Specialist,8,4,12,0,1,1
8298,Member Team,Member Support,0,0,0,0,0,0
8298,Member Team,Member Team Lead,5,0,5,0,0,0
8298,Merchandising Team,Backroom Associate,5,0,5,1,0,1
8298,Merchandising Team,Forklift Driver,5,0,5,1,0,1
8298,Merchandising Team,Merchandising,10,10,20,0,1,1
8298,Merchandising Team,Merchandising Lead,4,0,4,0,0,0
8298,Personal Shopper,Personal Shopper,7,4,11,-1,2,1
8298,Personal Shopper,Personal Shopper Lead,1,0,1,0,0,0
8298,Specialty,Fuel/Car Wash,2,2,4,0,0,0
8298,Specialty,Liquor,2,2,4,0,2,2
8298,Specialty,Maintenance,3,3,6,0,0,0
8298,Specialty,Optical,1,1,2,0,0,0
8298,Specialty,Pharmacy Tech,1,2,3,0,0,0
8298,Specialty,TBC Lead,1,0,1,0,0,0
8298,Specialty,TBC Tire Tech,5,2,7,0,0,0
4728,Fresh,Baker/Packager,2,3,5,0,2,2
4728,Fresh,Bakery Lead,1,0,1,0,0,0
4728,Fresh,Café,3,6,9,0,2,2
4728,Fresh,Cake Decorator,3,0,3,0,0,0
4728,Fresh,Freezer/Cooler/Deli,3,1,4,0,0,0
4728,Fresh,HMS/Rotisserie,2,2,4,0,0,0
4728,Fresh,Meat Cutter/Wrapper,1,2,3,0,0,0
4728,Fresh,Meat Lead,1,0,1,0,0,0
4728,Fresh,Prepared Food Lead,1,0,1,0,0,0
4728,Fresh,Produce,2,3,5,0,1,1
4728,Fresh,Produce Lead,1,0,1,0,0,0
4728,Fresh,Senior Meat Cutter,3,1,4,0,0,0
4728,Member Team,Member Assist,2,5,7,0,0,0
4728,Member Team,Member Frontline,5,17,22,0,0,0
4728,Member Team,Member Specialist,5,4,9,0,0,0
4728,Member Team,Member Support,0,0,0,0,0,0
4728,Member Team,Member Team Lead,4,0,4,0,0,0
4728,Merchandising Team,Backroom Associate,4,0,4,0,0,0
4728,Merchandising Team,Forklift Driver,5,0,5,1,0,1
4728,Merchandising Team,Merchandising,10,10,20,-1,1,0
4728,Merchandising Team,Merchandising Lead,4,0,4,0,0,0
4728,Personal Shopper,Personal Shopper,4,2,6,0,1,1
4728,Personal Shopper,Personal Shopper Lead,1,0,1,0,0,0
4728,Specialty,Fuel/Car Wash,2,1,3,0,0,0
4728,Specialty,Liquor,2,0,2,0,0,0
4728,Specialty,Maintenance,2,3,5,0,0,0
4728,Specialty,Optical,2,0,2,0,0,0
4728,Specialty,Pharmacy Tech,1,1,2,0,0,0
4728,Specialty,TBC Lead,1,0,1,0,0,0
4728,Specialty,TBC Tire Tech,4,2,6,0,0,0
4851,Fresh,Baker/Packager,3,1,4,1,0,1
4851,Fresh,Bakery Lead,1,0,1,0,0,0
4851,Fresh,Café,3,4,7,0,1,1
4851,Fresh,Cake Decorator,3,1,4,0,0,0
4851,Fresh,Freezer/Cooler/Deli,4,2,6,1,1,2
4851,Fresh,HMS/Rotisserie,2,3,5,0,0,0
4851,Fresh,Meat Cutter/Wrapper,1,2,3,0,0,0
4851,Fresh,Meat Lead,1,0,1,0,0,0
4851,Fresh,Prepared Food Lead,1,0,1,0,0,0
4851,Fresh,Produce,2,3,5,0,1,1
4851,Fresh,Produce Lead,1,0,1,0,0,0
4851,Fresh,Senior Meat Cutter,3,1,4,0,0,0
4851,Member Team,Member Assist,3,5,8,0,1,1
4851,Member Team,Member Frontline,7,17,24,0,0,0
4851,Member Team,Member Specialist,6,4,10,0,0,0
4851,Member Team,Member Support,0,0,0,0,0,0
4851,Member Team,Member Team Lead,5,0,5,0,0,0
4851,Merchandising Team,Backroom Associate,4,0,4,0,0,0
4851,Merchandising Team,Forklift Driver,6,0,6,2,0,2
4851,Merchandising Team,Merchandising,12,11,23,1,2,3
4851,Merchandising Team,Merchandising Lead,4,0,4,0,0,0
4851,Personal Shopper,Personal Shopper,10,4,14,-1,2,1
4851,Personal Shopper,Personal Shopper Lead,1,0,1,0,0,0
4851,Specialty,Fuel/Car Wash,2,1,3,0,0,0
4851,Specialty,Maintenance,3,2,5,0,0,0
4851,Specialty,Optical,1,1,2,0,0,0
4851,Specialty,Pharmacy Tech,2,2,4,0,0,0
4851,Specialty,TBC Lead,1,0,1,0,0,0
4851,Specialty,TBC Tire Tech,4,2,6,0,0,0
4876,Fresh,Baker/Packager,3,2,5,1,1,2
4876,Fresh,Bakery Lead,1,0,1,0,0,0
4876,Fresh,Café,3,6,9,1,0,1
4876,Fresh,Cake Decorator,3,0,3,0,0,0
4876,Fresh,Freezer/Cooler/Deli,3,1,4,0,0,0
4876,Fresh,HMS/Rotisserie,2,3,5,0,0,0
4876,Fresh,Meat Cutter/Wrapper,1,2,3,0,0,0
4876,Fresh,Meat Lead,1,0,1,0,0,0
4876,Fresh,Prepared Food Lead,1,0,1,0,0,0
4876,Fresh,Produce,2,3,5,0,1,1
4876,Fresh,Produce Lead,1,0,1,0,0,0
4876,Fresh,Senior Meat Cutter,4,1,5,0,0,0
4876,Member Team,Member Assist,3,4,7,0,1,1
4876,Member Team,Member Frontline,5,15,20,0,0,0
4876,Member Team,Member Specialist,8,4,12,0,0,0
4876,Member Team,Member Support,0,0,0,0,0,0
4876,Member Team,Member Team Lead,5,0,5,0,0,0
4876,Merchandising Team,Backroom Associate,4,0,4,0,0,0
4876,Merchandising Team,Forklift Driver,5,0,5,0,0,0
4876,Merchandising Team,Merchandising,11,11,22,0,3,3
4876,Merchandising Team,Merchandising Lead,4,0,4,0,0,0
4876,Personal Shopper,Personal Shopper,5,2,7,-1,2,1
4876,Personal Shopper,Personal Shopper Lead,1,0,1,0,0,0
4876,Specialty,Fuel/Car Wash,2,1,3,0,0,0
4876,Specialty,Liquor,2,0,2,0,0,0
4876,Specialty,Maintenance,3,1,4,0,0,0
4876,Specialty,Optical,2,1,3,0,0,0
4876,Specialty,Pharmacy Tech,2,0,2,0,0,0
4876,Specialty,TBC Lead,1,0,1,0,0,0
4876,Specialty,TBC Tire Tech,4,2,6,0,0,0
4908,Fresh,Baker/Packager,0,1,1,0,1,1
4908,Fresh,Café,2,4,6,0,1,1
4908,Fresh,Cake Decorator,0,0,0,0,0,0
4908,Fresh,Freezer/Cooler/Deli,3,1,4,0,0,0
4908,Fresh,HMS/Rotisserie,2,2,4,0,0,0
4908,Fresh,Meat Cutter/Wrapper,1,1,2,0,0,0
4908,Fresh,Meat Lead,1,0,1,0,0,0
4908,Fresh,Prepared Food Lead,1,0,1,0,0,0
4908,Fresh,Produce,2,2,4,0,0,0
4908,Fresh,Produce Lead,1,0,1,0,0,0
4908,Fresh,Senior Meat Cutter,3,1,4,0,0,0
4908,Member Team,Member Assist,2,4,6,0,1,1
4908,Member Team,Member Frontline,5,16,21,0,0,0
4908,Member Team,Member Specialist,5,2,7,0,0,0
4908,Member Team,Member Support,0,0,0,0,0,0
4908,Member Team,Member Team Lead,4,0,4,0,0,0
4908,Merchandising Team,Backroom Associate,4,0,4,0,0,0
4908,Merchandising Team,Forklift Driver,3,0,3,0,0,0
4908,Merchandising Team,Merchandising,8,7,15,0,0,0
4908,Merchandising Team,Merchandising Lead,4,0,4,0,0,0
4908,Personal Shopper,Personal Shopper,3,2,5,-1,2,1
4908,Personal Shopper,Personal Shopper Lead,1,0,1,0,0,0
4908,Specialty,Fuel/Car Wash,2,1,3,0,0,0
4908,Specialty,Liquor,2,0,2,0,0,0
4908,Specialty,Maintenance,2,2,4,0,0,0
4908,Specialty,Pharmacy Tech,1,1,2,0,0,0
4908,Specialty,TBC Lead,1,0,1,0,0,0
4908,Specialty,TBC Tire Tech,4,3,7,0,0,0
4992,Fresh,Baker/Packager,2,3,5,0,2,2
4992,Fresh,Bakery Lead,1,0,1,0,0,0
4992,Fresh,Café,3,4,7,1,-1,0
4992,Fresh,Cake Decorator,3,0,3,0,0,0
4992,Fresh,Freezer/Cooler/Deli,3,1,4,0,0,0
4992,Fresh,HMS/Rotisserie,2,3,5,0,0,0
4992,Fresh,Meat Cutter/Wrapper,1,1,2,0,0,0
4992,Fresh,Meat Lead,1,0,1,0,0,0
4992,Fresh,Prepared Food Lead,1,0,1,0,0,0
4992,Fresh,Produce,2,3,5,0,1,1
4992,Fresh,Produce Lead,1,0,1,0,0,0
4992,Fresh,Senior Meat Cutter,3,1,4,0,0,0
4992,Member Team,Member Assist,2,5,7,0,1,1
4992,Member Team,Member Frontline,6,16,22,0,0,0
4992,Member Team,Member Specialist,6,3,9,0,0,0
4992,Member Team,Member Support,0,0,0,0,0,0
4992,Member Team,Member Team Lead,4,0,4,0,0,0
4992,Merchandising Team,Backroom Associate,4,0,4,0,0,0
4992,Merchandising Team,Forklift Driver,5,0,5,1,0,1
4992,Merchandising Team,Merchandising,10,9,19,-1,1,0
4992,Merchandising Team,Merchandising Lead,4,0,4,0,0,0
4992,Personal Shopper,Personal Shopper,3,3,6,0,2,2
4992,Personal Shopper,Personal Shopper Lead,1,0,1,0,0,0
4992,Specialty,Fuel/Car Wash,2,1,3,0,0,0
4992,Specialty,Maintenance,2,2,4,0,0,0
4992,Specialty,Optical,2,1,3,0,0,0
4992,Specialty,Pharmacy Tech,3,1,4,0,0,0
4992,Specialty,TBC Lead,1,0,1,0,0,0
4992,Specialty,TBC Tire Tech,5,4,9,0,0,0
6380,Fresh,Baker/Packager,2,2,4,0,1,1
6380,Fresh,Bakery Lead,1,0,1,0,0,0
6380,Fresh,Café,2,4,6,0,0,0
6380,Fresh,Cake Decorator,3,0,3,0,0,0
6380,Fresh,Freezer/Cooler/Deli,3,1,4,0,0,0
6380,Fresh,HMS/Rotisserie,3,2,5,0,0,0
6380,Fresh,Meat Cutter/Wrapper,1,1,2,0,0,0
6380,Fresh,Meat Lead,1,0,1,0,0,0
6380,Fresh,Prepared Food Lead,1,0,1,0,0,0
6380,Fresh,Produce,2,2,4,0,0,0
6380,Fresh,Produce Lead,1,0,1,0,0,0
6380,Fresh,Senior Meat Cutter,3,1,4,0,0,0
6380,Member Team,Member Assist,3,4,7,0,0,0
6380,Member Team,Member Frontline,5,17,22,0,0,0
6380,Member Team,Member Specialist,6,3,9,0,0,0
6380,Member Team,Member Support,0,0,0,0,0,0
6380,Member Team,Member Team Lead,5,0,5,0,0,0
6380,Merchandising Team,Backroom Associate,4,0,4,0,0,0
6380,Merchandising Team,Forklift Driver,5,0,5,1,0,1
6380,Merchandising Team,Merchandising,11,10,21,1,0,1
6380,Merchandising Team,Merchandising Lead,4,0,4,0,0,0
6380,Personal Shopper,Personal Shopper,5,2,7,-1,2,1
6380,Personal Shopper,Personal Shopper Lead,1,0,1,0,0,0
6380,Specialty,Fuel/Car Wash,2,1,3,0,0,0
6380,Specialty,Maintenance,2,2,4,0,0,0
6380,Specialty,Optical,1,1,2,0,0,0
6380,Specialty,Pharmacy Tech,3,1,4,0,0,0
6380,Specialty,TBC Lead,1,0,1,0,0,0
6380,Specialty,TBC Tire Tech,3,3,6,0,0,0
6450,Fresh,Baker/Packager,2,4,6,0,1,1
6450,Fresh,Bakery Lead,1,0,1,0,0,0
6450,Fresh,Café,3,4,7,0,-1,-1
6450,Fresh,Cake Decorator,3,1,4,0,0,0
6450,Fresh,Freezer/Cooler/Deli,3,1,4,0,0,0
6450,Fresh,HMS/Rotisserie,4,3,7,0,0,0
6450,Fresh,Meat Cutter/Wrapper,1,1,2,0,0,0
6450,Fresh,Meat Lead,1,0,1,0,0,0
6450,Fresh,Prepared Food Lead,1,0,1,0,0,0
6450,Fresh,Produce,2,2,4,0,0,0
6450,Fresh,Produce Lead,1,0,1,0,0,0
6450,Fresh,Senior Meat Cutter,3,1,4,0,0,0
6450,Member Team,Member Assist,3,4,7,0,0,0
6450,Member Team,Member Frontline,6,15,21,0,0,0
6450,Member Team,Member Specialist,8,3,11,0,0,0
6450,Member Team,Member Support,0,0,0,0,0,0
6450,Member Team,Member Team Lead,5,0,5,0,0,0
6450,Merchandising Team,Backroom Associate,4,0,4,0,0,0
6450,Merchandising Team,Forklift Driver,5,0,5,0,0,0
6450,Merchandising Team,Merchandising,12,10,22,0,0,0
6450,Merchandising Team,Merchandising Lead,4,0,4,0,0,0
6450,Personal Shopper,Personal Shopper,4,3,7,-1,2,1
6450,Personal Shopper,Personal Shopper Lead,1,0,1,0,0,0
6450,Specialty,Fuel/Car Wash,2,1,3,0,0,0
6450,Specialty,Maintenance,3,0,3,0,0,0
6450,Specialty,Optical,2,0,2,0,0,0
6450,Specialty,Pharmacy Tech,2,0,2,0,0,0
6450,Specialty,TBC Lead,1,0,1,0,0,0
6450,Specialty,TBC Tire Tech,4,2,6,0,0,0
6517,Fresh,Baker/Packager,2,3,5,0,2,2
6517,Fresh,Bakery Lead,1,0,1,0,0,0
6517,Fresh,Café,3,4,7,1,1,2
6517,Fresh,Cake Decorator,2,1,3,0,0,0
6517,Fresh,Freezer/Cooler/Deli,3,1,4,0,0,0
6517,Fresh,HMS/Rotisserie,2,3,5,0,0,0
6517,Fresh,Meat Cutter/Wrapper,1,1,2,0,0,0
6517,Fresh,Meat Lead,1,0,1,0,0,0
6517,Fresh,Prepared Food Lead,1,0,1,0,0,0
6517,Fresh,Produce,2,2,4,0,0,0
6517,Fresh,Produce Lead,1,0,1,0,0,0
6517,Fresh,Senior Meat Cutter,3,1,4,0,0,0
6517,Member Team,Member Assist,2,5,7,0,1,1
6517,Member Team,Member Frontline,5,15,20,0,0,0
6517,Member Team,Member Specialist,5,4,9,0,0,0
6517,Member Team,Member Support,0,0,0,0,0,0
6517,Member Team,Member Team Lead,4,0,4,0,0,0
6517,Merchandising Team,Backroom Associate,4,0,4,0,0,0
6517,Merchandising Team,Forklift Driver,4,0,4,0,0,0
6517,Merchandising Team,Merchandising,10,8,18,0,0,0
6517,Merchandising Team,Merchandising Lead,4,0,4,0,0,0
6517,Personal Shopper,Personal Shopper,6,2,8,0,0,0
6517,Personal Shopper,Personal Shopper Lead,1,0,1,0,0,0
6517,Specialty,Fuel/Car Wash,2,1,3,0,0,0
6517,Specialty,Maintenance,2,2,4,0,0,0
6517,Specialty,Optical,1,1,2,0,0,0
6517,Specialty,Pharmacy Tech,3,1,4,0,0,0
6517,Specialty,TBC Lead,1,0,1,0,0,0
6517,Specialty,TBC Tire Tech,4,3,7,0,0,0
6528,Fresh,Baker/Packager,3,1,4,1,0,1
6528,Fresh,Bakery Lead,1,0,1,0,0,0
6528,Fresh,Café,2,4,6,0,0,0
6528,Fresh,Cake Decorator,3,1,4,0,0,0
6528,Fresh,Freezer/Cooler/Deli,3,1,4,0,0,0
6528,Fresh,HMS/Rotisserie,3,2,5,0,0,0
6528,Fresh,Meat Cutter/Wrapper,1,1,2,0,0,0
6528,Fresh,Meat Lead,1,0,1,0,0,0
6528,Fresh,Prepared Food Lead,1,0,1,0,0,0
6528,Fresh,Produce,2,2,4,0,0,0
6528,Fresh,Produce Lead,1,0,1,0,0,0
6528,Fresh,Senior Meat Cutter,3,1,4,0,0,0
6528,Member Team,Member Assist,3,4,7,0,0,0
6528,Member Team,Member Frontline,5,15,20,0,1,1
6528,Member Team,Member Specialist,6,3,9,0,1,1
6528,Member Team,Member Support,0,0,0,0,0,0
6528,Member Team,Member Team Lead,5,0,5,0,0,0
6528,Merchandising Team,Backroom Associate,4,0,4,0,0,0
6528,Merchandising Team,Forklift Driver,5,0,5,1,0,1
6528,Merchandising Team,Merchandising,11,10,21,1,0,1
6528,Merchandising Team,Merchandising Lead,4,0,4,0,0,0
6528,Personal Shopper,Personal Shopper,5,3,8,-1,2,1
6528,Personal Shopper,Personal Shopper Lead,1,0,1,0,0,0
6528,Specialty,Fuel/Car Wash,2,1,3,0,0,0
6528,Specialty,Maintenance,3,0,3,0,0,0
6528,Specialty,Optical,2,1,3,0,0,0
6528,Specialty,Pharmacy Tech,3,2,5,0,0,0
6528,Specialty,TBC Lead,1,0,1,0,0,0
6528,Specialty,TBC Tire Tech,3,3,6,0,0,0
8111,Fresh,Baker/Packager,3,2,5,0,1,1
8111,Fresh,Bakery Lead,1,0,1,0,0,0
8111,Fresh,Café,4,3,7,0,-1,-1
8111,Fresh,Cake Decorator,3,1,4,0,0,0
8111,Fresh,Freezer/Cooler/Deli,3,2,5,0,0,0
8111,Fresh,HMS/Rotisserie,4,3,7,0,0,0
8111,Fresh,Meat Cutter/Wrapper,1,2,3,0,0,0
8111,Fresh,Meat Lead,1,0,1,0,0,0
8111,Fresh,Prepared Food Lead,1,0,1,0,0,0
8111,Fresh,Produce,3,3,6,0,1,1
8111,Fresh,Produce Lead,1,0,1,0,0,0
8111,Fresh,Senior Meat Cutter,4,1,5,0,0,0
8111,Member Team,Member Assist,4,4,8,0,0,0
8111,Member Team,Member Frontline,5,18,23,0,1,1
8111,Member Team,Member Specialist,8,3,11,0,0,0
8111,Member Team,Member Support,0,0,0,0,0,0
8111,Member Team,Member Team Lead,5,0,5,0,0,0
8111,Merchandising Team,Backroom Associate,4,0,4,0,0,0
8111,Merchandising Team,Forklift Driver,5,0,5,0,0,0
8111,Merchandising Team,Merchandising,11,12,23,0,1,1
8111,Merchandising Team,Merchandising Lead,4,0,4,0,0,0
8111,Personal Shopper,Personal Shopper,9,5,14,0,3,3
8111,Personal Shopper,Personal Shopper Lead,1,0,1,0,0,0
8111,Specialty,Fuel/Car Wash,2,1,3,0,0,0
8111,Specialty,Liquor,2,0,2,0,0,0
8111,Specialty,Maintenance,3,2,5,0,0,0
8111,Specialty,Optical,2,2,4,0,0,0
8111,Specialty,Pharmacy Tech,3,0,3,0,0,0
8111,Specialty,TBC Lead,1,0,1,0,0,0
8111,Specialty,TBC Tire Tech,4,3,7,0,0,0
8123,Fresh,Baker/Packager,4,2,6,1,1,2
8123,Fresh,Bakery Lead,1,0,1,0,0,0
8123,Fresh,Café,3,4,7,0,0,0
8123,Fresh,Cake Decorator,3,1,4,0,0,0
8123,Fresh,Freezer/Cooler/Deli,4,3,7,1,0,1
8123,Fresh,HMS/Rotisserie,3,4,7,0,0,0
8123,Fresh,Meat Cutter/Wrapper,3,2,5,0,0,0
8123,Fresh,Meat Lead,1,0,1,0,0,0
8123,Fresh,Prepared Food Lead,1,0,1,0,0,0
8123,Fresh,Produce,4,4,8,0,1,1
8123,Fresh,Produce Lead,1,0,1,0,0,0
8123,Fresh,Senior Meat Cutter,4,1,5,0,0,0
8123,Member Team,Member Assist,3,7,10,0,1,1
8123,Member Team,Member Frontline,8,21,29,0,0,0
8123,Member Team,Member Specialist,9,3,12,0,0,0
8123,Member Team,Member Support,0,0,0,0,0,0
8123,Member Team,Member Team Lead,6,0,6,0,0,0
8123,Merchandising Team,Backroom Associate,5,0,5,0,0,0
8123,Merchandising Team,Forklift Driver,6,0,6,1,0,1
8123,Merchandising Team,Merchandising,14,13,27,2,0,2
8123,Merchandising Team,Merchandising Lead,4,0,4,0,0,0
8123,Personal Shopper,Personal Shopper,9,4,13,-1,2,1
8123,Personal Shopper,Personal Shopper Lead,1,0,1,0,0,0
8123,Specialty,Fuel/Car Wash,2,1,3,0,0,0
8123,Specialty,Maintenance,3,3,6,0,0,0
8123,Specialty,Optical,1,1,2,0,0,0
8123,Specialty,Pharmacy Tech,3,2,5,0,0,0
8123,Specialty,TBC Lead,1,0,1,0,0,0
8123,Specialty,TBC Tire Tech,4,2,6,0,0,0
8132,Fresh,Baker/Packager,2,3,5,0,0,0
8132,Fresh,Bakery Lead,1,0,1,0,0,0
8132,Fresh,Café,3,3,6,1,-1,0
8132,Fresh,Cake Decorator,3,1,4,0,0,0
8132,Fresh,Freezer/Cooler/Deli,3,1,4,0,0,0
8132,Fresh,HMS/Rotisserie,2,3,5,0,0,0
8132,Fresh,Meat Cutter/Wrapper,1,1,2,0,0,0
8132,Fresh,Meat Lead,1,0,1,0,0,0
8132,Fresh,Prepared Food Lead,1,0,1,0,0,0
8132,Fresh,Produce,2,2,4,0,0,0
8132,Fresh,Produce Lead,1,0,1,0,0,0
8132,Fresh,Senior Meat Cutter,3,1,4,0,0,0
8132,Member Team,Member Assist,3,4,7,0,0,0
8132,Member Team,Member Frontline,5,17,22,0,1,1
8132,Member Team,Member Specialist,6,3,9,0,0,0
8132,Member Team,Member Support,0,0,0,0,0,0
8132,Member Team,Member Team Lead,5,0,5,0,0,0
8132,Merchandising Team,Backroom Associate,4,0,4,0,0,0
8132,Merchandising Team,Forklift Driver,5,0,5,1,0,1
8132,Merchandising Team,Merchandising,10,9,19,1,0,1
8132,Merchandising Team,Merchandising Lead,4,0,4,0,0,0
8132,Personal Shopper,Personal Shopper,5,2,7,-1,2,1
8132,Personal Shopper,Personal Shopper Lead,1,0,1,0,0,0
8132,Specialty,Maintenance,3,0,3,0,0,0
8132,Specialty,Optical,1,1,2,0,0,0
8132,Specialty,Pharmacy Tech,2,1,3,0,0,0
8132,Specialty,TBC Lead,1,0,1,0,0,0
8132,Specialty,TBC Tire Tech,4,1,5,0,0,0
8133,Fresh,Baker/Packager,2,3,5,0,1,1
8133,Fresh,Bakery Lead,1,0,1,0,0,0
8133,Fresh,Café,2,5,7,0,1,1
8133,Fresh,Cake Decorator,3,1,4,0,0,0
8133,Fresh,Freezer/Cooler/Deli,3,1,4,0,0,0
8133,Fresh,HMS/Rotisserie,3,3,6,0,0,0
8133,Fresh,Meat Cutter/Wrapper,1,2,3,0,0,0
8133,Fresh,Meat Lead,1,0,1,0,0,0
8133,Fresh,Prepared Food Lead,1,0,1,0,0,0
8133,Fresh,Produce,2,3,5,0,1,1
8133,Fresh,Produce Lead,1,0,1,0,0,0
8133,Fresh,Senior Meat Cutter,4,1,5,0,0,0
8133,Member Team,Member Assist,3,4,7,0,0,0
8133,Member Team,Member Frontline,6,15,21,0,0,0
8133,Member Team,Member Specialist,6,4,10,0,1,1
8133,Member Team,Member Support,0,0,0,0,0,0
8133,Member Team,Member Team Lead,5,0,5,0,0,0
8133,Merchandising Team,Backroom Associate,4,0,4,0,0,0
8133,Merchandising Team,Forklift Driver,5,0,5,1,0,1
8133,Merchandising Team,Merchandising,10,10,20,0,1,1
8133,Merchandising Team,Merchandising Lead,4,0,4,0,0,0
8133,Personal Shopper,Personal Shopper,5,2,7,-1,2,1
8133,Personal Shopper,Personal Shopper Lead,1,0,1,0,0,0
8133,Specialty,Asset Protection,1,0,1,0,0,0
8133,Specialty,Fuel/Car Wash,2,1,3,0,0,0
8133,Specialty,Liquor,2,0,2,0,0,0
8133,Specialty,Maintenance,3,0,3,0,0,0
8133,Specialty,Optical,2,2,4,0,0,0
8133,Specialty,Pharmacy Tech,3,1,4,0,0,0
8133,Specialty,TBC Lead,1,0,1,0,0,0
8133,Specialty,TBC Tire Tech,3,3,6,0,0,0
8136,Fresh,Baker/Packager,3,1,4,1,0,1
8136,Fresh,Bakery Lead,1,0,1,0,0,0
8136,Fresh,Café,3,4,7,1,-1,0
8136,Fresh,Cake Decorator,3,1,4,0,0,0
8136,Fresh,Freezer/Cooler/Deli,3,1,4,0,0,0
8136,Fresh,HMS/Rotisserie,2,3,5,0,0,0
8136,Fresh,Meat Cutter/Wrapper,1,1,2,0,0,0
8136,Fresh,Meat Lead,1,0,1,0,0,0
8136,Fresh,Prepared Food Lead,1,0,1,0,0,0
8136,Fresh,Produce,2,3,5,0,1,1
8136,Fresh,Produce Lead,1,0,1,0,0,0
8136,Fresh,Senior Meat Cutter,3,1,4,0,0,0
8136,Member Team,Member Assist,3,4,7,0,0,0
8136,Member Team,Member Frontline,6,16,22,0,0,0
8136,Member Team,Member Specialist,6,4,10,0,0,0
8136,Member Team,Member Support,0,0,0,0,0,0
8136,Member Team,Member Team Lead,5,0,5,0,0,0
8136,Merchandising Team,Backroom Associate,4,0,4,0,0,0
8136,Merchandising Team,Forklift Driver,4,0,4,0,0,0
8136,Merchandising Team,Merchandising,10,10,20,0,0,0
8136,Merchandising Team,Merchandising Lead,4,0,4,0,0,0
8136,Personal Shopper,Personal Shopper,5,2,7,0,1,1
8136,Personal Shopper,Personal Shopper Lead,1,0,1,0,0,0
8136,Specialty,Fuel/Car Wash,2,1,3,0,0,0
8136,Specialty,Maintenance,3,0,3,0,0,0
8136,Specialty,Optical,2,1,3,0,0,0
8136,Specialty,Pharmacy Tech,3,2,5,0,0,0
8136,Specialty,TBC Lead,1,0,1,0,0,0
8136,Specialty,TBC Tire Tech,4,2,6,0,0,0
8188,Fresh,Baker/Packager,3,2,5,0,1,1
8188,Fresh,Bakery Lead,1,0,1,0,0,0
8188,Fresh,Café,3,5,8,0,2,2
8188,Fresh,Cake Decorator,3,1,4,0,0,0
8188,Fresh,Freezer/Cooler/Deli,3,2,5,0,0,0
8188,Fresh,HMS/Rotisserie,2,3,5,0,0,0
8188,Fresh,Meat Cutter/Wrapper,2,1,3,0,0,0
8188,Fresh,Meat Lead,1,0,1,0,0,0
8188,Fresh,Prepared Food Lead,1,0,1,0,0,0
8188,Fresh,Produce,2,4,6,0,1,1
8188,Fresh,Produce Lead,1,0,1,0,0,0
8188,Fresh,Senior Meat Cutter,5,1,6,0,1,1
8188,Member Team,Member Assist,4,4,8,0,0,0
8188,Member Team,Member Frontline,7,18,25,0,0,0
8188,Member Team,Member Specialist,7,3,10,0,0,0
8188,Member Team,Member Support,0,0,0,0,0,0
8188,Member Team,Member Team Lead,5,0,5,0,0,0
8188,Merchandising Team,Backroom Associate,5,0,5,0,0,0
8188,Merchandising Team,Forklift Driver,6,0,6,1,0,1
8188,Merchandising Team,Merchandising,13,12,25,0,0,0
8188,Merchandising Team,Merchandising Lead,4,0,4,0,0,0
8188,Personal Shopper,Personal Shopper,8,4,12,-1,2,1
8188,Personal Shopper,Personal Shopper Lead,1,0,1,0,0,0
8188,Specialty,Fuel/Car Wash,2,1,3,0,0,0
8188,Specialty,Liquor,2,0,2,0,0,0
8188,Specialty,Maintenance,3,2,5,0,0,0
8188,Specialty,Optical,2,0,2,0,0,0
8188,Specialty,Pharmacy Tech,1,2,3,0,0,0
8188,Specialty,TBC Lead,1,0,1,0,0,0
8188,Specialty,TBC Tire Tech,4,2,6,0,0,0
8276,Fresh,Baker/Packager,2,4,6,0,0,0
8276,Fresh,Bakery Lead,1,0,1,0,0,0
8276,Fresh,Café,3,3,6,0,0,0
8276,Fresh,Cake Decorator,3,2,5,-1,1,0
8276,Fresh,Freezer/Cooler/Deli,4,3,7,1,0,1
8276,Fresh,HMS/Rotisserie,3,3,6,0,0,0
8276,Fresh,Meat Cutter/Wrapper,1,2,3,0,0,0
8276,Fresh,Meat Lead,1,0,1,0,0,0
8276,Fresh,Prepared Food Lead,1,0,1,0,0,0
8276,Fresh,Produce,2,4,6,0,1,1
8276,Fresh,Produce Lead,1,0,1,0,0,0
8276,Fresh,Senior Meat Cutter,4,1,5,0,0,0
8276,Member Team,Member Assist,3,5,8,0,1,1
8276,Member Team,Member Frontline,6,17,23,0,1,1
8276,Member Team,Member Specialist,8,3,11,0,0,0
8276,Member Team,Member Support,0,0,0,0,0,0
8276,Member Team,Member Team Lead,5,0,5,0,0,0
8276,Merchandising Team,Backroom Associate,4,0,4,0,0,0
8276,Merchandising Team,Forklift Driver,5,0,5,0,0,0
8276,Merchandising Team,Merchandising,11,10,21,0,1,1
8276,Merchandising Team,Merchandising Lead,4,0,4,0,0,0
8276,Personal Shopper,Personal Shopper,6,4,10,-1,2,1
8276,Personal Shopper,Personal Shopper Lead,1,0,1,0,0,0
8276,Specialty,Fuel/Car Wash,2,1,3,0,0,0
8276,Specialty,Maintenance,3,2,5,0,0,0
8276,Specialty,Optical,2,0,2,0,0,0
8276,Specialty,Pharmacy Tech,1,2,3,0,0,0
8276,Specialty,TBC Lead,1,0,1,0,0,0
8276,Specialty,TBC Tire Tech,4,1,5,0,0,0
4109,Fresh,Baker/Packager,2,1,3,0,0,0
4109,Fresh,Bakery Lead,1,0,1,0,0,0
4109,Fresh,Café,3,5,8,0,1,1
4109,Fresh,Cake Decorator,3,1,4,0,0,0
4109,Fresh,Freezer/Cooler/Deli,3,1,4,0,0,0
4109,Fresh,HMS/Rotisserie,2,3,5,0,0,0
4109,Fresh,Meat Cutter/Wrapper,1,1,2,0,0,0
4109,Fresh,Meat Lead,1,0,1,0,0,0
4109,Fresh,Prepared Food Lead,1,0,1,0,0,0
4109,Fresh,Produce,2,3,5,0,0,0
4109,Fresh,Produce Lead,1,0,1,0,0,0
4109,Fresh,Senior Meat Cutter,3,1,4,0,0,0
4109,Member Team,Member Assist,3,3,6,0,0,0
4109,Member Team,Member Frontline,6,16,22,0,0,0
4109,Member Team,Member Specialist,6,3,9,0,0,0
4109,Member Team,Member Support,0,0,0,0,0,0
4109,Member Team,Member Team Lead,4,0,4,0,0,0
4109,Merchandising Team,Backroom Associate,4,0,4,0,0,0
4109,Merchandising Team,Forklift Driver,4,0,4,0,0,0
4109,Merchandising Team,Merchandising,9,8,17,0,0,0
4109,Merchandising Team,Merchandising Lead,4,0,4,0,0,0
4109,Personal Shopper,Personal Shopper,7,4,11,-1,2,1
4109,Personal Shopper,Personal Shopper Lead,1,0,1,0,0,0
4109,Specialty,Fuel/Car Wash,2,1,3,0,0,0
4109,Specialty,Maintenance,2,2,4,0,0,0
4109,Specialty,Optical,1,1,2,0,0,0
4109,Specialty,Pharmacy Tech,4,2,6,0,0,0
4109,Specialty,TBC Lead,1,0,1,0,0,0
4109,Specialty,TBC Tire Tech,4,3,7,0,0,0
4775,Fresh,Baker/Packager,3,3,6,0,1,1
4775,Fresh,Bakery Lead,1,0,1,0,0,0
4775,Fresh,Café,4,4,8,0,-1,-1
4775,Fresh,Cake Decorator,3,2,5,0,0,0
4775,Fresh,Freezer/Cooler/Deli,5,4,9,2,0,2
4775,Fresh,HMS/Rotisserie,5,4,9,0,0,0
4775,Fresh,Meat Cutter/Wrapper,4,1,5,0,0,0
4775,Fresh,Meat Lead,1,0,1,0,0,0
4775,Fresh,Prepared Food Lead,1,0,1,0,0,0
4775,Fresh,Produce,5,6,11,0,2,2
4775,Fresh,Produce Lead,1,0,1,0,0,0
4775,Fresh,Senior Meat Cutter,4,1,5,0,0,0
4775,Member Team,Member Assist,3,7,10,0,0,0
4775,Member Team,Member Frontline,8,22,30,0,0,0
4775,Member Team,Member Specialist,9,4,13,0,0,0
4775,Member Team,Member Support,0,0,0,0,0,0
4775,Member Team,Member Team Lead,6,0,6,0,0,0
4775,Merchandising Team,Backroom Associate,6,0,6,1,0,1
4775,Merchandising Team,Forklift Driver,6,0,6,0,0,0
4775,Merchandising Team,Merchandising,15,12,27,2,0,2
4775,Merchandising Team,Merchandising Lead,4,0,4,0,0,0
4775,Personal Shopper,Personal Shopper,8,4,12,-1,2,1
4775,Personal Shopper,Personal Shopper Lead,1,0,1,0,0,0
4775,Specialty,Asset Protection,1,0,1,0,0,0
4775,Specialty,Fuel/Car Wash,2,1,3,0,0,0
4775,Specialty,Maintenance,4,2,6,0,0,0
4775,Specialty,Optical,2,1,3,0,0,0
4775,Specialty,Pharmacy Tech,2,1,3,0,0,0
4775,Specialty,TBC Lead,1,0,1,0,0,0
4775,Specialty,TBC Tire Tech,5,4,9,0,0,0
4790,Fresh,Baker/Packager,3,2,5,0,1,1
4790,Fresh,Bakery Lead,1,0,1,0,0,0
4790,Fresh,Café,3,4,7,0,0,0
4790,Fresh,Cake Decorator,3,1,4,0,0,0
4790,Fresh,Freezer/Cooler/Deli,5,3,8,2,0,2
4790,Fresh,HMS/Rotisserie,3,2,5,0,0,0
4790,Fresh,Meat Cutter/Wrapper,4,1,5,0,0,0
4790,Fresh,Meat Lead,1,0,1,0,0,0
4790,Fresh,Prepared Food Lead,1,0,1,0,0,0
4790,Fresh,Produce,2,4,6,0,0,0
4790,Fresh,Produce Lead,1,0,1,0,0,0
4790,Fresh,Senior Meat Cutter,5,1,6,0,1,1
4790,Member Team,Member Assist,3,5,8,0,0,0
4790,Member Team,Member Frontline,6,19,25,0,0,0
4790,Member Team,Member Specialist,8,3,11,0,0,0
4790,Member Team,Member Support,0,0,0,0,0,0
4790,Member Team,Member Team Lead,5,0,5,0,0,0
4790,Merchandising Team,Backroom Associate,5,0,5,0,0,0
4790,Merchandising Team,Forklift Driver,6,0,6,1,0,1
4790,Merchandising Team,Merchandising,14,11,25,3,0,3
4790,Merchandising Team,Merchandising Lead,4,0,4,0,0,0
4790,Personal Shopper,Personal Shopper,8,5,13,-1,2,1
4790,Personal Shopper,Personal Shopper Lead,1,0,1,0,0,0
4790,Specialty,Asset Protection,1,0,1,0,0,0
4790,Specialty,Fuel/Car Wash,2,1,3,0,0,0
4790,Specialty,Maintenance,3,2,5,0,0,0
4790,Specialty,Pharmacy Tech,1,2,3,0,0,0
4790,Specialty,TBC Lead,1,0,1,0,0,0
4790,Specialty,TBC Tire Tech,4,2,6,0,0,0
4837,Fresh,Baker/Packager,2,3,5,0,2,2
4837,Fresh,Bakery Lead,1,0,1,0,0,0
4837,Fresh,Café,3,7,10,0,1,1
4837,Fresh,Cake Decorator,3,0,3,0,0,0
4837,Fresh,Freezer/Cooler/Deli,4,3,7,1,1,2
4837,Fresh,HMS/Rotisserie,3,2,5,0,0,0
4837,Fresh,Meat Cutter/Wrapper,1,2,3,0,0,0
4837,Fresh,Meat Lead,1,0,1,0,0,0
4837,Fresh,Prepared Food Lead,1,0,1,0,0,0
4837,Fresh,Produce,3,3,6,1,0,1
4837,Fresh,Produce Lead,1,0,1,0,0,0
4837,Fresh,Senior Meat Cutter,4,1,5,0,0,0
4837,Member Team,Member Assist,3,5,8,0,1,1
4837,Member Team,Member Frontline,6,19,25,0,1,1
4837,Member Team,Member Specialist,7,4,11,0,0,0
4837,Member Team,Member Support,0,0,0,0,0,0
4837,Member Team,Member Team Lead,5,0,5,0,0,0
4837,Merchandising Team,Backroom Associate,5,0,5,1,0,1
4837,Merchandising Team,Forklift Driver,6,0,6,2,0,2
4837,Merchandising Team,Merchandising,13,12,25,4,0,4
4837,Merchandising Team,Merchandising Lead,4,0,4,0,0,0
4837,Personal Shopper,Personal Shopper,8,4,12,-1,2,1
4837,Personal Shopper,Personal Shopper Lead,1,0,1,0,0,0
4837,Specialty,Fuel/Car Wash,2,1,3,0,0,0
4837,Specialty,Maintenance,3,2,5,0,0,0
4837,Specialty,Optical,1,1,2,0,0,0
4837,Specialty,Pharmacy Tech,2,2,4,0,0,0
4837,Specialty,TBC Lead,1,0,1,0,0,0
4837,Specialty,TBC Tire Tech,4,2,6,0,0,0
4871,Fresh,Baker/Packager,2,1,3,0,0,0
4871,Fresh,Bakery Lead,1,0,1,0,0,0
4871,Fresh,Café,3,4,7,1,0,1
4871,Fresh,Cake Decorator,3,1,4,0,0,0
4871,Fresh,Freezer/Cooler/Deli,3,1,4,0,0,0
4871,Fresh,HMS/Rotisserie,2,2,4,0,0,0
4871,Fresh,Meat Cutter/Wrapper,1,2,3,0,0,0
4871,Fresh,Meat Lead,1,0,1,0,0,0
4871,Fresh,Prepared Food Lead,1,0,1,0,0,0
4871,Fresh,Produce,2,3,5,0,1,1
4871,Fresh,Produce Lead,1,0,1,0,0,0
4871,Fresh,Senior Meat Cutter,3,1,4,0,0,0
4871,Member Team,Member Assist,2,5,7,0,1,1
4871,Member Team,Member Frontline,5,16,21,0,1,1
4871,Member Team,Member Specialist,6,2,8,0,0,0
4871,Member Team,Member Support,0,0,0,0,0,0
4871,Member Team,Member Team Lead,4,0,4,0,0,0
4871,Merchandising Team,Backroom Associate,4,0,4,0,0,0
4871,Merchandising Team,Forklift Driver,4,0,4,0,0,0
4871,Merchandising Team,Merchandising,10,8,18,1,1,2
4871,Merchandising Team,Merchandising Lead,4,0,4,0,0,0
4871,Personal Shopper,Personal Shopper,3,2,5,0,2,2
4871,Personal Shopper,Personal Shopper Lead,1,0,1,0,0,0
4871,Specialty,Fuel/Car Wash,2,1,3,0,0,0
4871,Specialty,Maintenance,2,2,4,0,0,0
4871,Specialty,Optical,1,1,2,0,0,0
4871,Specialty,Pharmacy Tech,2,2,4,0,0,0
4871,Specialty,TBC Lead,1,0,1,0,0,0
4871,Specialty,TBC Tire Tech,4,2,6,0,0,0
4874,Fresh,Baker/Packager,2,3,5,0,0,0
4874,Fresh,Bakery Lead,1,0,1,0,0,0
4874,Fresh,Café,4,4,8,0,-1,-1
4874,Fresh,Cake Decorator,2,2,4,0,0,0
4874,Fresh,Freezer/Cooler/Deli,5,3,8,2,0,2
4874,Fresh,HMS/Rotisserie,4,2,6,0,0,0
4874,Fresh,Meat Cutter/Wrapper,2,1,3,0,0,0
4874,Fresh,Meat Lead,1,0,1,0,0,0
4874,Fresh,Prepared Food Lead,1,0,1,0,0,0
4874,Fresh,Produce,4,3,7,0,0,0
4874,Fresh,Produce Lead,1,0,1,0,0,0
4874,Fresh,Senior Meat Cutter,5,1,6,0,1,1
4874,Member Team,Member Assist,3,5,8,0,0,0
4874,Member Team,Member Frontline,7,18,25,0,0,0
4874,Member Team,Member Specialist,7,3,10,0,0,0
4874,Member Team,Member Support,0,0,0,0,0,0
4874,Member Team,Member Team Lead,5,0,5,0,0,0
4874,Merchandising Team,Backroom Associate,5,0,5,1,0,1
4874,Merchandising Team,Forklift Driver,6,0,6,1,0,1
4874,Merchandising Team,Merchandising,13,11,24,2,0,2
4874,Merchandising Team,Merchandising Lead,4,0,4,0,0,0
4874,Personal Shopper,Personal Shopper,9,4,13,-1,2,1
4874,Personal Shopper,Personal Shopper Lead,1,0,1,0,0,0
4874,Specialty,Fuel/Car Wash,2,1,3,0,0,0
4874,Specialty,Maintenance,3,3,6,0,0,0
4874,Specialty,Optical,2,0,2,0,0,0
4874,Specialty,Pharmacy Tech,3,1,4,0,0,0
4874,Specialty,TBC Lead,1,0,1,0,0,0
4874,Specialty,TBC Tire Tech,4,4,8,0,0,0
6220,Fresh,Baker/Packager,2,2,4,0,1,1
6220,Fresh,Bakery Lead,1,0,1,0,0,0
6220,Fresh,Café,3,7,10,0,1,1
6220,Fresh,Cake Decorator,3,0,3,0,0,0
6220,Fresh,Freezer/Cooler/Deli,4,1,5,1,0,1
6220,Fresh,HMS/Rotisserie,3,2,5,0,0,0
6220,Fresh,Meat Cutter/Wrapper,1,2,3,0,0,0
6220,Fresh,Meat Lead,1,0,1,0,0,0
6220,Fresh,Prepared Food Lead,1,0,1,0,0,0
6220,Fresh,Produce,2,4,6,0,1,1
6220,Fresh,Produce Lead,1,0,1,0,0,0
6220,Fresh,Senior Meat Cutter,4,1,5,0,0,0
6220,Member Team,Member Assist,2,5,7,0,0,0
6220,Member Team,Member Frontline,6,16,22,0,0,0
6220,Member Team,Member Specialist,6,3,9,0,1,1
6220,Member Team,Member Support,0,0,0,0,0,0
6220,Member Team,Member Team Lead,4,0,4,0,0,0
6220,Merchandising Team,Backroom Associate,4,0,4,0,0,0
6220,Merchandising Team,Forklift Driver,4,0,4,0,0,0
6220,Merchandising Team,Merchandising,10,9,19,1,0,1
6220,Merchandising Team,Merchandising Lead,4,0,4,0,0,0
6220,Personal Shopper,Personal Shopper,4,2,6,-1,2,1
6220,Personal Shopper,Personal Shopper Lead,1,0,1,0,0,0
6220,Specialty,Fuel/Car Wash,2,2,4,0,0,0
6220,Specialty,Maintenance,2,2,4,0,0,0
6220,Specialty,Optical,1,1,2,0,0,0
6220,Specialty,Pharmacy Tech,2,2,4,0,0,0
6220,Specialty,TBC Lead,1,0,1,0,0,0
6220,Specialty,TBC Tire Tech,4,2,6,0,0,0
6503,Fresh,Baker/Packager,3,1,4,1,0,1
6503,Fresh,Bakery Lead,1,0,1,0,0,0
6503,Fresh,Café,3,7,10,0,2,2
6503,Fresh,Cake Decorator,3,1,4,0,0,0
6503,Fresh,Freezer/Cooler/Deli,5,3,8,2,0,2
6503,Fresh,HMS/Rotisserie,2,4,6,0,1,1
6503,Fresh,Meat Cutter/Wrapper,2,1,3,0,0,0
6503,Fresh,Meat Lead,1,0,1,0,0,0
6503,Fresh,Prepared Food Lead,1,0,1,0,0,0
6503,Fresh,Produce,2,5,7,0,1,1
6503,Fresh,Produce Lead,1,0,1,0,0,0
6503,Fresh,Senior Meat Cutter,3,1,4,0,0,0
6503,Member Team,Member Assist,3,5,8,0,0,0
6503,Member Team,Member Frontline,6,20,26,0,1,1
6503,Member Team,Member Specialist,6,4,10,0,0,0
6503,Member Team,Member Support,0,0,0,0,0,0
6503,Member Team,Member Team Lead,5,0,5,0,0,0
6503,Merchandising Team,Backroom Associate,5,0,5,1,0,1
6503,Merchandising Team,Forklift Driver,6,0,6,1,0,1
6503,Merchandising Team,Merchandising,15,11,26,4,0,4
6503,Merchandising Team,Merchandising Lead,4,0,4,0,0,0
6503,Personal Shopper,Personal Shopper,7,3,10,-1,2,1
6503,Personal Shopper,Personal Shopper Lead,1,0,1,0,0,0
6503,Specialty,Fuel/Car Wash,2,1,3,0,0,0
6503,Specialty,Maintenance,3,1,4,0,0,0
6503,Specialty,Optical,1,1,2,0,0,0
6503,Specialty,Pharmacy Tech,2,1,3,0,0,0
6503,Specialty,TBC Lead,1,0,1,0,0,0
6503,Specialty,TBC Tire Tech,4,2,6,0,0,0
6521,Fresh,Baker/Packager,2,2,4,0,1,1
6521,Fresh,Bakery Lead,1,0,1,0,0,0
6521,Fresh,Café,4,6,10,0,2,2
6521,Fresh,Cake Decorator,3,0,3,0,0,0
6521,Fresh,Freezer/Cooler/Deli,4,2,6,1,0,1
6521,Fresh,HMS/Rotisserie,4,1,5,0,0,0
6521,Fresh,Meat Cutter/Wrapper,2,1,3,0,0,0
6521,Fresh,Meat Lead,1,0,1,0,0,0
6521,Fresh,Prepared Food Lead,1,0,1,0,0,0
6521,Fresh,Produce,2,4,6,0,1,1
6521,Fresh,Produce Lead,1,0,1,0,0,0
6521,Fresh,Senior Meat Cutter,4,1,5,0,0,0
6521,Member Team,Member Assist,3,5,8,0,0,0
6521,Member Team,Member Frontline,7,17,24,0,0,0
6521,Member Team,Member Specialist,6,4,10,0,0,0
6521,Member Team,Member Support,0,0,0,0,0,0
6521,Member Team,Member Team Lead,5,0,5,0,0,0
6521,Merchandising Team,Backroom Associate,4,0,4,0,0,0
6521,Merchandising Team,Forklift Driver,5,0,5,0,0,0
6521,Merchandising Team,Merchandising,11,10,21,1,0,1
6521,Merchandising Team,Merchandising Lead,4,0,4,0,0,0
6521,Personal Shopper,Personal Shopper,5,2,7,-1,2,1
6521,Personal Shopper,Personal Shopper Lead,1,0,1,0,0,0
6521,Specialty,Fuel/Car Wash,2,1,3,0,0,0
6521,Specialty,Maintenance,3,1,4,0,0,0
6521,Specialty,Optical,1,1,2,0,0,0
6521,Specialty,Pharmacy Tech,2,1,3,0,0,0
6521,Specialty,TBC Lead,1,0,1,0,0,0
6521,Specialty,TBC Tire Tech,4,2,6,0,0,0
6527,Fresh,Baker/Packager,3,2,5,1,1,2
6527,Fresh,Bakery Lead,1,0,1,0,0,0
6527,Fresh,Café,3,6,9,0,0,0
6527,Fresh,Cake Decorator,3,0,3,0,0,0
6527,Fresh,Freezer/Cooler/Deli,4,2,6,1,0,1
6527,Fresh,HMS/Rotisserie,3,2,5,0,1,1
6527,Fresh,Meat Cutter/Wrapper,1,2,3,0,0,0
6527,Fresh,Meat Lead,1,0,1,0,0,0
6527,Fresh,Prepared Food Lead,1,0,1,0,0,0
6527,Fresh,Produce,2,5,7,0,1,1
6527,Fresh,Produce Lead,1,0,1,0,0,0
6527,Fresh,Senior Meat Cutter,4,1,5,0,0,0
6527,Member Team,Member Assist,3,5,8,0,0,0
6527,Member Team,Member Frontline,6,18,24,0,0,0
6527,Member Team,Member Specialist,8,3,11,0,0,0
6527,Member Team,Member Support,0,0,0,0,0,0
6527,Member Team,Member Team Lead,5,0,5,0,0,0
6527,Merchandising Team,Backroom Associate,5,0,5,1,0,1
6527,Merchandising Team,Forklift Driver,6,0,6,2,0,2
6527,Merchandising Team,Merchandising,13,11,24,2,2,4
6527,Merchandising Team,Merchandising Lead,4,0,4,0,0,0
6527,Personal Shopper,Personal Shopper,6,2,8,0,0,0
6527,Personal Shopper,Personal Shopper Lead,1,0,1,0,0,0
6527,Specialty,Fuel/Car Wash,2,2,4,0,0,0
6527,Specialty,Maintenance,3,3,6,0,0,0
6527,Specialty,Optical,2,1,3,0,0,0
6527,Specialty,Pharmacy Tech,2,1,3,0,0,0
6527,Specialty,TBC Lead,1,0,1,0,0,0
6527,Specialty,TBC Tire Tech,4,3,7,0,0,0
8114,Fresh,Baker/Packager,2,3,5,0,2,2
8114,Fresh,Bakery Lead,1,0,1,0,0,0
8114,Fresh,Café,3,3,6,0,0,0
8114,Fresh,Cake Decorator,2,2,4,0,0,0
8114,Fresh,Freezer/Cooler/Deli,4,3,7,1,1,2
8114,Fresh,HMS/Rotisserie,2,3,5,0,0,0
8114,Fresh,Meat Cutter/Wrapper,4,1,5,0,0,0
8114,Fresh,Meat Lead,1,0,1,0,0,0
8114,Fresh,Prepared Food Lead,1,0,1,0,0,0
8114,Fresh,Produce,4,3,7,0,1,1
8114,Fresh,Produce Lead,1,0,1,0,0,0
8114,Fresh,Senior Meat Cutter,5,1,6,0,0,0
8114,Member Team,Member Assist,3,7,10,0,0,0
8114,Member Team,Member Frontline,7,19,26,0,0,0
8114,Member Team,Member Specialist,8,3,11,0,0,0
8114,Member Team,Member Support,0,0,0,0,0,0
8114,Member Team,Member Team Lead,5,0,5,0,0,0
8114,Merchandising Team,Backroom Associate,5,0,5,0,0,0
8114,Merchandising Team,Forklift Driver,6,0,6,1,0,1
8114,Merchandising Team,Merchandising,13,13,26,1,0,1
8114,Merchandising Team,Merchandising Lead,4,0,4,0,0,0
8114,Personal Shopper,Personal Shopper,9,5,14,-1,2,1
8114,Personal Shopper,Personal Shopper Lead,1,0,1,0,0,0
8114,Specialty,Fuel/Car Wash,2,3,5,0,0,0
8114,Specialty,Maintenance,3,3,6,0,0,0
8114,Specialty,Optical,1,1,2,0,0,0
8114,Specialty,Pharmacy Tech,2,1,3,0,0,0
8114,Specialty,TBC Lead,1,0,1,0,0,0
8114,Specialty,TBC Tire Tech,4,3,7,0,0,0
8181,Fresh,Baker/Packager,2,2,4,0,1,1
8181,Fresh,Bakery Lead,1,0,1,0,0,0
8181,Fresh,Café,3,2,5,0,-1,-1
8181,Fresh,Cake Decorator,3,0,3,0,0,0
8181,Fresh,Freezer/Cooler/Deli,3,2,5,0,0,0
8181,Fresh,HMS/Rotisserie,3,2,5,0,0,0
8181,Fresh,Meat Cutter/Wrapper,3,2,5,0,0,0
8181,Fresh,Meat Lead,1,0,1,0,0,0
8181,Fresh,Prepared Food Lead,1,0,1,0,0,0
8181,Fresh,Produce,2,3,5,0,0,0
8181,Fresh,Produce Lead,1,0,1,0,0,0
8181,Fresh,Senior Meat Cutter,4,1,5,0,0,0
8181,Member Team,Member Assist,3,5,8,0,0,0
8181,Member Team,Member Frontline,6,17,23,0,0,0
8181,Member Team,Member Specialist,6,3,9,0,0,0
8181,Member Team,Member Support,0,0,0,0,0,0
8181,Member Team,Member Team Lead,5,0,5,0,0,0
8181,Merchandising Team,Backroom Associate,4,0,4,0,0,0
8181,Merchandising Team,Forklift Driver,5,0,5,1,0,1
8181,Merchandising Team,Merchandising,10,10,20,-1,0,-1
8181,Merchandising Team,Merchandising Lead,4,0,4,0,0,0
8181,Personal Shopper,Personal Shopper,5,2,7,-1,2,1
8181,Personal Shopper,Personal Shopper Lead,1,0,1,0,0,0
8181,Specialty,Fuel/Car Wash,2,1,3,0,0,0
8181,Specialty,Maintenance,3,1,4,0,0,0
8181,Specialty,Optical,1,1,2,0,0,0
8181,Specialty,Pharmacy Tech,1,2,3,0,0,0
8181,Specialty,TBC Lead,1,0,1,0,0,0
8181,Specialty,TBC Tire Tech,3,3,6,0,0,0
8221,Fresh,Baker/Packager,3,3,6,1,0,1
8221,Fresh,Bakery Lead,1,0,1,0,0,0
8221,Fresh,Café,4,6,10,0,0,0
8221,Fresh,Cake Decorator,3,1,4,0,0,0
8221,Fresh,Freezer/Cooler/Deli,4,3,7,1,1,2
8221,Fresh,HMS/Rotisserie,4,3,7,0,0,0
8221,Fresh,Meat Cutter/Wrapper,2,1,3,0,0,0
8221,Fresh,Meat Lead,1,0,1,0,0,0
8221,Fresh,Prepared Food Lead,1,0,1,0,0,0
8221,Fresh,Produce,4,4,8,0,1,1
8221,Fresh,Produce Lead,1,0,1,0,0,0
8221,Fresh,Senior Meat Cutter,4,1,5,0,0,0
8221,Member Team,Member Assist,3,6,9,0,0,0
8221,Member Team,Member Frontline,6,19,25,0,0,0
8221,Member Team,Member Specialist,9,4,13,0,0,0
8221,Member Team,Member Support,0,0,0,0,0,0
8221,Member Team,Member Team Lead,5,0,5,0,0,0
8221,Merchandising Team,Backroom Associate,5,0,5,0,0,0
8221,Merchandising Team,Forklift Driver,6,0,6,1,0,1
8221,Merchandising Team,Merchandising,13,11,24,1,1,2
8221,Merchandising Team,Merchandising Lead,4,0,4,0,0,0
8221,Personal Shopper,Personal Shopper,7,4,11,-1,2,1
8221,Personal Shopper,Personal Shopper Lead,1,0,1,0,0,0
8221,Specialty,Fuel/Car Wash,2,1,3,0,0,0
8221,Specialty,Maintenance,3,2,5,0,0,0
8221,Specialty,Optical,1,1,2,0,0,0
8221,Specialty,Pharmacy Tech,2,1,3,0,0,0
8221,Specialty,TBC Lead,1,0,1,0,0,0
8221,Specialty,TBC Tire Tech,4,2,6,0,0,0
8237,Fresh,Baker/Packager,2,2,4,0,1,1
8237,Fresh,Bakery Lead,1,0,1,0,0,0
8237,Fresh,Café,4,5,9,0,1,1
8237,Fresh,Cake Decorator,3,1,4,0,0,0
8237,Fresh,Freezer/Cooler/Deli,4,2,6,1,0,1
8237,Fresh,HMS/Rotisserie,3,3,6,0,0,0
8237,Fresh,Meat Cutter/Wrapper,2,1,3,0,0,0
8237,Fresh,Meat Lead,1,0,1,0,0,0
8237,Fresh,Prepared Food Lead,1,0,1,0,0,0
8237,Fresh,Produce,2,3,5,0,0,0
8237,Fresh,Produce Lead,1,0,1,0,0,0
8237,Fresh,Senior Meat Cutter,3,1,4,0,0,0
8237,Member Team,Member Assist,3,5,8,0,1,1
8237,Member Team,Member Frontline,6,18,24,0,0,0
8237,Member Team,Member Specialist,6,3,9,0,1,1
8237,Member Team,Member Support,0,0,0,0,0,0
8237,Member Team,Member Team Lead,5,0,5,0,0,0
8237,Merchandising Team,Backroom Associate,4,0,4,0,0,0
8237,Merchandising Team,Forklift Driver,5,0,5,0,0,0
8237,Merchandising Team,Merchandising,11,10,21,0,0,0
8237,Merchandising Team,Merchandising Lead,4,0,4,0,0,0
8237,Personal Shopper,Personal Shopper,3,2,5,-1,2,1
8237,Personal Shopper,Personal Shopper Lead,1,0,1,0,0,0
8237,Specialty,Fuel/Car Wash,2,1,3,0,0,0
8237,Specialty,Maintenance,3,2,5,0,0,0
8237,Specialty,Optical,1,1,2,0,0,0
8237,Specialty,Pharmacy Tech,1,2,3,0,0,0
8237,Specialty,TBC Lead,1,0,1,0,0,0
8237,Specialty,TBC Tire Tech,6,3,9,0,0,0
8261,Fresh,Baker/Packager,2,4,6,0,1,1
8261,Fresh,Bakery Lead,1,0,1,0,0,0
8261,Fresh,Café,3,6,9,0,-1,-1
8261,Fresh,Cake Decorator,3,0,3,0,0,0
8261,Fresh,Freezer/Cooler/Deli,4,2,6,1,0,1
8261,Fresh,HMS/Rotisserie,3,3,6,0,0,0
8261,Fresh,Meat Cutter/Wrapper,3,3,6,0,0,0
8261,Fresh,Meat Lead,1,0,1,0,0,0
8261,Fresh,Prepared Food Lead,1,0,1,0,0,0
8261,Fresh,Produce,3,4,7,0,1,1
8261,Fresh,Produce Lead,1,0,1,0,0,0
8261,Fresh,Senior Meat Cutter,3,1,4,0,0,0
8261,Member Team,Member Assist,3,6,9,0,0,0
8261,Member Team,Member Frontline,6,18,24,0,0,0
8261,Member Team,Member Specialist,8,3,11,0,0,0
8261,Member Team,Member Support,0,0,0,0,0,0
8261,Member Team,Member Team Lead,5,0,5,0,0,0
8261,Merchandising Team,Backroom Associate,5,0,5,1,0,1
8261,Merchandising Team,Forklift Driver,5,0,5,0,0,0
8261,Merchandising Team,Merchandising,10,9,19,0,0,0
8261,Merchandising Team,Merchandising Lead,4,0,4,0,0,0
8261,Personal Shopper,Personal Shopper,6,3,9,-1,2,1
8261,Personal Shopper,Personal Shopper Lead,1,0,1,0,0,0
8261,Specialty,Fuel/Car Wash,2,1,3,0,0,0
8261,Specialty,Maintenance,3,1,4,0,0,0
8261,Specialty,Optical,1,1,2,0,0,0
8261,Specialty,Pharmacy Tech,2,1,3,0,0,0
8261,Specialty,TBC Lead,1,0,1,0,0,0
8261,Specialty,TBC Tire Tech,4,3,7,0,0,0
8271,Fresh,Baker/Packager,3,3,6,1,0,1
8271,Fresh,Bakery Lead,1,0,1,0,0,0
8271,Fresh,Café,3,5,8,0,-1,-1
8271,Fresh,Cake Decorator,3,1,4,0,0,0
8271,Fresh,Freezer/Cooler/Deli,4,2,6,1,0,1
8271,Fresh,HMS/Rotisserie,3,3,6,0,0,0
8271,Fresh,Meat Cutter/Wrapper,2,1,3,0,0,0
8271,Fresh,Meat Lead,1,0,1,0,0,0
8271,Fresh,Prepared Food Lead,1,0,1,0,0,0
8271,Fresh,Produce,3,3,6,0,0,0
8271,Fresh,Produce Lead,1,0,1,0,0,0
8271,Fresh,Senior Meat Cutter,4,2,6,0,0,0
8271,Member Team,Member Assist,3,5,8,0,0,0
8271,Member Team,Member Frontline,7,20,27,0,0,0
8271,Member Team,Member Specialist,7,4,11,0,0,0
8271,Member Team,Member Support,0,0,0,0,0,0
8271,Member Team,Member Team Lead,5,0,5,0,0,0
8271,Merchandising Team,Backroom Associate,5,0,5,1,0,1
8271,Merchandising Team,Forklift Driver,6,0,6,1,0,1
8271,Merchandising Team,Merchandising,13,10,23,0,0,0
8271,Merchandising Team,Merchandising Lead,4,0,4,0,0,0
8271,Personal Shopper,Personal Shopper,6,4,10,-1,2,1
8271,Personal Shopper,Personal Shopper Lead,1,0,1,0,0,0
8271,Specialty,Fuel/Car Wash,2,1,3,0,0,0
8271,Specialty,Liquor,3,0,3,0,0,0
8271,Specialty,Maintenance,3,3,6,0,0,0
8271,Specialty,Optical,2,0,2,0,0,0
8271,Specialty,Pharmacy Tech,1,2,3,0,0,0
8271,Specialty,TBC Lead,1,0,1,0,0,0
8271,Specialty,TBC Tire Tech,4,2,6,0,0,0
8273,Fresh,Baker/Packager,2,3,5,0,0,0
8273,Fresh,Bakery Lead,1,0,1,0,0,0
8273,Fresh,Café,3,6,9,0,0,0
8273,Fresh,Cake Decorator,3,0,3,0,-1,-1
8273,Fresh,Freezer/Cooler/Deli,3,2,5,0,0,0
8273,Fresh,HMS/Rotisserie,3,2,5,0,0,0
8273,Fresh,Meat Cutter/Wrapper,2,1,3,0,0,0
8273,Fresh,Meat Lead,1,0,1,0,0,0
8273,Fresh,Prepared Food Lead,1,0,1,0,0,0
8273,Fresh,Produce,3,2,5,0,0,0
8273,Fresh,Produce Lead,1,0,1,0,0,0
8273,Fresh,Senior Meat Cutter,4,1,5,0,0,0
8273,Member Team,Member Assist,3,5,8,0,1,1
8273,Member Team,Member Frontline,5,17,22,0,1,1
8273,Member Team,Member Specialist,8,3,11,0,0,0
8273,Member Team,Member Support,0,0,0,0,0,0
8273,Member Team,Member Team Lead,5,0,5,0,0,0
8273,Merchandising Team,Backroom Associate,4,0,4,0,0,0
8273,Merchandising Team,Forklift Driver,5,0,5,0,0,0
8273,Merchandising Team,Merchandising,10,9,19,0,0,0
8273,Merchandising Team,Merchandising Lead,4,0,4,0,0,0
8273,Personal Shopper,Personal Shopper,6,2,8,0,0,0
8273,Personal Shopper,Personal Shopper Lead,1,0,1,0,0,0
8273,Specialty,Fuel/Car Wash,2,1,3,0,0,0
8273,Specialty,Maintenance,3,2,5,0,0,0
8273,Specialty,Optical,1,1,2,0,0,0
8273,Specialty,Pharmacy Tech,4,1,5,0,0,0
8273,Specialty,TBC Lead,1,0,1,0,0,0
8273,Specialty,TBC Tire Tech,4,2,6,0,0,0
4740,Fresh,Baker/Packager,4,2,6,1,1,2
4740,Fresh,Bakery Lead,1,0,1,0,0,0
4740,Fresh,Café,3,3,6,0,-1,-1
4740,Fresh,Cake Decorator,3,2,5,0,0,0
4740,Fresh,Freezer/Cooler/Deli,5,3,8,2,1,3
4740,Fresh,HMS/Rotisserie,3,4,7,0,0,0
4740,Fresh,Meat Cutter/Wrapper,4,1,5,0,0,0
4740,Fresh,Meat Lead,1,0,1,0,0,0
4740,Fresh,Prepared Food Lead,1,0,1,0,0,0
4740,Fresh,Produce,2,5,7,0,1,1
4740,Fresh,Produce Lead,1,0,1,0,0,0
4740,Fresh,Senior Meat Cutter,4,1,5,0,0,0
4740,Member Team,Member Assist,3,6,9,0,1,1
4740,Member Team,Member Frontline,6,20,26,0,2,2
4740,Member Team,Member Specialist,8,4,12,0,0,0
4740,Member Team,Member Support,0,0,0,0,0,0
4740,Member Team,Member Team Lead,5,0,5,0,0,0
4740,Merchandising Team,Backroom Associate,5,0,5,0,0,0
4740,Merchandising Team,Forklift Driver,6,0,6,1,0,1
4740,Merchandising Team,Merchandising,13,11,24,2,1,3
4740,Merchandising Team,Merchandising Lead,4,0,4,0,0,0
4740,Personal Shopper,Personal Shopper,7,3,10,-1,2,1
4740,Personal Shopper,Personal Shopper Lead,1,0,1,0,0,0
4740,Specialty,Asset Protection,1,0,1,0,0,0
4740,Specialty,Fuel/Car Wash,2,1,3,0,0,0
4740,Specialty,Maintenance,3,3,6,0,0,0
4740,Specialty,Optical,2,1,3,0,0,0
4740,Specialty,Pharmacy Tech,3,3,6,0,0,0
4740,Specialty,TBC Lead,1,0,1,0,0,0
4740,Specialty,TBC Tire Tech,4,2,6,0,0,0
4930,Fresh,Baker/Packager,0,1,1,0,1,1
4930,Fresh,Café,3,5,8,1,-1,0
4930,Fresh,Cake Decorator,0,0,0,0,0,0
4930,Fresh,Freezer/Cooler/Deli,3,1,4,0,0,0
4930,Fresh,HMS/Rotisserie,2,3,5,0,0,0
4930,Fresh,Meat Cutter/Wrapper,1,1,2,0,0,0
4930,Fresh,Meat Lead,1,0,1,0,0,0
4930,Fresh,Prepared Food Lead,1,0,1,0,0,0
4930,Fresh,Produce,2,3,5,0,1,1
4930,Fresh,Produce Lead,1,0,1,0,0,0
4930,Fresh,Senior Meat Cutter,3,1,4,0,0,0
4930,Member Team,Member Assist,3,4,7,0,0,0
4930,Member Team,Member Frontline,5,17,22,0,0,0
4930,Member Team,Member Specialist,6,4,10,0,0,0
4930,Member Team,Member Support,0,0,0,0,0,0
4930,Member Team,Member Team Lead,5,0,5,0,0,0
4930,Merchandising Team,Backroom Associate,4,0,4,0,0,0
4930,Merchandising Team,Forklift Driver,5,0,5,1,0,1
4930,Merchandising Team,Merchandising,11,9,20,1,0,1
4930,Merchandising Team,Merchandising Lead,4,0,4,0,0,0
4930,Personal Shopper,Personal Shopper,4,3,7,-1,2,1
4930,Personal Shopper,Personal Shopper Lead,1,0,1,0,0,0
4930,Specialty,Fuel/Car Wash,2,1,3,0,0,0
4930,Specialty,Maintenance,3,1,4,0,0,0
4930,Specialty,Optical,2,0,2,0,0,0
4930,Specialty,Pharmacy Tech,2,0,2,0,0,0
4930,Specialty,TBC Lead,1,0,1,0,0,0
4930,Specialty,TBC Tire Tech,4,2,6,0,0,0
6249,Fresh,Baker/Packager,2,3,5,0,2,2
6249,Fresh,Bakery Lead,1,0,1,0,0,0
6249,Fresh,Café,3,6,9,0,1,1
6249,Fresh,Cake Decorator,2,1,3,0,0,0
6249,Fresh,Freezer/Cooler/Deli,3,2,5,0,0,0
6249,Fresh,HMS/Rotisserie,3,3,6,0,1,1
6249,Fresh,Meat Cutter/Wrapper,4,1,5,0,0,0
6249,Fresh,Meat Lead,1,0,1,0,0,0
6249,Fresh,Prepared Food Lead,1,0,1,0,0,0
6249,Fresh,Produce,2,5,7,0,1,1
6249,Fresh,Produce Lead,1,0,1,0,0,0
6249,Fresh,Senior Meat Cutter,3,1,4,0,0,0
6249,Member Team,Member Assist,3,4,7,0,0,0
6249,Member Team,Member Frontline,6,15,21,0,0,0
6249,Member Team,Member Specialist,7,3,10,0,0,0
6249,Member Team,Member Support,0,0,0,0,0,0
6249,Member Team,Member Team Lead,5,0,5,0,0,0
6249,Merchandising Team,Backroom Associate,4,0,4,0,0,0
6249,Merchandising Team,Forklift Driver,4,0,4,0,0,0
6249,Merchandising Team,Merchandising,10,10,20,0,1,1
6249,Merchandising Team,Merchandising Lead,4,0,4,0,0,0
6249,Personal Shopper,Personal Shopper,8,4,12,-1,2,1
6249,Personal Shopper,Personal Shopper Lead,1,0,1,0,0,0
6249,Specialty,Fuel/Car Wash,2,1,3,0,0,0
6249,Specialty,Maintenance,3,2,5,0,0,0
6249,Specialty,Optical,3,1,4,0,0,0
6249,Specialty,Pharmacy Tech,2,0,2,0,0,0
6249,Specialty,TBC Lead,1,0,1,0,0,0
6249,Specialty,TBC Tire Tech,4,2,6,0,0,0
6256,Fresh,Baker/Packager,2,3,5,0,0,0
6256,Fresh,Bakery Lead,1,0,1,0,0,0
6256,Fresh,Café,4,3,7,0,-1,-1
6256,Fresh,Cake Decorator,3,0,3,0,-1,-1
6256,Fresh,Freezer/Cooler/Deli,3,2,5,0,1,1
6256,Fresh,HMS/Rotisserie,3,3,6,0,0,0
6256,Fresh,Meat Cutter/Wrapper,1,1,2,0,0,0
6256,Fresh,Meat Lead,1,0,1,0,0,0
6256,Fresh,Prepared Food Lead,1,0,1,0,0,0
6256,Fresh,Produce,2,4,6,0,1,1
6256,Fresh,Produce Lead,1,0,1,0,0,0
6256,Fresh,Senior Meat Cutter,3,1,4,0,0,0
6256,Member Team,Member Assist,3,5,8,0,1,1
6256,Member Team,Member Frontline,5,17,22,0,1,1
6256,Member Team,Member Specialist,7,4,11,0,1,1
6256,Member Team,Member Support,0,0,0,0,0,0
6256,Member Team,Member Team Lead,5,0,5,0,0,0
6256,Merchandising Team,Backroom Associate,4,0,4,0,0,0
6256,Merchandising Team,Forklift Driver,5,0,5,1,0,1
6256,Merchandising Team,Merchandising,10,9,19,1,0,1
6256,Merchandising Team,Merchandising Lead,4,0,4,0,0,0
6256,Personal Shopper,Personal Shopper,8,4,12,-1,2,1
6256,Personal Shopper,Personal Shopper Lead,1,0,1,0,0,0
6256,Specialty,Asset Protection,1,0,1,0,0,0
6256,Specialty,Fuel/Car Wash,2,1,3,0,0,0
6256,Specialty,Maintenance,3,0,3,0,0,0
6256,Specialty,Optical,2,0,2,0,0,0
6256,Specialty,Pharmacy Tech,2,0,2,0,0,0
6256,Specialty,TBC Lead,1,0,1,0,0,0
6256,Specialty,TBC Tire Tech,4,2,6,0,0,0
6260,Fresh,Baker/Packager,2,3,5,0,0,0
6260,Fresh,Bakery Lead,1,0,1,0,0,0
6260,Fresh,Café,4,3,7,0,-1,-1
6260,Fresh,Cake Decorator,3,0,3,0,-1,-1
6260,Fresh,Freezer/Cooler/Deli,4,2,6,1,0,1
6260,Fresh,HMS/Rotisserie,3,3,6,0,0,0
6260,Fresh,Meat Cutter/Wrapper,1,2,3,0,0,0
6260,Fresh,Meat Lead,1,0,1,0,0,0
6260,Fresh,Prepared Food Lead,1,0,1,0,0,0
6260,Fresh,Produce,2,3,5,0,0,0
6260,Fresh,Produce Lead,1,0,1,0,0,0
6260,Fresh,Senior Meat Cutter,4,1,5,0,0,0
6260,Member Team,Member Assist,3,4,7,0,0,0
6260,Member Team,Member Frontline,6,16,22,0,0,0
6260,Member Team,Member Specialist,7,3,10,0,0,0
6260,Member Team,Member Support,0,0,0,0,0,0
6260,Member Team,Member Team Lead,5,0,5,0,0,0
6260,Merchandising Team,Backroom Associate,4,0,4,0,0,0
6260,Merchandising Team,Forklift Driver,5,0,5,1,0,1
6260,Merchandising Team,Merchandising,10,10,20,1,1,2
6260,Merchandising Team,Merchandising Lead,4,0,4,0,0,0
6260,Personal Shopper,Personal Shopper,6,2,8,0,0,0
6260,Personal Shopper,Personal Shopper Lead,1,0,1,0,0,0
6260,Specialty,Fuel/Car Wash,2,1,3,0,0,0
6260,Specialty,Maintenance,3,1,4,0,0,0
6260,Specialty,Optical,2,0,2,0,0,0
6260,Specialty,Pharmacy Tech,2,1,3,0,0,0
6260,Specialty,TBC Lead,1,0,1,0,0,0
6260,Specialty,TBC Tire Tech,4,4,8,0,0,0
6501,Fresh,Baker/Packager,3,3,6,1,0,1
6501,Fresh,Bakery Lead,1,0,1,0,0,0
6501,Fresh,Café,4,6,10,0,2,2
6501,Fresh,Cake Decorator,3,1,4,0,0,0
6501,Fresh,Freezer/Cooler/Deli,4,3,7,1,0,1
6501,Fresh,HMS/Rotisserie,3,3,6,0,0,0
6501,Fresh,Meat Cutter/Wrapper,2,1,3,0,0,0
6501,Fresh,Meat Lead,1,0,1,0,0,0
6501,Fresh,Prepared Food Lead,1,0,1,0,0,0
6501,Fresh,Produce,2,5,7,0,1,1
6501,Fresh,Produce Lead,1,0,1,0,0,0
6501,Fresh,Senior Meat Cutter,5,1,6,0,1,1
6501,Member Team,Member Assist,3,6,9,0,0,0
6501,Member Team,Member Frontline,7,18,25,0,0,0
6501,Member Team,Member Specialist,9,3,12,0,0,0
6501,Member Team,Member Support,0,0,0,0,0,0
6501,Member Team,Member Team Lead,5,0,5,0,0,0
6501,Merchandising Team,Backroom Associate,5,0,5,0,0,0
6501,Merchandising Team,Forklift Driver,6,0,6,1,0,1
6501,Merchandising Team,Merchandising,13,13,26,-1,2,1
6501,Merchandising Team,Merchandising Lead,4,0,4,0,0,0
6501,Personal Shopper,Personal Shopper,7,4,11,-1,2,1
6501,Personal Shopper,Personal Shopper Lead,1,0,1,0,0,0
6501,Specialty,Fuel/Car Wash,2,1,3,0,0,0
6501,Specialty,Maintenance,3,3,6,0,0,0
6501,Specialty,Optical,2,1,3,0,0,0
6501,Specialty,Pharmacy Tech,2,1,3,0,0,0
6501,Specialty,TBC Lead,1,0,1,0,0,0
6501,Specialty,TBC Tire Tech,4,3,7,0,0,0
6507,Fresh,Baker/Packager,2,2,4,0,1,1
6507,Fresh,Bakery Lead,1,0,1,0,0,0
6507,Fresh,Café,3,5,8,0,1,1
6507,Fresh,Cake Decorator,2,2,4,0,0,0
6507,Fresh,Freezer/Cooler/Deli,4,1,5,1,0,1
6507,Fresh,HMS/Rotisserie,2,3,5,0,0,0
6507,Fresh,Meat Cutter/Wrapper,1,2,3,0,0,0
6507,Fresh,Meat Lead,1,0,1,0,0,0
6507,Fresh,Prepared Food Lead,1,0,1,0,0,0
6507,Fresh,Produce,2,3,5,0,1,1
6507,Fresh,Produce Lead,1,0,1,0,0,0
6507,Fresh,Senior Meat Cutter,3,1,4,0,0,0
6507,Member Team,Member Assist,3,5,8,0,1,1
6507,Member Team,Member Frontline,5,17,22,0,1,1
6507,Member Team,Member Specialist,7,3,10,0,0,0
6507,Member Team,Member Support,0,0,0,0,0,0
6507,Member Team,Member Team Lead,5,0,5,0,0,0
6507,Merchandising Team,Backroom Associate,4,0,4,0,0,0
6507,Merchandising Team,Forklift Driver,5,0,5,0,0,0
6507,Merchandising Team,Merchandising,11,11,22,0,1,1
6507,Merchandising Team,Merchandising Lead,4,0,4,0,0,0
6507,Personal Shopper,Personal Shopper,4,1,5,0,0,0
6507,Personal Shopper,Personal Shopper Lead,1,0,1,0,0,0
6507,Specialty,Fuel/Car Wash,2,1,3,0,0,0
6507,Specialty,Maintenance,3,1,4,0,0,0
6507,Specialty,Optical,1,1,2,0,0,0
6507,Specialty,Pharmacy Tech,3,1,4,0,0,0
6507,Specialty,TBC Lead,1,0,1,0,0,0
6507,Specialty,TBC Tire Tech,4,1,5,0,0,0
6512,Fresh,Baker/Packager,2,3,5,0,2,2
6512,Fresh,Bakery Lead,1,0,1,0,0,0
6512,Fresh,Café,3,5,8,0,1,1
6512,Fresh,Cake Decorator,2,2,4,0,0,0
6512,Fresh,Freezer/Cooler/Deli,4,2,6,1,0,1
6512,Fresh,HMS/Rotisserie,3,2,5,0,0,0
6512,Fresh,Meat Cutter/Wrapper,1,2,3,0,0,0
6512,Fresh,Meat Lead,1,0,1,0,0,0
6512,Fresh,Prepared Food Lead,1,0,1,0,0,0
6512,Fresh,Produce,2,4,6,0,1,1
6512,Fresh,Produce Lead,1,0,1,0,0,0
6512,Fresh,Senior Meat Cutter,3,1,4,0,0,0
6512,Member Team,Member Assist,3,5,8,0,0,0
6512,Member Team,Member Frontline,5,16,21,0,0,0
6512,Member Team,Member Specialist,7,3,10,0,0,0
6512,Member Team,Member Support,0,0,0,0,0,0
6512,Member Team,Member Team Lead,5,0,5,0,0,0
6512,Merchandising Team,Backroom Associate,4,0,4,0,0,0
6512,Merchandising Team,Forklift Driver,5,0,5,1,0,1
6512,Merchandising Team,Merchandising,11,11,22,0,1,1
6512,Merchandising Team,Merchandising Lead,4,0,4,0,0,0
6512,Personal Shopper,Personal Shopper,6,4,10,-1,2,1
6512,Personal Shopper,Personal Shopper Lead,1,0,1,0,0,0
6512,Specialty,Fuel/Car Wash,2,1,3,0,0,0
6512,Specialty,Maintenance,3,2,5,0,0,0
6512,Specialty,Optical,2,0,2,0,0,0
6512,Specialty,Pharmacy Tech,2,1,3,0,0,0
6512,Specialty,TBC Lead,1,0,1,0,0,0
6512,Specialty,TBC Tire Tech,4,2,6,0,0,0
6518,Fresh,Baker/Packager,2,2,4,0,1,1
6518,Fresh,Bakery Lead,1,0,1,0,0,0
6518,Fresh,Café,3,4,7,1,-1,0
6518,Fresh,Cake Decorator,3,0,3,0,0,0
6518,Fresh,Freezer/Cooler/Deli,3,1,4,0,0,0
6518,Fresh,HMS/Rotisserie,2,3,5,0,1,1
6518,Fresh,Meat Cutter/Wrapper,1,2,3,0,0,0
6518,Fresh,Meat Lead,1,0,1,0,0,0
6518,Fresh,Prepared Food Lead,1,0,1,0,0,0
6518,Fresh,Produce,2,3,5,0,0,0
6518,Fresh,Produce Lead,1,0,1,0,0,0
6518,Fresh,Senior Meat Cutter,3,1,4,0,0,0
6518,Member Team,Member Assist,3,4,7,0,0,0
6518,Member Team,Member Frontline,5,17,22,0,0,0
6518,Member Team,Member Specialist,5,4,9,0,0,0
6518,Member Team,Member Support,0,0,0,0,0,0
6518,Member Team,Member Team Lead,5,0,5,0,0,0
6518,Merchandising Team,Backroom Associate,4,0,4,0,0,0
6518,Merchandising Team,Forklift Driver,5,0,5,0,0,0
6518,Merchandising Team,Merchandising,11,11,22,0,1,1
6518,Merchandising Team,Merchandising Lead,4,0,4,0,0,0
6518,Personal Shopper,Personal Shopper,3,2,5,0,2,2
6518,Personal Shopper,Personal Shopper Lead,1,0,1,0,0,0
6518,Specialty,Fuel/Car Wash,2,1,3,0,0,0
6518,Specialty,Maintenance,3,2,5,0,0,0
6518,Specialty,Optical,2,0,2,0,0,0
6518,Specialty,Pharmacy Tech,2,1,3,0,0,0
6518,Specialty,TBC Lead,1,0,1,0,0,0
6518,Specialty,TBC Tire Tech,7,3,10,0,0,0
6572,Fresh,Baker/Packager,4,2,6,1,1,2
6572,Fresh,Bakery Lead,1,0,1,0,0,0
6572,Fresh,Café,4,6,10,1,1,2
6572,Fresh,Cake Decorator,3,1,4,0,0,0
6572,Fresh,Freezer/Cooler/Deli,4,3,7,1,0,1
6572,Fresh,HMS/Rotisserie,3,3,6,0,1,1
6572,Fresh,Meat Cutter/Wrapper,2,1,3,0,0,0
6572,Fresh,Meat Lead,1,0,1,0,0,0
6572,Fresh,Prepared Food Lead,1,0,1,0,0,0
6572,Fresh,Produce,2,4,6,0,0,0
6572,Fresh,Produce Lead,1,0,1,0,0,0
6572,Fresh,Senior Meat Cutter,5,1,6,0,1,1
6572,Member Team,Member Assist,3,6,9,0,1,1
6572,Member Team,Member Frontline,6,19,25,0,1,1
6572,Member Team,Member Specialist,8,3,11,0,0,0
6572,Member Team,Member Support,0,0,0,0,0,0
6572,Member Team,Member Team Lead,5,0,5,0,0,0
6572,Merchandising Team,Backroom Associate,5,0,5,1,0,1
6572,Merchandising Team,Forklift Driver,6,0,6,1,0,1
6572,Merchandising Team,Merchandising,14,12,26,2,1,3
6572,Merchandising Team,Merchandising Lead,4,0,4,0,0,0
6572,Personal Shopper,Personal Shopper,8,4,12,-1,2,1
6572,Personal Shopper,Personal Shopper Lead,1,0,1,0,0,0
6572,Specialty,Fuel/Car Wash,2,1,3,0,0,0
6572,Specialty,Maintenance,3,3,6,0,0,0
6572,Specialty,Optical,2,1,3,0,0,0
6572,Specialty,Pharmacy Tech,3,2,5,0,0,0
6572,Specialty,TBC Lead,1,0,1,0,0,0
6572,Specialty,TBC Tire Tech,4,3,7,0,0,0
8112,Fresh,Baker/Packager,3,1,4,0,0,0
8112,Fresh,Bakery Lead,1,0,1,0,0,0
8112,Fresh,Café,4,4,8,0,0,0
8112,Fresh,Cake Decorator,3,1,4,0,0,0
8112,Fresh,Freezer/Cooler/Deli,4,3,7,1,0,1
8112,Fresh,HMS/Rotisserie,3,3,6,0,0,0
8112,Fresh,Meat Cutter/Wrapper,2,1,3,0,0,0
8112,Fresh,Meat Lead,1,0,1,0,0,0
8112,Fresh,Prepared Food Lead,1,0,1,0,0,0
8112,Fresh,Produce,3,3,6,0,0,0
8112,Fresh,Produce Lead,1,0,1,0,0,0
8112,Fresh,Senior Meat Cutter,4,1,5,0,0,0
8112,Member Team,Member Assist,4,4,8,0,0,0
8112,Member Team,Member Frontline,6,18,24,0,0,0
8112,Member Team,Member Specialist,8,4,12,0,0,0
8112,Member Team,Member Support,0,0,0,0,0,0
8112,Member Team,Member Team Lead,6,0,6,0,0,0
8112,Merchandising Team,Backroom Associate,5,0,5,0,0,0
8112,Merchandising Team,Forklift Driver,6,0,6,0,0,0
8112,Merchandising Team,Merchandising,15,12,27,3,0,3
8112,Merchandising Team,Merchandising Lead,4,0,4,0,0,0
8112,Personal Shopper,Personal Shopper,8,5,13,-1,2,1
8112,Personal Shopper,Personal Shopper Lead,1,0,1,0,0,0
8112,Specialty,Fuel/Car Wash,2,2,4,0,0,0
8112,Specialty,Maintenance,3,3,6,0,0,0
8112,Specialty,Optical,2,0,2,0,0,0
8112,Specialty,Pharmacy Tech,1,2,3,0,0,0
8112,Specialty,TBC Lead,1,0,1,0,0,0
8112,Specialty,TBC Tire Tech,5,3,8,0,0,0
8222,Fresh,Baker/Packager,4,3,7,1,2,3
8222,Fresh,Bakery Lead,1,0,1,0,0,0
8222,Fresh,Café,5,4,9,0,-1,-1
8222,Fresh,Cake Decorator,3,1,4,0,0,0
8222,Fresh,Freezer/Cooler/Deli,4,2,6,1,0,1
8222,Fresh,HMS/Rotisserie,3,3,6,0,1,1
8222,Fresh,Meat Cutter/Wrapper,2,1,3,0,0,0
8222,Fresh,Meat Lead,1,0,1,0,0,0
8222,Fresh,Prepared Food Lead,1,0,1,0,0,0
8222,Fresh,Produce,3,3,6,0,0,0
8222,Fresh,Produce Lead,1,0,1,0,0,0
8222,Fresh,Senior Meat Cutter,5,1,6,0,1,1
8222,Member Team,Member Assist,3,6,9,0,1,1
8222,Member Team,Member Frontline,6,19,25,0,0,0
8222,Member Team,Member Specialist,8,3,11,0,0,0
8222,Member Team,Member Support,0,0,0,0,0,0
8222,Member Team,Member Team Lead,5,0,5,0,0,0
8222,Merchandising Team,Backroom Associate,5,0,5,1,0,1
8222,Merchandising Team,Forklift Driver,6,0,6,1,0,1
8222,Merchandising Team,Merchandising,15,12,27,2,0,2
8222,Merchandising Team,Merchandising Lead,4,0,4,0,0,0
8222,Personal Shopper,Personal Shopper,8,3,11,-1,2,1
8222,Personal Shopper,Personal Shopper Lead,1,0,1,0,0,0
8222,Specialty,Fuel/Car Wash,2,1,3,0,0,0
8222,Specialty,Maintenance,3,3,6,0,0,0
8222,Specialty,Optical,2,1,3,0,0,0
8222,Specialty,Pharmacy Tech,2,1,3,0,0,0
8222,Specialty,TBC Lead,1,0,1,0,0,0
8222,Specialty,TBC Tire Tech,4,2,6,0,0,0
8256,Fresh,Baker/Packager,4,2,6,1,1,2
8256,Fresh,Bakery Lead,1,0,1,0,0,0
8256,Fresh,Café,4,6,10,0,2,2
8256,Fresh,Cake Decorator,3,1,4,0,0,0
8256,Fresh,Freezer/Cooler/Deli,4,2,6,1,0,1
8256,Fresh,HMS/Rotisserie,4,2,6,0,0,0
8256,Fresh,Meat Cutter/Wrapper,2,1,3,0,0,0
8256,Fresh,Meat Lead,1,0,1,0,0,0
8256,Fresh,Prepared Food Lead,1,0,1,0,0,0
8256,Fresh,Produce,3,3,6,0,1,1
8256,Fresh,Produce Lead,1,0,1,0,0,0
8256,Fresh,Senior Meat Cutter,5,1,6,0,1,1
8256,Member Team,Member Assist,3,6,9,0,1,1
8256,Member Team,Member Frontline,6,18,24,0,0,0
8256,Member Team,Member Specialist,7,4,11,0,0,0
8256,Member Team,Member Support,0,0,0,0,0,0
8256,Member Team,Member Team Lead,5,0,5,0,0,0
8256,Merchandising Team,Backroom Associate,5,0,5,1,0,1
8256,Merchandising Team,Forklift Driver,6,0,6,1,0,1
8256,Merchandising Team,Merchandising,14,12,26,1,1,2
8256,Merchandising Team,Merchandising Lead,4,0,4,0,0,0
8256,Personal Shopper,Personal Shopper,7,4,11,-1,2,1
8256,Personal Shopper,Personal Shopper Lead,1,0,1,0,0,0
8256,Specialty,Fuel/Car Wash,2,1,3,0,0,0
8256,Specialty,Maintenance,3,3,6,0,0,0
8256,Specialty,Optical,2,0,2,0,0,0
8256,Specialty,Pharmacy Tech,2,1,3,0,0,0
8256,Specialty,TBC Lead,1,0,1,0,0,0
8256,Specialty,TBC Tire Tech,4,3,7,0,0,0
8257,Fresh,Baker/Packager,3,2,5,1,0,1
8257,Fresh,Bakery Lead,1,0,1,0,0,0
8257,Fresh,Café,3,6,9,0,1,1
8257,Fresh,Cake Decorator,2,2,4,0,0,0
8257,Fresh,Freezer/Cooler/Deli,4,2,6,1,0,1
8257,Fresh,HMS/Rotisserie,3,4,7,0,0,0
8257,Fresh,Meat Cutter/Wrapper,1,2,3,0,0,0
8257,Fresh,Meat Lead,1,0,1,0,0,0
8257,Fresh,Prepared Food Lead,1,0,1,0,0,0
8257,Fresh,Produce,2,5,7,0,1,1
8257,Fresh,Produce Lead,1,0,1,0,0,0
8257,Fresh,Senior Meat Cutter,4,2,6,0,0,0
8257,Member Team,Member Assist,3,5,8,0,0,0
8257,Member Team,Member Frontline,6,15,21,0,0,0
8257,Member Team,Member Specialist,8,3,11,0,0,0
8257,Member Team,Member Support,0,0,0,0,0,0
8257,Member Team,Member Team Lead,5,0,5,0,0,0
8257,Merchandising Team,Backroom Associate,5,0,5,1,0,1
8257,Merchandising Team,Forklift Driver,5,0,5,0,0,0
8257,Merchandising Team,Merchandising,11,11,22,1,0,1
8257,Merchandising Team,Merchandising Lead,4,0,4,0,0,0
8257,Personal Shopper,Personal Shopper,8,4,12,-1,2,1
8257,Personal Shopper,Personal Shopper Lead,1,0,1,0,0,0
8257,Specialty,Fuel/Car Wash,2,1,3,0,0,0
8257,Specialty,Maintenance,3,3,6,0,0,0
8257,Specialty,Optical,2,1,3,0,0,0
8257,Specialty,Pharmacy Tech,2,1,3,0,0,0
8257,Specialty,TBC Lead,1,0,1,0,0,0
8257,Specialty,TBC Tire Tech,4,2,6,0,0,0
8292,Fresh,Baker/Packager,2,3,5,0,0,0
8292,Fresh,Bakery Lead,1,0,1,0,0,0
8292,Fresh,Café,3,7,10,0,2,2
8292,Fresh,Cake Decorator,2,2,4,0,0,0
8292,Fresh,Freezer/Cooler/Deli,4,2,6,1,1,2
8292,Fresh,HMS/Rotisserie,3,2,5,0,0,0
8292,Fresh,Meat Cutter/Wrapper,1,1,2,0,0,0
8292,Fresh,Meat Lead,1,0,1,0,0,0
8292,Fresh,Prepared Food Lead,1,0,1,0,0,0
8292,Fresh,Produce,2,3,5,0,1,1
8292,Fresh,Produce Lead,1,0,1,0,0,0
8292,Fresh,Senior Meat Cutter,3,1,4,0,0,0
8292,Member Team,Member Assist,3,4,7,0,0,0
8292,Member Team,Member Frontline,6,15,21,0,0,0
8292,Member Team,Member Specialist,6,3,9,1,1,2
8292,Member Team,Member Support,0,0,0,0,0,0
8292,Member Team,Member Team Lead,5,0,5,0,0,0
8292,Merchandising Team,Backroom Associate,4,0,4,0,0,0
8292,Merchandising Team,Forklift Driver,5,0,5,1,0,1
8292,Merchandising Team,Merchandising,10,9,19,0,2,2
8292,Merchandising Team,Merchandising Lead,4,0,4,0,0,0
8292,Personal Shopper,Personal Shopper,3,2,5,0,1,1
8292,Personal Shopper,Personal Shopper Lead,1,0,1,0,0,0
8292,Specialty,Asset Protection,1,0,1,0,0,0
8292,Specialty,Fuel/Car Wash,2,1,3,0,0,0
8292,Specialty,Maintenance,3,0,3,0,0,0
8292,Specialty,Optical,1,1,2,0,0,0
8292,Specialty,Pharmacy Tech,2,1,3,0,0,0
8292,Specialty,TBC Lead,1,0,1,0,0,0
8292,Specialty,TBC Tire Tech,4,2,6,0,0,0
8294,Fresh,Baker/Packager,3,3,6,1,0,1
8294,Fresh,Bakery Lead,1,0,1,0,0,0
8294,Fresh,Café,4,6,10,0,1,1
8294,Fresh,Cake Decorator,3,1,4,0,0,0
8294,Fresh,Freezer/Cooler/Deli,4,3,7,1,1,2
8294,Fresh,HMS/Rotisserie,3,4,7,0,0,0
8294,Fresh,Meat Cutter/Wrapper,1,2,3,0,0,0
8294,Fresh,Meat Lead,1,0,1,0,0,0
8294,Fresh,Prepared Food Lead,1,0,1,0,0,0
8294,Fresh,Produce,3,4,7,0,1,1
8294,Fresh,Produce Lead,1,0,1,0,0,0
8294,Fresh,Senior Meat Cutter,4,1,5,0,0,0
8294,Member Team,Member Assist,4,4,8,0,0,0
8294,Member Team,Member Frontline,6,20,26,0,1,1
8294,Member Team,Member Specialist,8,5,13,0,1,1
8294,Member Team,Member Support,0,0,0,0,0,0
8294,Member Team,Member Team Lead,5,0,5,0,0,0
8294,Merchandising Team,Backroom Associate,5,0,5,0,0,0
8294,Merchandising Team,Forklift Driver,6,0,6,2,0,2
8294,Merchandising Team,Merchandising,13,11,24,2,1,3
8294,Merchandising Team,Merchandising Lead,4,0,4,0,0,0
8294,Personal Shopper,Personal Shopper,6,3,9,-1,2,1
8294,Personal Shopper,Personal Shopper Lead,1,0,1,0,0,0
8294,Specialty,Asset Protection,1,0,1,0,0,0
8294,Specialty,Fuel/Car Wash,2,1,3,0,0,0
8294,Specialty,Maintenance,3,3,6,0,0,0
8294,Specialty,Optical,2,0,2,0,0,0
8294,Specialty,Pharmacy Tech,1,2,3,0,0,0
8294,Specialty,TBC Lead,1,0,1,0,0,0
8294,Specialty,TBC Tire Tech,4,1,5,0,0,0
4724,Fresh,Baker/Packager,2,1,3,0,0,0
4724,Fresh,Bakery Lead,1,0,1,0,0,0
4724,Fresh,Café,3,4,7,1,-1,0
4724,Fresh,Cake Decorator,3,0,3,0,0,0
4724,Fresh,Freezer/Cooler/Deli,3,1,4,0,0,0
4724,Fresh,HMS/Rotisserie,2,3,5,0,0,0
4724,Fresh,Meat Cutter/Wrapper,1,2,3,0,0,0
4724,Fresh,Meat Lead,1,0,1,0,0,0
4724,Fresh,Prepared Food Lead,1,0,1,0,0,0
4724,Fresh,Produce,2,3,5,0,0,0
4724,Fresh,Produce Lead,1,0,1,0,0,0
4724,Fresh,Senior Meat Cutter,3,1,4,0,0,0
4724,Member Team,Member Assist,3,4,7,0,0,0
4724,Member Team,Member Frontline,6,15,21,0,0,0
4724,Member Team,Member Specialist,7,4,11,0,0,0
4724,Member Team,Member Support,0,0,0,0,0,0
4724,Member Team,Member Team Lead,5,0,5,0,0,0
4724,Merchandising Team,Backroom Associate,4,0,4,0,0,0
4724,Merchandising Team,Forklift Driver,4,0,4,0,0,0
4724,Merchandising Team,Merchandising,10,9,19,0,0,0
4724,Merchandising Team,Merchandising Lead,4,0,4,0,0,0
4724,Personal Shopper,Personal Shopper,6,2,8,0,0,0
4724,Personal Shopper,Personal Shopper Lead,1,0,1,0,0,0
4724,Specialty,Fuel/Car Wash,2,1,3,0,0,0
4724,Specialty,Maintenance,3,0,3,0,0,0
4724,Specialty,Optical,1,1,2,0,0,0
4724,Specialty,Pharmacy Tech,2,0,2,0,0,0
4724,Specialty,TBC Lead,1,0,1,0,0,0
4724,Specialty,TBC Tire Tech,5,3,8,0,0,0
4776,Fresh,Baker/Packager,2,3,5,0,0,0
4776,Fresh,Bakery Lead,1,0,1,0,0,0
4776,Fresh,Café,4,4,8,0,-1,-1
4776,Fresh,Cake Decorator,3,0,3,0,-1,-1
4776,Fresh,Freezer/Cooler/Deli,3,2,5,0,0,0
4776,Fresh,HMS/Rotisserie,2,3,5,0,0,0
4776,Fresh,Meat Cutter/Wrapper,2,1,3,0,0,0
4776,Fresh,Meat Lead,1,0,1,0,0,0
4776,Fresh,Prepared Food Lead,1,0,1,0,0,0
4776,Fresh,Produce,2,4,6,0,1,1
4776,Fresh,Produce Lead,1,0,1,0,0,0
4776,Fresh,Senior Meat Cutter,4,1,5,0,0,0
4776,Member Team,Member Assist,3,6,9,0,0,0
4776,Member Team,Member Frontline,6,18,24,0,0,0
4776,Member Team,Member Specialist,8,2,10,0,0,0
4776,Member Team,Member Support,0,0,0,0,0,0
4776,Member Team,Member Team Lead,5,0,5,0,0,0
4776,Merchandising Team,Backroom Associate,4,0,4,0,0,0
4776,Merchandising Team,Forklift Driver,6,0,6,1,0,1
4776,Merchandising Team,Merchandising,12,12,24,1,0,1
4776,Merchandising Team,Merchandising Lead,4,0,4,0,0,0
4776,Personal Shopper,Personal Shopper,6,3,9,-1,2,1
4776,Personal Shopper,Personal Shopper Lead,1,0,1,0,0,0
4776,Specialty,Fuel/Car Wash,2,1,3,0,0,0
4776,Specialty,Maintenance,3,1,4,0,0,0
4776,Specialty,Optical,1,1,2,0,0,0
4776,Specialty,Pharmacy Tech,1,2,3,0,0,0
4776,Specialty,TBC Lead,1,0,1,0,0,0
4776,Specialty,TBC Tire Tech,4,3,7,0,0,0
4817,Fresh,Baker/Packager,2,3,5,0,2,2
4817,Fresh,Bakery Lead,1,0,1,0,0,0
4817,Fresh,Café,3,6,9,0,0,0
4817,Fresh,Cake Decorator,3,0,3,0,0,0
4817,Fresh,Freezer/Cooler/Deli,4,2,6,1,1,2
4817,Fresh,HMS/Rotisserie,2,3,5,0,0,0
4817,Fresh,Meat Cutter/Wrapper,1,2,3,0,0,0
4817,Fresh,Meat Lead,1,0,1,0,0,0
4817,Fresh,Prepared Food Lead,1,0,1,0,0,0
4817,Fresh,Produce,2,3,5,0,1,1
4817,Fresh,Produce Lead,1,0,1,0,0,0
4817,Fresh,Senior Meat Cutter,4,1,5,0,0,0
4817,Member Team,Member Assist,3,5,8,0,1,1
4817,Member Team,Member Frontline,6,16,22,0,0,0
4817,Member Team,Member Specialist,8,2,10,0,0,0
4817,Member Team,Member Support,0,0,0,0,0,0
4817,Member Team,Member Team Lead,5,0,5,0,0,0
4817,Merchandising Team,Backroom Associate,4,0,4,0,0,0
4817,Merchandising Team,Forklift Driver,5,0,5,0,0,0
4817,Merchandising Team,Merchandising,12,10,22,1,2,3
4817,Merchandising Team,Merchandising Lead,4,0,4,0,0,0
4817,Personal Shopper,Personal Shopper,5,2,7,-1,2,1
4817,Personal Shopper,Personal Shopper Lead,1,0,1,0,0,0
4817,Specialty,Fuel/Car Wash,2,1,3,0,0,0
4817,Specialty,Maintenance,3,1,4,0,0,0
4817,Specialty,Optical,1,1,2,0,0,0
4817,Specialty,Pharmacy Tech,3,1,4,0,0,0
4817,Specialty,TBC Lead,1,0,1,0,0,0
4817,Specialty,TBC Tire Tech,3,3,6,0,0,0
4836,Fresh,Baker/Packager,2,2,4,0,1,1
4836,Fresh,Bakery Lead,1,0,1,0,0,0
4836,Fresh,Café,3,4,7,1,0,1
4836,Fresh,Cake Decorator,2,1,3,0,0,0
4836,Fresh,Freezer/Cooler/Deli,3,1,4,0,0,0
4836,Fresh,HMS/Rotisserie,2,2,4,0,0,0
4836,Fresh,Meat Cutter/Wrapper,1,1,2,0,0,0
4836,Fresh,Meat Lead,1,0,1,0,0,0
4836,Fresh,Prepared Food Lead,1,0,1,0,0,0
4836,Fresh,Produce,2,2,4,0,0,0
4836,Fresh,Produce Lead,1,0,1,0,0,0
4836,Fresh,Senior Meat Cutter,3,1,4,0,0,0
4836,Member Team,Member Assist,2,4,6,0,1,1
4836,Member Team,Member Frontline,5,14,19,0,0,0
4836,Member Team,Member Specialist,6,3,9,0,0,0
4836,Member Team,Member Support,0,0,0,0,0,0
4836,Member Team,Member Team Lead,4,0,4,0,0,0
4836,Merchandising Team,Backroom Associate,4,0,4,0,0,0
4836,Merchandising Team,Forklift Driver,4,0,4,0,0,0
4836,Merchandising Team,Merchandising,10,8,18,0,1,1
4836,Merchandising Team,Merchandising Lead,4,0,4,0,0,0
4836,Personal Shopper,Personal Shopper,3,2,5,0,1,1
4836,Personal Shopper,Personal Shopper Lead,1,0,1,0,0,0
4836,Specialty,Fuel/Car Wash,2,1,3,0,0,0
4836,Specialty,Maintenance,2,2,4,0,0,0
4836,Specialty,Optical,1,1,2,0,0,0
4836,Specialty,Pharmacy Tech,1,2,3,0,0,0
4836,Specialty,TBC Lead,1,0,1,0,0,0
4836,Specialty,TBC Tire Tech,4,2,6,0,0,0
4989,Fresh,Baker/Packager,2,1,3,0,0,0
4989,Fresh,Bakery Lead,1,0,1,0,0,0
4989,Fresh,Café,3,5,8,1,0,1
4989,Fresh,Cake Decorator,3,0,3,0,0,0
4989,Fresh,Freezer/Cooler/Deli,3,1,4,0,0,0
4989,Fresh,HMS/Rotisserie,2,2,4,0,0,0
4989,Fresh,Meat Cutter/Wrapper,1,2,3,0,0,0
4989,Fresh,Meat Lead,1,0,1,0,0,0
4989,Fresh,Prepared Food Lead,1,0,1,0,0,0
4989,Fresh,Produce,2,3,5,0,1,1
4989,Fresh,Produce Lead,1,0,1,0,0,0
4989,Fresh,Senior Meat Cutter,3,1,4,0,0,0
4989,Member Team,Member Assist,2,5,7,0,1,1
4989,Member Team,Member Frontline,5,15,20,0,0,0
4989,Member Team,Member Specialist,6,4,10,0,0,0
4989,Member Team,Member Support,0,0,0,0,0,0
4989,Member Team,Member Team Lead,4,0,4,0,0,0
4989,Merchandising Team,Backroom Associate,4,0,4,0,0,0
4989,Merchandising Team,Forklift Driver,4,0,4,0,0,0
4989,Merchandising Team,Merchandising,9,8,17,1,0,1
4989,Merchandising Team,Merchandising Lead,4,0,4,0,0,0
4989,Personal Shopper,Personal Shopper,4,2,6,0,1,1
4989,Personal Shopper,Personal Shopper Lead,1,0,1,0,0,0
4989,Specialty,Fuel/Car Wash,2,1,3,0,0,0
4989,Specialty,Maintenance,2,2,4,0,0,0
4989,Specialty,Optical,1,1,2,0,0,0
4989,Specialty,Pharmacy Tech,1,2,3,0,0,0
4989,Specialty,TBC Lead,1,0,1,0,0,0
4989,Specialty,TBC Tire Tech,4,3,7,0,0,0
4990,Fresh,Baker/Packager,2,1,3,0,0,0
4990,Fresh,Bakery Lead,1,0,1,0,0,0
4990,Fresh,Café,3,5,8,0,-1,-1
4990,Fresh,Cake Decorator,3,0,3,0,0,0
4990,Fresh,Freezer/Cooler/Deli,3,2,5,0,0,0
4990,Fresh,HMS/Rotisserie,3,3,6,0,1,1
4990,Fresh,Meat Cutter/Wrapper,2,2,4,0,0,0
4990,Fresh,Meat Lead,1,0,1,0,0,0
4990,Fresh,Prepared Food Lead,1,0,1,0,0,0
4990,Fresh,Produce,2,4,6,0,1,1
4990,Fresh,Produce Lead,1,0,1,0,0,0
4990,Fresh,Senior Meat Cutter,3,1,4,0,0,0
4990,Member Team,Member Assist,3,3,6,0,0,0
4990,Member Team,Member Frontline,5,16,21,0,0,0
4990,Member Team,Member Specialist,7,4,11,0,0,0
4990,Member Team,Member Support,0,0,0,0,0,0
4990,Member Team,Member Team Lead,4,0,4,0,0,0
4990,Merchandising Team,Backroom Associate,4,0,4,0,0,0
4990,Merchandising Team,Forklift Driver,5,0,5,1,0,1
4990,Merchandising Team,Merchandising,10,9,19,1,0,1
4990,Merchandising Team,Merchandising Lead,4,0,4,0,0,0
4990,Personal Shopper,Personal Shopper,9,5,14,3,5,8
4990,Personal Shopper,Personal Shopper Lead,1,0,1,0,0,0
4990,Specialty,Fuel/Car Wash,2,1,3,0,0,0
4990,Specialty,Maintenance,3,1,4,0,0,0
4990,Specialty,Optical,1,3,4,-1,3,2
4990,Specialty,Pharmacy Tech,2,0,2,0,0,0
4990,Specialty,TBC Lead,1,0,1,0,0,0
4990,Specialty,TBC Tire Tech,4,4,8,0,0,0
6329,Fresh,Baker/Packager,3,1,4,1,0,1
6329,Fresh,Bakery Lead,1,0,1,0,0,0
6329,Fresh,Café,3,4,7,0,1,1
6329,Fresh,Cake Decorator,3,1,4,0,0,0
6329,Fresh,Freezer/Cooler/Deli,4,1,5,1,0,1
6329,Fresh,HMS/Rotisserie,2,2,4,0,0,0
6329,Fresh,Meat Cutter/Wrapper,1,1,2,0,0,0
6329,Fresh,Meat Lead,1,0,1,0,0,0
6329,Fresh,Prepared Food Lead,1,0,1,0,0,0
6329,Fresh,Produce,2,2,4,0,0,0
6329,Fresh,Produce Lead,1,0,1,0,0,0
6329,Fresh,Senior Meat Cutter,3,1,4,0,0,0
6329,Member Team,Member Assist,3,4,7,0,0,0
6329,Member Team,Member Frontline,6,15,21,0,0,0
6329,Member Team,Member Specialist,6,4,10,0,0,0
6329,Member Team,Member Support,0,0,0,0,0,0
6329,Member Team,Member Team Lead,5,0,5,0,0,0
6329,Merchandising Team,Backroom Associate,4,0,4,0,0,0
6329,Merchandising Team,Forklift Driver,6,0,6,1,0,1
6329,Merchandising Team,Merchandising,12,10,22,0,2,2
6329,Merchandising Team,Merchandising Lead,4,0,4,0,0,0
6329,Personal Shopper,Personal Shopper,4,2,6,-1,2,1
6329,Personal Shopper,Personal Shopper Lead,1,0,1,0,0,0
6329,Specialty,Fuel/Car Wash,2,3,5,0,0,0
6329,Specialty,Maintenance,3,0,3,0,0,0
6329,Specialty,Optical,1,1,2,0,0,0
6329,Specialty,Pharmacy Tech,2,1,3,0,0,0
6329,Specialty,TBC Lead,1,0,1,0,0,0
6329,Specialty,TBC Tire Tech,4,2,6,0,0,0
6361,Fresh,Baker/Packager,2,3,5,0,0,0
6361,Fresh,Bakery Lead,1,0,1,0,0,0
6361,Fresh,Café,3,6,9,0,1,1
6361,Fresh,Cake Decorator,2,1,3,0,-1,-1
6361,Fresh,Freezer/Cooler/Deli,4,3,7,1,0,1
6361,Fresh,HMS/Rotisserie,4,3,7,0,0,0
6361,Fresh,Meat Cutter/Wrapper,4,1,5,0,0,0
6361,Fresh,Meat Lead,1,0,1,0,0,0
6361,Fresh,Prepared Food Lead,1,0,1,0,0,0
6361,Fresh,Produce,3,4,7,0,1,1
6361,Fresh,Produce Lead,1,0,1,0,0,0
6361,Fresh,Senior Meat Cutter,4,2,6,0,0,0
6361,Member Team,Member Assist,4,4,8,0,0,0
6361,Member Team,Member Frontline,6,18,24,0,0,0
6361,Member Team,Member Specialist,8,4,12,0,0,0
6361,Member Team,Member Support,0,0,0,0,0,0
6361,Member Team,Member Team Lead,5,0,5,0,0,0
6361,Merchandising Team,Backroom Associate,4,0,4,0,0,0
6361,Merchandising Team,Forklift Driver,5,0,5,0,0,0
6361,Merchandising Team,Merchandising,11,13,24,1,0,1
6361,Merchandising Team,Merchandising Lead,4,0,4,0,0,0
6361,Personal Shopper,Personal Shopper,8,4,12,-1,2,1
6361,Personal Shopper,Personal Shopper Lead,1,0,1,0,0,0
6361,Specialty,Fuel/Car Wash,2,1,3,0,0,0
6361,Specialty,Liquor,2,1,3,0,1,1
6361,Specialty,Maintenance,3,2,5,0,0,0
6361,Specialty,Optical,1,1,2,0,0,0
6361,Specialty,Pharmacy Tech,2,0,2,0,0,0
6361,Specialty,TBC Lead,1,0,1,0,0,0
6361,Specialty,TBC Tire Tech,4,2,6,0,0,0
6435,Fresh,Baker/Packager,2,1,3,0,0,0
6435,Fresh,Bakery Lead,1,0,1,0,0,0
6435,Fresh,Café,3,6,9,0,2,2
6435,Fresh,Cake Decorator,3,0,3,0,0,0
6435,Fresh,Freezer/Cooler/Deli,3,1,4,0,0,0
6435,Fresh,HMS/Rotisserie,2,3,5,0,0,0
6435,Fresh,Meat Cutter/Wrapper,1,1,2,0,0,0
6435,Fresh,Meat Lead,1,0,1,0,0,0
6435,Fresh,Prepared Food Lead,1,0,1,0,0,0
6435,Fresh,Produce,2,2,4,0,0,0
6435,Fresh,Produce Lead,1,0,1,0,0,0
6435,Fresh,Senior Meat Cutter,3,1,4,0,0,0
6435,Member Team,Member Assist,2,5,7,0,0,0
6435,Member Team,Member Frontline,5,16,21,0,0,0
6435,Member Team,Member Specialist,6,4,10,0,0,0
6435,Member Team,Member Support,0,0,0,0,0,0
6435,Member Team,Member Team Lead,5,0,5,0,0,0
6435,Merchandising Team,Backroom Associate,4,0,4,0,0,0
6435,Merchandising Team,Forklift Driver,5,0,5,1,0,1
6435,Merchandising Team,Merchandising,10,9,19,-1,0,-1
6435,Merchandising Team,Merchandising Lead,4,0,4,0,0,0
6435,Personal Shopper,Personal Shopper,3,2,5,0,1,1
6435,Personal Shopper,Personal Shopper Lead,1,0,1,0,0,0
6435,Specialty,Asset Protection,1,0,1,0,0,0
6435,Specialty,Fuel/Car Wash,2,1,3,0,0,0
6435,Specialty,Maintenance,3,0,3,0,0,0
6435,Specialty,Optical,2,0,2,0,0,0
6435,Specialty,Pharmacy Tech,2,1,3,0,0,0
6435,Specialty,TBC Lead,1,0,1,0,0,0
6435,Specialty,TBC Tire Tech,3,3,6,0,0,0
8102,Fresh,Baker/Packager,2,3,5,0,0,0
8102,Fresh,Bakery Lead,1,0,1,0,0,0
8102,Fresh,Café,4,6,10,0,1,1
8102,Fresh,Cake Decorator,3,0,3,0,-1,-1
8102,Fresh,Freezer/Cooler/Deli,4,2,6,1,0,1
8102,Fresh,HMS/Rotisserie,3,2,5,0,1,1
8102,Fresh,Meat Cutter/Wrapper,2,1,3,0,0,0
8102,Fresh,Meat Lead,1,0,1,0,0,0
8102,Fresh,Prepared Food Lead,1,0,1,0,0,0
8102,Fresh,Produce,3,2,5,0,0,0
8102,Fresh,Produce Lead,1,0,1,0,0,0
8102,Fresh,Senior Meat Cutter,4,1,5,0,0,0
8102,Member Team,Member Assist,2,6,8,0,1,1
8102,Member Team,Member Frontline,6,20,26,0,1,1
8102,Member Team,Member Specialist,8,3,11,0,0,0
8102,Member Team,Member Support,0,0,0,0,0,0
8102,Member Team,Member Team Lead,5,0,5,0,0,0
8102,Merchandising Team,Backroom Associate,4,0,4,0,0,0
8102,Merchandising Team,Forklift Driver,6,0,6,1,0,1
8102,Merchandising Team,Merchandising,13,12,25,3,0,3
8102,Merchandising Team,Merchandising Lead,4,0,4,0,0,0
8102,Personal Shopper,Personal Shopper,6,4,10,-1,2,1
8102,Personal Shopper,Personal Shopper Lead,1,0,1,0,0,0
8102,Specialty,Asset Protection,1,0,1,0,0,0
8102,Specialty,Fuel/Car Wash,2,1,3,0,0,0
8102,Specialty,Maintenance,3,1,4,0,0,0
8102,Specialty,Optical,1,1,2,0,0,0
8102,Specialty,Pharmacy Tech,3,2,5,0,0,0
8102,Specialty,TBC Lead,1,0,1,0,0,0
8102,Specialty,TBC Tire Tech,5,3,8,0,0,0
8106,Fresh,Baker/Packager,2,3,5,0,0,0
8106,Fresh,Bakery Lead,1,0,1,0,0,0
8106,Fresh,Café,5,4,9,0,-1,-1
8106,Fresh,Cake Decorator,3,1,4,0,0,0
8106,Fresh,Freezer/Cooler/Deli,4,3,7,1,1,2
8106,Fresh,HMS/Rotisserie,3,4,7,0,0,0
8106,Fresh,Meat Cutter/Wrapper,2,3,5,0,0,0
8106,Fresh,Meat Lead,1,0,1,0,0,0
8106,Fresh,Prepared Food Lead,1,0,1,0,0,0
8106,Fresh,Produce,3,3,6,0,0,0
8106,Fresh,Produce Lead,1,0,1,0,0,0
8106,Fresh,Senior Meat Cutter,4,1,5,0,0,0
8106,Member Team,Member Assist,2,7,9,0,0,0
8106,Member Team,Member Frontline,7,17,24,0,0,0
8106,Member Team,Member Specialist,9,3,12,0,0,0
8106,Member Team,Member Support,0,0,0,0,0,0
8106,Member Team,Member Team Lead,5,0,5,0,0,0
8106,Merchandising Team,Backroom Associate,5,0,5,0,0,0
8106,Merchandising Team,Forklift Driver,6,0,6,1,0,1
8106,Merchandising Team,Merchandising,15,12,27,3,0,3
8106,Merchandising Team,Merchandising Lead,4,0,4,0,0,0
8106,Personal Shopper,Personal Shopper,8,4,12,-1,2,1
8106,Personal Shopper,Personal Shopper Lead,1,0,1,0,0,0
8106,Specialty,Fuel/Car Wash,2,1,3,0,0,0
8106,Specialty,Maintenance,3,3,6,0,0,0
8106,Specialty,Optical,1,1,2,0,0,0
8106,Specialty,Pharmacy Tech,3,1,4,0,0,0
8106,Specialty,TBC Lead,1,0,1,0,0,0
8106,Specialty,TBC Tire Tech,4,2,6,0,0,0
8107,Fresh,Baker/Packager,2,1,3,0,0,0
8107,Fresh,Bakery Lead,1,0,1,0,0,0
8107,Fresh,Café,3,5,8,1,1,2
8107,Fresh,Cake Decorator,2,1,3,0,0,0
8107,Fresh,Freezer/Cooler/Deli,3,1,4,0,0,0
8107,Fresh,HMS/Rotisserie,2,2,4,0,0,0
8107,Fresh,Meat Cutter/Wrapper,1,1,2,0,0,0
8107,Fresh,Meat Lead,1,0,1,0,0,0
8107,Fresh,Prepared Food Lead,1,0,1,0,0,0
8107,Fresh,Produce,2,3,5,0,1,1
8107,Fresh,Produce Lead,1,0,1,0,0,0
8107,Fresh,Senior Meat Cutter,3,1,4,0,0,0
8107,Member Team,Member Assist,3,4,7,0,0,0
8107,Member Team,Member Frontline,5,13,18,0,0,0
8107,Member Team,Member Specialist,6,3,9,0,0,0
8107,Member Team,Member Support,0,0,0,0,0,0
8107,Member Team,Member Team Lead,4,0,4,0,0,0
8107,Merchandising Team,Backroom Associate,4,0,4,0,0,0
8107,Merchandising Team,Forklift Driver,4,0,4,0,0,0
8107,Merchandising Team,Merchandising,8,7,15,0,1,1
8107,Merchandising Team,Merchandising Lead,4,0,4,0,0,0
8107,Personal Shopper,Personal Shopper,8,4,12,2,4,6
8107,Personal Shopper,Personal Shopper Lead,1,0,1,0,0,0
8107,Specialty,Fuel/Car Wash,2,1,3,0,0,0
8107,Specialty,Maintenance,2,2,4,0,0,0
8107,Specialty,Optical,1,1,2,0,0,0
8107,Specialty,Pharmacy Tech,2,1,3,0,0,0
8107,Specialty,TBC Lead,1,0,1,0,0,0
8107,Specialty,TBC Tire Tech,5,3,8,0,0,0
8119,Fresh,Baker/Packager,3,2,5,0,0,0
8119,Fresh,Bakery Lead,1,0,1,0,0,0
8119,Fresh,Café,4,5,9,0,-1,-1
8119,Fresh,Cake Decorator,3,1,4,0,0,0
8119,Fresh,Freezer/Cooler/Deli,4,4,8,1,0,1
8119,Fresh,HMS/Rotisserie,4,4,8,0,0,0
8119,Fresh,Meat Cutter/Wrapper,3,1,4,0,0,0
8119,Fresh,Meat Lead,1,0,1,0,0,0
8119,Fresh,Prepared Food Lead,1,0,1,0,0,0
8119,Fresh,Produce,3,5,8,0,1,1
8119,Fresh,Produce Lead,1,0,1,0,0,0
8119,Fresh,Senior Meat Cutter,4,2,6,0,1,1
8119,Member Team,Member Assist,4,6,10,0,0,0
8119,Member Team,Member Frontline,7,20,27,0,0,0
8119,Member Team,Member Specialist,9,5,14,0,0,0
8119,Member Team,Member Support,0,0,0,0,0,0
8119,Member Team,Member Team Lead,6,0,6,0,0,0
8119,Merchandising Team,Backroom Associate,5,0,5,0,0,0
8119,Merchandising Team,Forklift Driver,6,0,6,0,0,0
8119,Merchandising Team,Merchandising,16,12,28,0,0,0
8119,Merchandising Team,Merchandising Lead,4,0,4,0,0,0
8119,Personal Shopper,Personal Shopper,8,3,11,-1,2,1
8119,Personal Shopper,Personal Shopper Lead,1,0,1,0,0,0
8119,Specialty,Fuel/Car Wash,2,1,3,0,0,0
8119,Specialty,Liquor,2,2,4,0,1,1
8119,Specialty,Maintenance,4,2,6,0,0,0
8119,Specialty,Optical,2,0,2,0,0,0
8119,Specialty,Pharmacy Tech,3,2,5,0,0,0
8119,Specialty,TBC Lead,1,0,1,0,0,0
8119,Specialty,TBC Tire Tech,4,3,7,0,0,0
8196,Fresh,Baker/Packager,2,1,3,0,0,0
8196,Fresh,Bakery Lead,1,0,1,0,0,0
8196,Fresh,Café,3,4,7,1,1,2
8196,Fresh,Cake Decorator,2,1,3,0,0,0
8196,Fresh,Freezer/Cooler/Deli,3,1,4,0,0,0
8196,Fresh,HMS/Rotisserie,2,2,4,0,0,0
8196,Fresh,Meat Cutter/Wrapper,1,1,2,0,0,0
8196,Fresh,Meat Lead,1,0,1,0,0,0
8196,Fresh,Prepared Food Lead,1,0,1,0,0,0
8196,Fresh,Produce,2,2,4,0,0,0
8196,Fresh,Produce Lead,1,0,1,0,0,0
8196,Fresh,Senior Meat Cutter,3,1,4,0,0,0
8196,Member Team,Member Assist,2,5,7,0,1,1
8196,Member Team,Member Frontline,5,16,21,0,0,0
8196,Member Team,Member Specialist,5,3,8,0,0,0
8196,Member Team,Member Support,0,0,0,0,0,0
8196,Member Team,Member Team Lead,4,0,4,0,0,0
8196,Merchandising Team,Backroom Associate,4,0,4,0,0,0
8196,Merchandising Team,Forklift Driver,4,0,4,0,0,0
8196,Merchandising Team,Merchandising,10,9,19,0,2,2
8196,Merchandising Team,Merchandising Lead,4,0,4,0,0,0
8196,Personal Shopper,Personal Shopper,4,1,5,0,0,0
8196,Personal Shopper,Personal Shopper Lead,1,0,1,0,0,0
8196,Specialty,Fuel/Car Wash,2,1,3,0,0,0
8196,Specialty,Maintenance,2,2,4,0,0,0
8196,Specialty,Optical,1,1,2,0,0,0
8196,Specialty,TBC Lead,1,0,1,0,0,0
8196,Specialty,TBC Tire Tech,4,2,6,0,0,0
8213,Fresh,Baker/Packager,3,2,5,0,1,1
8213,Fresh,Bakery Lead,1,0,1,0,0,0
8213,Fresh,Café,4,6,10,0,1,1
8213,Fresh,Cake Decorator,3,1,4,0,0,0
8213,Fresh,Freezer/Cooler/Deli,4,3,7,1,0,1
8213,Fresh,HMS/Rotisserie,3,3,6,0,0,0
8213,Fresh,Meat Cutter/Wrapper,2,1,3,0,0,0
8213,Fresh,Meat Lead,1,0,1,0,0,0
8213,Fresh,Prepared Food Lead,1,0,1,0,0,0
8213,Fresh,Produce,3,2,5,0,0,0
8213,Fresh,Produce Lead,1,0,1,0,0,0
8213,Fresh,Senior Meat Cutter,4,1,5,0,0,0
8213,Member Team,Member Assist,3,6,9,0,0,0
8213,Member Team,Member Frontline,6,18,24,0,0,0
8213,Member Team,Member Specialist,8,4,12,0,0,0
8213,Member Team,Member Support,0,0,0,0,0,0
8213,Member Team,Member Team Lead,5,0,5,0,0,0
8213,Merchandising Team,Backroom Associate,5,0,5,1,0,1
8213,Merchandising Team,Forklift Driver,5,0,5,0,0,0
8213,Merchandising Team,Merchandising,12,11,23,0,0,0
8213,Merchandising Team,Merchandising Lead,4,0,4,0,0,0
8213,Personal Shopper,Personal Shopper,7,4,11,1,2,3
8213,Personal Shopper,Personal Shopper Lead,1,0,1,0,0,0
8213,Specialty,Fuel/Car Wash,2,1,3,0,0,0
8213,Specialty,Maintenance,3,3,6,0,0,0
8213,Specialty,Optical,2,0,2,0,0,0
8213,Specialty,Pharmacy Tech,1,2,3,0,0,0
8213,Specialty,TBC Lead,1,0,1,0,0,0
8213,Specialty,TBC Tire Tech,6,3,9,0,0,0
8236,Fresh,Baker/Packager,3,3,6,1,0,1
8236,Fresh,Bakery Lead,1,0,1,0,0,0
8236,Fresh,Café,4,4,8,0,-1,-1
8236,Fresh,Cake Decorator,3,1,4,0,1,1
8236,Fresh,Freezer/Cooler/Deli,5,3,8,2,0,2
8236,Fresh,HMS/Rotisserie,3,4,7,0,0,0
8236,Fresh,Meat Cutter/Wrapper,3,2,5,0,0,0
8236,Fresh,Meat Lead,1,0,1,0,0,0
8236,Fresh,Prepared Food Lead,1,0,1,0,0,0
8236,Fresh,Produce,3,4,7,0,1,1
8236,Fresh,Produce Lead,1,0,1,0,0,0
8236,Fresh,Senior Meat Cutter,4,1,5,0,0,0
8236,Member Team,Member Assist,3,6,9,0,0,0
8236,Member Team,Member Frontline,6,18,24,0,0,0
8236,Member Team,Member Specialist,8,3,11,0,0,0
8236,Member Team,Member Support,0,0,0,0,0,0
8236,Member Team,Member Team Lead,5,0,5,0,0,0
8236,Merchandising Team,Backroom Associate,5,0,5,1,0,1
8236,Merchandising Team,Forklift Driver,6,0,6,1,0,1
8236,Merchandising Team,Merchandising,14,11,25,3,0,3
8236,Merchandising Team,Merchandising Lead,4,0,4,0,0,0
8236,Personal Shopper,Personal Shopper,10,4,14,-1,2,1
8236,Personal Shopper,Personal Shopper Lead,1,0,1,0,0,0
8236,Specialty,Fuel/Car Wash,2,1,3,0,0,0
8236,Specialty,Maintenance,3,3,6,0,0,0
8236,Specialty,Optical,2,0,2,0,0,0
8236,Specialty,Pharmacy Tech,2,2,4,0,0,0
8236,Specialty,TBC Lead,1,0,1,0,0,0
8236,Specialty,TBC Tire Tech,5,4,9,0,0,0
8247,Fresh,Baker/Packager,2,1,3,0,0,0
8247,Fresh,Bakery Lead,1,0,1,0,0,0
8247,Fresh,Café,3,5,8,1,0,1
8247,Fresh,Cake Decorator,3,0,3,0,-1,-1
8247,Fresh,Freezer/Cooler/Deli,3,2,5,0,1,1
8247,Fresh,HMS/Rotisserie,3,2,5,0,0,0
8247,Fresh,Meat Cutter/Wrapper,1,1,2,0,0,0
8247,Fresh,Meat Lead,1,0,1,0,0,0
8247,Fresh,Prepared Food Lead,1,0,1,0,0,0
8247,Fresh,Produce,2,4,6,0,1,1
8247,Fresh,Produce Lead,1,0,1,0,0,0
8247,Fresh,Senior Meat Cutter,3,1,4,0,0,0
8247,Member Team,Member Assist,3,4,7,0,1,1
8247,Member Team,Member Frontline,6,17,23,0,0,0
8247,Member Team,Member Specialist,6,3,9,0,0,0
8247,Member Team,Member Support,0,0,0,0,0,0
8247,Member Team,Member Team Lead,5,0,5,0,0,0
8247,Merchandising Team,Backroom Associate,4,0,4,0,0,0
8247,Merchandising Team,Forklift Driver,5,0,5,1,0,1
8247,Merchandising Team,Merchandising,10,9,19,2,0,2
8247,Merchandising Team,Merchandising Lead,4,0,4,0,0,0
8247,Personal Shopper,Personal Shopper,10,6,16,2,4,6
8247,Personal Shopper,Personal Shopper Lead,1,0,1,0,0,0
8247,Specialty,Asset Protection,1,0,1,0,0,0
8247,Specialty,Fuel/Car Wash,2,1,3,0,0,0
8247,Specialty,Maintenance,3,0,3,0,0,0
8247,Specialty,Optical,1,1,2,0,0,0
8247,Specialty,Pharmacy Tech,2,1,3,0,0,0
8247,Specialty,TBC Lead,1,0,1,0,0,0
8247,Specialty,TBC Tire Tech,4,2,6,0,0,0
4947,Fresh,Baker/Packager,2,2,4,0,1,1
4947,Fresh,Bakery Lead,1,0,1,0,0,0
4947,Fresh,Café,2,4,6,0,1,1
4947,Fresh,Cake Decorator,2,1,3,0,0,0
4947,Fresh,Freezer/Cooler/Deli,3,1,4,0,0,0
4947,Fresh,HMS/Rotisserie,2,2,4,0,0,0
4947,Fresh,Meat Cutter/Wrapper,1,1,2,0,0,0
4947,Fresh,Meat Lead,1,0,1,0,0,0
4947,Fresh,Prepared Food Lead,1,0,1,0,0,0
4947,Fresh,Produce,2,2,4,0,0,0
4947,Fresh,Produce Lead,1,0,1,0,0,0
4947,Fresh,Senior Meat Cutter,3,1,4,0,0,0
4947,Member Team,Member Assist,2,4,6,0,1,1
4947,Member Team,Member Frontline,5,14,19,0,0,0
4947,Member Team,Member Specialist,5,2,7,0,0,0
4947,Member Team,Member Support,0,0,0,0,0,0
4947,Member Team,Member Team Lead,4,0,4,0,0,0
4947,Merchandising Team,Backroom Associate,4,0,4,0,0,0
4947,Merchandising Team,Forklift Driver,4,0,4,1,0,1
4947,Merchandising Team,Merchandising,8,7,15,0,0,0
4947,Merchandising Team,Merchandising Lead,4,0,4,0,0,0
4947,Personal Shopper,Personal Shopper,3,2,5,0,1,1
4947,Personal Shopper,Personal Shopper Lead,1,0,1,0,0,0
4947,Specialty,Fuel/Car Wash,2,2,4,0,0,0
4947,Specialty,Maintenance,2,2,4,0,0,0
4947,Specialty,Optical,1,1,2,0,0,0
4947,Specialty,Pharmacy Tech,2,1,3,0,0,0
4947,Specialty,TBC Lead,1,0,1,0,0,0
4947,Specialty,TBC Tire Tech,3,3,6,0,0,0
4963,Fresh,Baker/Packager,2,1,3,0,0,0
4963,Fresh,Bakery Lead,1,0,1,0,0,0
4963,Fresh,Café,2,4,6,0,1,1
4963,Fresh,Cake Decorator,2,2,4,0,0,0
4963,Fresh,Freezer/Cooler/Deli,3,1,4,0,0,0
4963,Fresh,HMS/Rotisserie,2,2,4,0,0,0
4963,Fresh,Meat Cutter/Wrapper,1,2,3,0,0,0
4963,Fresh,Meat Lead,1,0,1,0,0,0
4963,Fresh,Prepared Food Lead,1,0,1,0,0,0
4963,Fresh,Produce,2,2,4,0,0,0
4963,Fresh,Produce Lead,1,0,1,0,0,0
4963,Fresh,Senior Meat Cutter,3,1,4,0,0,0
4963,Member Team,Member Assist,2,5,7,0,1,1
4963,Member Team,Member Frontline,5,15,20,0,0,0
4963,Member Team,Member Specialist,5,3,8,0,1,1
4963,Member Team,Member Support,0,0,0,0,0,0
4963,Member Team,Member Team Lead,4,0,4,0,0,0
4963,Merchandising Team,Backroom Associate,4,0,4,0,0,0
4963,Merchandising Team,Forklift Driver,4,0,4,0,0,0
4963,Merchandising Team,Merchandising,10,9,19,0,1,1
4963,Merchandising Team,Merchandising Lead,4,0,4,0,0,0
4963,Personal Shopper,Personal Shopper,3,2,5,1,1,2
4963,Personal Shopper,Personal Shopper Lead,1,0,1,0,0,0
4963,Specialty,Fuel/Car Wash,2,1,3,0,0,0
4963,Specialty,Maintenance,2,2,4,0,0,0
4963,Specialty,Optical,1,1,2,0,0,0
4963,Specialty,Pharmacy Tech,3,1,4,0,0,0
4963,Specialty,TBC Lead,1,0,1,0,0,0
4963,Specialty,TBC Tire Tech,3,2,5,0,0,0
6242,Fresh,Baker/Packager,2,3,5,0,2,2
6242,Fresh,Bakery Lead,1,0,1,0,0,0
6242,Fresh,Café,2,3,5,0,0,0
6242,Fresh,Cake Decorator,2,1,3,0,0,0
6242,Fresh,Freezer/Cooler/Deli,3,1,4,0,0,0
6242,Fresh,HMS/Rotisserie,2,3,5,0,0,0
6242,Fresh,Meat Cutter/Wrapper,4,1,5,0,0,0
6242,Fresh,Meat Lead,1,0,1,0,0,0
6242,Fresh,Prepared Food Lead,1,0,1,0,0,0
6242,Fresh,Produce,2,4,6,0,1,1
6242,Fresh,Produce Lead,1,0,1,0,0,0
6242,Fresh,Senior Meat Cutter,3,1,4,0,0,0
6242,Member Team,Member Assist,2,4,6,0,0,0
6242,Member Team,Member Frontline,5,13,18,0,0,0
6242,Member Team,Member Specialist,6,4,10,0,0,0
6242,Member Team,Member Support,0,0,0,0,0,0
6242,Member Team,Member Team Lead,4,0,4,0,0,0
6242,Merchandising Team,Backroom Associate,4,0,4,0,0,0
6242,Merchandising Team,Forklift Driver,3,0,3,0,0,0
6242,Merchandising Team,Merchandising,8,8,16,0,0,0
6242,Merchandising Team,Merchandising Lead,4,0,4,0,0,0
6242,Personal Shopper,Personal Shopper,4,1,5,0,0,0
6242,Personal Shopper,Personal Shopper Lead,1,0,1,0,0,0
6242,Specialty,Fuel/Car Wash,2,1,3,0,0,0
6242,Specialty,Maintenance,2,2,4,0,0,0
6242,Specialty,Optical,2,0,2,0,0,0
6242,Specialty,Pharmacy Tech,2,0,2,0,0,0
6242,Specialty,TBC Lead,1,0,1,0,0,0
6242,Specialty,TBC Tire Tech,3,3,6,0,0,0
6251,Fresh,Baker/Packager,3,4,7,1,1,2
6251,Fresh,Bakery Lead,1,0,1,0,0,0
6251,Fresh,Café,3,3,6,0,0,0
6251,Fresh,Cake Decorator,2,2,4,0,0,0
6251,Fresh,Freezer/Cooler/Deli,4,2,6,1,0,1
6251,Fresh,HMS/Rotisserie,3,4,7,0,0,0
6251,Fresh,Meat Cutter/Wrapper,4,1,5,0,0,0
6251,Fresh,Meat Lead,1,0,1,0,0,0
6251,Fresh,Prepared Food Lead,1,0,1,0,0,0
6251,Fresh,Produce,3,4,7,0,1,1
6251,Fresh,Produce Lead,1,0,1,0,0,0
6251,Fresh,Senior Meat Cutter,3,1,4,0,0,0
6251,Member Team,Member Assist,4,4,8,0,0,0
6251,Member Team,Member Frontline,6,15,21,0,0,0
6251,Member Team,Member Specialist,7,4,11,0,0,0
6251,Member Team,Member Support,0,0,0,0,0,0
6251,Member Team,Member Team Lead,5,0,5,0,0,0
6251,Merchandising Team,Backroom Associate,4,0,4,0,0,0
6251,Merchandising Team,Forklift Driver,5,0,5,0,0,0
6251,Merchandising Team,Merchandising,11,11,22,0,0,0
6251,Merchandising Team,Merchandising Lead,4,0,4,0,0,0
6251,Personal Shopper,Personal Shopper,6,4,10,-1,2,1
6251,Personal Shopper,Personal Shopper Lead,1,0,1,0,0,0
6251,Specialty,Asset Protection,1,0,1,0,0,0
6251,Specialty,Fuel/Car Wash,2,1,3,0,0,0
6251,Specialty,Maintenance,3,2,5,0,0,0
6251,Specialty,Optical,1,1,2,0,0,0
6251,Specialty,Pharmacy Tech,2,1,3,0,0,0
6251,Specialty,TBC Lead,1,0,1,0,0,0
6251,Specialty,TBC Tire Tech,4,3,7,0,0,0
6307,Fresh,Baker/Packager,2,3,5,0,0,0
6307,Fresh,Bakery Lead,1,0,1,0,0,0
6307,Fresh,Café,2,4,6,0,0,0
6307,Fresh,Cake Decorator,2,2,4,0,0,0
6307,Fresh,Freezer/Cooler/Deli,3,1,4,0,0,0
6307,Fresh,HMS/Rotisserie,2,2,4,0,0,0
6307,Fresh,Meat Cutter/Wrapper,1,1,2,0,0,0
6307,Fresh,Meat Lead,1,0,1,0,0,0
6307,Fresh,Prepared Food Lead,1,0,1,0,0,0
6307,Fresh,Produce,2,3,5,0,1,1
6307,Fresh,Produce Lead,1,0,1,0,0,0
6307,Fresh,Senior Meat Cutter,2,1,3,0,0,0
6307,Member Team,Member Assist,3,3,6,0,0,0
6307,Member Team,Member Frontline,5,16,21,0,1,1
6307,Member Team,Member Specialist,5,3,8,0,0,0
6307,Member Team,Member Support,0,0,0,0,0,0
6307,Member Team,Member Team Lead,5,0,5,0,0,0
6307,Merchandising Team,Backroom Associate,4,0,4,0,0,0
6307,Merchandising Team,Forklift Driver,4,0,4,0,0,0
6307,Merchandising Team,Merchandising,9,8,17,0,0,0
6307,Merchandising Team,Merchandising Lead,4,0,4,0,0,0
6307,Personal Shopper,Personal Shopper,3,2,5,0,1,1
6307,Personal Shopper,Personal Shopper Lead,1,0,1,0,0,0
6307,Specialty,Maintenance,2,2,4,0,0,0
6307,Specialty,Optical,1,1,2,0,0,0
6307,Specialty,Pharmacy Tech,1,2,3,0,0,0
6307,Specialty,TBC Lead,1,0,1,0,0,0
6307,Specialty,TBC Tire Tech,3,3,6,0,0,0
6308,Fresh,Baker/Packager,3,3,6,1,0,1
6308,Fresh,Bakery Lead,1,0,1,0,0,0
6308,Fresh,Café,2,4,6,0,0,0
6308,Fresh,Cake Decorator,2,2,4,0,0,0
6308,Fresh,Freezer/Cooler/Deli,3,1,4,0,0,0
6308,Fresh,HMS/Rotisserie,4,2,6,0,0,0
6308,Fresh,Meat Cutter/Wrapper,1,2,3,0,0,0
6308,Fresh,Meat Lead,1,0,1,0,0,0
6308,Fresh,Prepared Food Lead,1,0,1,0,0,0
6308,Fresh,Produce,2,3,5,0,1,1
6308,Fresh,Produce Lead,1,0,1,0,0,0
6308,Fresh,Senior Meat Cutter,3,1,4,0,0,0
6308,Member Team,Member Assist,3,4,7,0,1,1
6308,Member Team,Member Frontline,5,17,22,0,0,0
6308,Member Team,Member Specialist,6,3,9,0,0,0
6308,Member Team,Member Support,0,0,0,0,0,0
6308,Member Team,Member Team Lead,5,0,5,0,0,0
6308,Merchandising Team,Backroom Associate,4,0,4,0,0,0
6308,Merchandising Team,Forklift Driver,5,0,5,1,0,1
6308,Merchandising Team,Merchandising,10,9,19,0,0,0
6308,Merchandising Team,Merchandising Lead,4,0,4,0,0,0
6308,Personal Shopper,Personal Shopper,4,3,7,-1,2,1
6308,Personal Shopper,Personal Shopper Lead,1,0,1,0,0,0
6308,Specialty,Fuel/Car Wash,2,1,3,0,0,0
6308,Specialty,Maintenance,3,0,3,0,0,0
6308,Specialty,Optical,1,1,2,0,0,0
6308,Specialty,Pharmacy Tech,1,2,3,0,0,0
6308,Specialty,TBC Lead,1,0,1,0,0,0
6308,Specialty,TBC Tire Tech,3,3,6,0,0,0
6326,Fresh,Baker/Packager,4,2,6,1,1,2
6326,Fresh,Bakery Lead,1,0,1,0,0,0
6326,Fresh,Café,3,5,8,1,-1,0
6326,Fresh,Cake Decorator,2,2,4,0,0,0
6326,Fresh,Freezer/Cooler/Deli,3,2,5,0,1,1
6326,Fresh,HMS/Rotisserie,3,4,7,0,0,0
6326,Fresh,Meat Cutter/Wrapper,1,2,3,0,0,0
6326,Fresh,Meat Lead,1,0,1,0,0,0
6326,Fresh,Prepared Food Lead,1,0,1,0,0,0
6326,Fresh,Produce,2,3,5,0,0,0
6326,Fresh,Produce Lead,1,0,1,0,0,0
6326,Fresh,Senior Meat Cutter,3,1,4,0,0,0
6326,Member Team,Member Assist,3,4,7,0,0,0
6326,Member Team,Member Frontline,6,15,21,0,0,0
6326,Member Team,Member Specialist,6,4,10,0,2,2
6326,Member Team,Member Support,0,0,0,0,0,0
6326,Member Team,Member Team Lead,5,0,5,0,0,0
6326,Merchandising Team,Backroom Associate,4,0,4,0,0,0
6326,Merchandising Team,Forklift Driver,5,0,5,1,0,1
6326,Merchandising Team,Merchandising,10,10,20,-1,1,0
6326,Merchandising Team,Merchandising Lead,4,0,4,0,0,0
6326,Personal Shopper,Personal Shopper,6,4,10,-1,2,1
6326,Personal Shopper,Personal Shopper Lead,1,0,1,0,0,0
6326,Specialty,Fuel/Car Wash,2,1,3,0,0,0
6326,Specialty,Maintenance,3,1,4,0,0,0
6326,Specialty,Optical,1,1,2,0,0,0
6326,Specialty,Pharmacy Tech,1,2,3,0,0,0
6326,Specialty,TBC Lead,1,0,1,0,0,0
6326,Specialty,TBC Tire Tech,4,1,5,0,0,0
6373,Fresh,Baker/Packager,2,2,4,0,1,1
6373,Fresh,Bakery Lead,1,0,1,0,0,0
6373,Fresh,Café,2,4,6,0,1,1
6373,Fresh,Cake Decorator,3,0,3,0,0,0
6373,Fresh,Freezer/Cooler/Deli,3,1,4,0,0,0
6373,Fresh,HMS/Rotisserie,2,3,5,0,0,0
6373,Fresh,Meat Cutter/Wrapper,1,2,3,0,0,0
6373,Fresh,Meat Lead,1,0,1,0,0,0
6373,Fresh,Prepared Food Lead,1,0,1,0,0,0
6373,Fresh,Produce,2,2,4,0,0,0
6373,Fresh,Produce Lead,1,0,1,0,0,0
6373,Fresh,Senior Meat Cutter,4,1,5,0,0,0
6373,Member Team,Member Assist,3,3,6,0,0,0
6373,Member Team,Member Frontline,6,17,23,0,0,0
6373,Member Team,Member Specialist,6,2,8,0,0,0
6373,Member Team,Member Support,0,0,0,0,0,0
6373,Member Team,Member Team Lead,5,0,5,0,0,0
6373,Merchandising Team,Backroom Associate,4,0,4,0,0,0
6373,Merchandising Team,Forklift Driver,5,0,5,1,0,1
6373,Merchandising Team,Merchandising,10,9,19,-1,0,-1
6373,Merchandising Team,Merchandising Lead,4,0,4,0,0,0
6373,Personal Shopper,Personal Shopper,4,1,5,0,0,0
6373,Personal Shopper,Personal Shopper Lead,1,0,1,0,0,0
6373,Specialty,Fuel/Car Wash,2,1,3,0,0,0
6373,Specialty,Maintenance,2,2,4,0,0,0
6373,Specialty,Optical,1,1,2,0,0,0
6373,Specialty,Pharmacy Tech,2,0,2,0,0,0
6373,Specialty,TBC Lead,1,0,1,0,0,0
6373,Specialty,TBC Tire Tech,4,3,7,0,0,0
6375,Fresh,Baker/Packager,2,1,3,0,0,0
6375,Fresh,Bakery Lead,1,0,1,0,0,0
6375,Fresh,Café,2,4,6,0,1,1
6375,Fresh,Cake Decorator,2,1,3,0,0,0
6375,Fresh,Freezer/Cooler/Deli,3,1,4,0,0,0
6375,Fresh,HMS/Rotisserie,2,2,4,0,0,0
6375,Fresh,Meat Cutter/Wrapper,1,1,2,0,0,0
6375,Fresh,Meat Lead,1,0,1,0,0,0
6375,Fresh,Prepared Food Lead,1,0,1,0,0,0
6375,Fresh,Produce,2,2,4,0,0,0
6375,Fresh,Produce Lead,1,0,1,0,0,0
6375,Fresh,Senior Meat Cutter,3,1,4,0,0,0
6375,Member Team,Member Assist,2,4,6,0,1,1
6375,Member Team,Member Frontline,5,15,20,0,0,0
6375,Member Team,Member Specialist,5,2,7,0,0,0
6375,Member Team,Member Support,0,0,0,0,0,0
6375,Member Team,Member Team Lead,4,0,4,0,0,0
6375,Merchandising Team,Backroom Associate,4,0,4,0,0,0
6375,Merchandising Team,Forklift Driver,4,0,4,0,0,0
6375,Merchandising Team,Merchandising,9,8,17,0,0,0
6375,Merchandising Team,Merchandising Lead,4,0,4,0,0,0
6375,Personal Shopper,Personal Shopper,12,6,18,8,6,14
6375,Personal Shopper,Personal Shopper Lead,1,0,1,0,0,0
6375,Specialty,Fuel/Car Wash,2,1,3,0,0,0
6375,Specialty,Maintenance,2,2,4,0,0,0
6375,Specialty,Pharmacy Tech,3,2,5,0,0,0
6375,Specialty,TBC Lead,1,0,1,0,0,0
6375,Specialty,TBC Tire Tech,3,3,6,0,0,0
6407,Fresh,Baker/Packager,3,2,5,1,1,2
6407,Fresh,Bakery Lead,1,0,1,0,0,0
6407,Fresh,Café,2,4,6,0,1,1
6407,Fresh,Cake Decorator,2,1,3,0,0,0
6407,Fresh,Freezer/Cooler/Deli,3,1,4,0,0,0
6407,Fresh,HMS/Rotisserie,2,2,4,0,0,0
6407,Fresh,Meat Cutter/Wrapper,1,1,2,0,0,0
6407,Fresh,Meat Lead,1,0,1,0,0,0
6407,Fresh,Prepared Food Lead,1,0,1,0,0,0
6407,Fresh,Produce,2,2,4,0,0,0
6407,Fresh,Produce Lead,1,0,1,0,0,0
6407,Fresh,Senior Meat Cutter,3,1,4,0,0,0
6407,Member Team,Member Assist,2,5,7,0,1,1
6407,Member Team,Member Frontline,5,16,21,0,0,0
6407,Member Team,Member Specialist,6,2,8,0,0,0
6407,Member Team,Member Support,0,0,0,0,0,0
6407,Member Team,Member Team Lead,4,0,4,0,0,0
6407,Merchandising Team,Backroom Associate,4,0,4,0,0,0
6407,Merchandising Team,Forklift Driver,4,0,4,0,0,0
6407,Merchandising Team,Merchandising,10,8,18,0,0,0
6407,Merchandising Team,Merchandising Lead,4,0,4,0,0,0
6407,Personal Shopper,Personal Shopper,4,2,6,0,2,2
6407,Personal Shopper,Personal Shopper Lead,1,0,1,0,0,0
6407,Specialty,Fuel/Car Wash,2,1,3,0,0,0
6407,Specialty,Maintenance,2,2,4,0,0,0
6407,Specialty,TBC Lead,1,0,1,0,0,0
6407,Specialty,TBC Tire Tech,4,1,5,0,0,0
6457,Fresh,Baker/Packager,3,2,5,0,1,1
6457,Fresh,Bakery Lead,1,0,1,0,0,0
6457,Fresh,Café,3,2,5,0,-1,-1
6457,Fresh,Cake Decorator,3,1,4,0,0,0
6457,Fresh,Freezer/Cooler/Deli,4,2,6,1,0,1
6457,Fresh,HMS/Rotisserie,3,3,6,0,0,0
6457,Fresh,Meat Cutter/Wrapper,4,1,5,0,0,0
6457,Fresh,Meat Lead,1,0,1,0,0,0
6457,Fresh,Prepared Food Lead,1,0,1,0,0,0
6457,Fresh,Produce,2,4,6,0,1,1
6457,Fresh,Produce Lead,1,0,1,0,0,0
6457,Fresh,Senior Meat Cutter,5,1,6,0,1,1
6457,Member Team,Member Assist,3,5,8,0,0,0
6457,Member Team,Member Frontline,7,17,24,0,0,0
6457,Member Team,Member Specialist,6,4,10,0,0,0
6457,Member Team,Member Support,0,0,0,0,0,0
6457,Member Team,Member Team Lead,5,0,5,0,0,0
6457,Merchandising Team,Backroom Associate,5,0,5,1,0,1
6457,Merchandising Team,Forklift Driver,5,0,5,0,0,0
6457,Merchandising Team,Merchandising,12,11,23,0,0,0
6457,Merchandising Team,Merchandising Lead,4,0,4,0,0,0
6457,Personal Shopper,Personal Shopper,11,5,16,1,3,4
6457,Personal Shopper,Personal Shopper Lead,1,0,1,0,0,0
6457,Specialty,Fuel/Car Wash,2,1,3,0,0,0
6457,Specialty,Maintenance,3,3,6,0,0,0
6457,Specialty,Optical,2,1,3,0,0,0
6457,Specialty,Pharmacy Tech,3,2,5,0,0,0
6457,Specialty,TBC Lead,1,0,1,0,0,0
6457,Specialty,TBC Tire Tech,5,3,8,0,0,0
6556,Fresh,Baker/Packager,0,1,1,0,1,1
6556,Fresh,Bakery Lead,0,0,0,0,0,0
6556,Fresh,Café,2,2,4,0,0,0
6556,Fresh,Cake Decorator,0,0,0,0,0,0
6556,Fresh,Freezer/Cooler/Deli,3,1,4,0,0,0
6556,Fresh,HMS/Rotisserie,2,2,4,0,0,0
6556,Fresh,Meat Cutter/Wrapper,1,2,3,0,0,0
6556,Fresh,Meat Lead,1,0,1,0,0,0
6556,Fresh,Prepared Food Lead,1,0,1,0,0,0
6556,Fresh,Produce,2,2,4,0,0,0
6556,Fresh,Produce Lead,1,0,1,0,0,0
6556,Fresh,Senior Meat Cutter,3,1,4,0,0,0
6556,Member Team,Member Assist,2,4,6,0,0,0
6556,Member Team,Member Frontline,5,16,21,0,0,0
6556,Member Team,Member Specialist,5,2,7,0,0,0
6556,Member Team,Member Support,0,0,0,0,0,0
6556,Member Team,Member Team Lead,4,0,4,0,0,0
6556,Merchandising Team,Backroom Associate,4,0,4,0,0,0
6556,Merchandising Team,Forklift Driver,4,0,4,0,0,0
6556,Merchandising Team,Merchandising,10,8,18,0,0,0
6556,Merchandising Team,Merchandising Lead,4,0,4,0,0,0
6556,Personal Shopper,Personal Shopper,3,2,5,-1,2,1
6556,Personal Shopper,Personal Shopper Lead,1,0,1,0,0,0
6556,Specialty,Maintenance,2,2,4,0,0,0
6556,Specialty,Pharmacy Tech,3,1,4,0,0,0
6556,Specialty,TBC Lead,1,0,1,0,0,0
6556,Specialty,TBC Tire Tech,4,2,6,0,0,0
8152,Fresh,Baker/Packager,2,3,5,0,0,0
8152,Fresh,Bakery Lead,1,0,1,0,0,0
8152,Fresh,Café,3,6,9,0,2,2
8152,Fresh,Cake Decorator,3,1,4,0,0,0
8152,Fresh,Freezer/Cooler/Deli,3,1,4,0,0,0
8152,Fresh,HMS/Rotisserie,3,2,5,0,0,0
8152,Fresh,Meat Cutter/Wrapper,2,1,3,0,0,0
8152,Fresh,Meat Lead,1,0,1,0,0,0
8152,Fresh,Prepared Food Lead,1,0,1,0,0,0
8152,Fresh,Produce,2,3,5,0,1,1
8152,Fresh,Produce Lead,1,0,1,0,0,0
8152,Fresh,Senior Meat Cutter,4,1,5,0,0,0
8152,Member Team,Member Assist,3,5,8,0,0,0
8152,Member Team,Member Frontline,6,17,23,0,1,1
8152,Member Team,Member Specialist,6,2,8,0,0,0
8152,Member Team,Member Support,0,0,0,0,0,0
8152,Member Team,Member Team Lead,5,0,5,0,0,0
8152,Merchandising Team,Backroom Associate,4,0,4,0,0,0
8152,Merchandising Team,Forklift Driver,5,0,5,0,0,0
8152,Merchandising Team,Merchandising,11,11,22,0,0,0
8152,Merchandising Team,Merchandising Lead,4,0,4,0,0,0
8152,Personal Shopper,Personal Shopper,6,2,8,0,0,0
8152,Personal Shopper,Personal Shopper Lead,1,0,1,0,0,0
8152,Specialty,Fuel/Car Wash,2,1,3,0,0,0
8152,Specialty,Maintenance,3,2,5,0,0,0
8152,Specialty,Optical,1,1,2,0,0,0
8152,Specialty,Pharmacy Tech,3,1,4,0,0,0
8152,Specialty,TBC Lead,1,0,1,0,0,0
8152,Specialty,TBC Tire Tech,5,4,9,0,0,0
4739,Fresh,Baker/Packager,4,4,8,1,2,3
4739,Fresh,Bakery Lead,1,0,1,0,0,0
4739,Fresh,Café,3,4,7,0,-1,-1
4739,Fresh,Cake Decorator,3,1,4,0,0,0
4739,Fresh,Freezer/Cooler/Deli,4,3,7,1,1,2
4739,Fresh,HMS/Rotisserie,4,2,6,0,0,0
4739,Fresh,Meat Cutter/Wrapper,2,3,5,0,0,0
4739,Fresh,Meat Lead,1,0,1,0,0,0
4739,Fresh,Prepared Food Lead,1,0,1,0,0,0
4739,Fresh,Produce,3,5,8,0,1,1
4739,Fresh,Produce Lead,1,0,1,0,0,0
4739,Fresh,Senior Meat Cutter,5,1,6,0,0,0
4739,Member Team,Member Assist,3,6,9,0,0,0
4739,Member Team,Member Frontline,7,18,25,0,0,0
4739,Member Team,Member Specialist,9,3,12,0,0,0
4739,Member Team,Member Support,0,0,0,0,0,0
4739,Member Team,Member Team Lead,5,0,5,0,0,0
4739,Merchandising Team,Backroom Associate,5,0,5,0,0,0
4739,Merchandising Team,Forklift Driver,5,0,5,1,0,1
4739,Merchandising Team,Merchandising,11,11,22,1,1,2
4739,Merchandising Team,Merchandising Lead,4,0,4,0,0,0
4739,Personal Shopper,Personal Shopper,7,4,11,-1,2,1
4739,Personal Shopper,Personal Shopper Lead,1,0,1,0,0,0
4739,Specialty,Fuel/Car Wash,2,1,3,0,0,0
4739,Specialty,Maintenance,3,1,4,0,0,0
4739,Specialty,Optical,2,1,3,0,0,0
4739,Specialty,Pharmacy Tech,2,2,4,0,0,0
4739,Specialty,TBC Lead,1,0,1,0,0,0
4739,Specialty,TBC Tire Tech,5,1,6,0,0,0
4780,Fresh,Baker/Packager,3,3,6,1,0,1
4780,Fresh,Bakery Lead,1,0,1,0,0,0
4780,Fresh,Café,3,5,8,0,0,0
4780,Fresh,Cake Decorator,3,0,3,0,0,0
4780,Fresh,Freezer/Cooler/Deli,3,2,5,0,0,0
4780,Fresh,HMS/Rotisserie,3,2,5,0,1,1
4780,Fresh,Meat Cutter/Wrapper,1,2,3,0,0,0
4780,Fresh,Meat Lead,1,0,1,0,0,0
4780,Fresh,Prepared Food Lead,1,0,1,0,0,0
4780,Fresh,Produce,2,6,8,0,1,1
4780,Fresh,Produce Lead,1,0,1,0,0,0
4780,Fresh,Senior Meat Cutter,4,1,5,0,0,0
4780,Member Team,Member Assist,3,4,7,0,0,0
4780,Member Team,Member Frontline,7,16,23,0,0,0
4780,Member Team,Member Specialist,7,4,11,0,0,0
4780,Member Team,Member Support,0,0,0,0,0,0
4780,Member Team,Member Team Lead,5,0,5,0,0,0
4780,Merchandising Team,Backroom Associate,4,0,4,0,0,0
4780,Merchandising Team,Forklift Driver,4,0,4,1,0,1
4780,Merchandising Team,Merchandising,10,11,21,3,0,3
4780,Merchandising Team,Merchandising Lead,4,0,4,0,0,0
4780,Personal Shopper,Personal Shopper,11,7,18,5,6,11
4780,Personal Shopper,Personal Shopper Lead,1,0,1,0,0,0
4780,Specialty,Fuel/Car Wash,2,1,3,0,0,0
4780,Specialty,Maintenance,3,2,5,0,0,0
4780,Specialty,Optical,1,1,2,0,0,0
4780,Specialty,Pharmacy Tech,2,1,3,0,0,0
4780,Specialty,TBC Lead,1,0,1,0,0,0
4780,Specialty,TBC Tire Tech,3,3,6,0,0,0
4789,Fresh,Baker/Packager,2,2,4,0,1,1
4789,Fresh,Bakery Lead,1,0,1,0,0,0
4789,Fresh,Café,3,6,9,0,1,1
4789,Fresh,Cake Decorator,3,1,4,0,0,0
4789,Fresh,Freezer/Cooler/Deli,3,2,5,0,0,0
4789,Fresh,HMS/Rotisserie,3,3,6,0,0,0
4789,Fresh,Meat Cutter/Wrapper,4,1,5,0,0,0
4789,Fresh,Meat Lead,1,0,1,0,0,0
4789,Fresh,Prepared Food Lead,1,0,1,0,0,0
4789,Fresh,Produce,3,3,6,0,0,0
4789,Fresh,Produce Lead,1,0,1,0,0,0
4789,Fresh,Senior Meat Cutter,4,1,5,0,0,0
4789,Member Team,Member Assist,3,5,8,0,0,0
4789,Member Team,Member Frontline,5,16,21,0,0,0
4789,Member Team,Member Specialist,8,3,11,0,0,0
4789,Member Team,Member Support,0,0,0,0,0,0
4789,Member Team,Member Team Lead,5,0,5,0,0,0
4789,Merchandising Team,Backroom Associate,4,0,4,0,0,0
4789,Merchandising Team,Forklift Driver,4,0,4,0,0,0
4789,Merchandising Team,Merchandising,10,9,19,0,0,0
4789,Merchandising Team,Merchandising Lead,4,0,4,0,0,0
4789,Personal Shopper,Personal Shopper,6,3,9,-1,2,1
4789,Personal Shopper,Personal Shopper Lead,1,0,1,0,0,0
4789,Specialty,Fuel/Car Wash,2,1,3,0,0,0
4789,Specialty,Maintenance,3,0,3,0,0,0
4789,Specialty,Optical,2,2,4,0,0,0
4789,Specialty,Pharmacy Tech,2,0,2,0,0,0
4789,Specialty,TBC Lead,1,0,1,0,0,0
4789,Specialty,TBC Tire Tech,4,2,6,0,0,0
4802,Fresh,Baker/Packager,2,2,4,0,1,1
4802,Fresh,Bakery Lead,1,0,1,0,0,0
4802,Fresh,Café,3,6,9,0,1,1
4802,Fresh,Cake Decorator,3,1,4,0,0,0
4802,Fresh,Freezer/Cooler/Deli,3,1,4,0,0,0
4802,Fresh,HMS/Rotisserie,3,3,6,0,1,1
4802,Fresh,Meat Cutter/Wrapper,1,2,3,0,0,0
4802,Fresh,Meat Lead,1,0,1,0,0,0
4802,Fresh,Prepared Food Lead,1,0,1,0,0,0
4802,Fresh,Produce,2,4,6,0,1,1
4802,Fresh,Produce Lead,1,0,1,0,0,0
4802,Fresh,Senior Meat Cutter,5,1,6,0,1,1
4802,Member Team,Member Assist,3,3,6,0,0,0
4802,Member Team,Member Frontline,6,14,20,0,0,0
4802,Member Team,Member Specialist,7,5,12,0,0,0
4802,Member Team,Member Support,0,0,0,0,0,0
4802,Member Team,Member Team Lead,5,0,5,0,0,0
4802,Merchandising Team,Backroom Associate,4,0,4,0,0,0
4802,Merchandising Team,Forklift Driver,4,0,4,0,0,0
4802,Merchandising Team,Merchandising,10,10,20,0,1,1
4802,Merchandising Team,Merchandising Lead,4,0,4,0,0,0
4802,Personal Shopper,Personal Shopper,4,3,7,-1,2,1
4802,Personal Shopper,Personal Shopper Lead,1,0,1,0,0,0
4802,Specialty,Fuel/Car Wash,2,1,3,0,0,0
4802,Specialty,Maintenance,3,1,4,0,0,0
4802,Specialty,Optical,1,1,2,0,0,0
4802,Specialty,Pharmacy Tech,2,1,3,0,0,0
4802,Specialty,TBC Lead,1,0,1,0,0,0
4802,Specialty,TBC Tire Tech,5,1,6,0,0,0
4804,Fresh,Baker/Packager,4,3,7,1,2,3
4804,Fresh,Bakery Lead,1,0,1,0,0,0
4804,Fresh,Café,4,5,9,1,-1,0
4804,Fresh,Cake Decorator,2,2,4,0,0,0
4804,Fresh,Freezer/Cooler/Deli,4,3,7,1,0,1
4804,Fresh,HMS/Rotisserie,3,4,7,0,0,0
4804,Fresh,Meat Cutter/Wrapper,4,1,5,0,0,0
4804,Fresh,Meat Lead,1,0,1,0,0,0
4804,Fresh,Prepared Food Lead,1,0,1,0,0,0
4804,Fresh,Produce,3,4,7,0,1,1
4804,Fresh,Produce Lead,1,0,1,0,0,0
4804,Fresh,Senior Meat Cutter,4,1,5,0,0,0
4804,Member Team,Member Assist,4,5,9,0,0,0
4804,Member Team,Member Frontline,6,17,23,0,0,0
4804,Member Team,Member Specialist,8,3,11,0,0,0
4804,Member Team,Member Support,0,0,0,0,0,0
4804,Member Team,Member Team Lead,5,0,5,0,0,0
4804,Merchandising Team,Backroom Associate,5,0,5,0,0,0
4804,Merchandising Team,Forklift Driver,5,0,5,1,0,1
4804,Merchandising Team,Merchandising,12,12,24,2,0,2
4804,Merchandising Team,Merchandising Lead,4,0,4,0,0,0
4804,Personal Shopper,Personal Shopper,7,3,10,-1,2,1
4804,Personal Shopper,Personal Shopper Lead,1,0,1,0,0,0
4804,Specialty,Fuel/Car Wash,2,1,3,0,0,0
4804,Specialty,Maintenance,3,3,6,0,0,0
4804,Specialty,Optical,2,1,3,0,0,0
4804,Specialty,Pharmacy Tech,2,1,3,0,0,0
4804,Specialty,TBC Lead,1,0,1,0,0,0
4804,Specialty,TBC Tire Tech,4,2,6,0,0,0
6409,Fresh,Baker/Packager,3,3,6,1,0,1
6409,Fresh,Bakery Lead,1,0,1,0,0,0
6409,Fresh,Café,4,5,9,0,1,1
6409,Fresh,Cake Decorator,3,2,5,0,0,0
6409,Fresh,Freezer/Cooler/Deli,3,3,6,0,1,1
6409,Fresh,HMS/Rotisserie,3,3,6,0,0,0
6409,Fresh,Meat Cutter/Wrapper,1,2,3,0,0,0
6409,Fresh,Meat Lead,1,0,1,0,0,0
6409,Fresh,Prepared Food Lead,1,0,1,0,0,0
6409,Fresh,Produce,3,4,7,0,2,2
6409,Fresh,Produce Lead,1,0,1,0,0,0
6409,Fresh,Senior Meat Cutter,3,1,4,0,0,0
6409,Member Team,Member Assist,3,6,9,0,0,0
6409,Member Team,Member Frontline,8,24,32,0,2,2
6409,Member Team,Member Specialist,8,4,12,0,1,1
6409,Member Team,Member Support,0,0,0,0,0,0
6409,Member Team,Member Team Lead,5,0,5,0,0,0
6409,Merchandising Team,Backroom Associate,5,0,5,0,0,0
6409,Merchandising Team,Forklift Driver,6,0,6,1,0,1
6409,Merchandising Team,Merchandising,12,10,22,1,1,2
6409,Merchandising Team,Merchandising Lead,4,0,4,0,0,0
6409,Personal Shopper,Personal Shopper,5,2,7,-1,2,1
6409,Personal Shopper,Personal Shopper Lead,1,0,1,0,0,0
6409,Specialty,Fuel/Car Wash,2,1,3,0,0,0
6409,Specialty,Maintenance,3,1,4,0,0,0
6409,Specialty,Optical,1,1,2,0,0,0
6409,Specialty,Pharmacy Tech,2,0,2,0,0,0
6409,Specialty,TBC Lead,1,0,1,0,0,0
6409,Specialty,TBC Tire Tech,4,3,7,0,0,0
6509,Fresh,Baker/Packager,2,1,3,0,0,0
6509,Fresh,Bakery Lead,1,0,1,0,0,0
6509,Fresh,Café,2,5,7,0,2,2
6509,Fresh,Cake Decorator,1,2,3,-1,1,0
6509,Fresh,Freezer/Cooler/Deli,3,1,4,0,0,0
6509,Fresh,HMS/Rotisserie,2,2,4,0,0,0
6509,Fresh,Meat Cutter/Wrapper,1,1,2,0,0,0
6509,Fresh,Meat Lead,1,0,1,0,0,0
6509,Fresh,Prepared Food Lead,1,0,1,0,0,0
6509,Fresh,Produce,2,2,4,0,0,0
6509,Fresh,Produce Lead,1,0,1,0,0,0
6509,Fresh,Senior Meat Cutter,2,1,3,0,0,0
6509,Member Team,Member Assist,2,4,6,0,1,1
6509,Member Team,Member Frontline,5,14,19,0,0,0
6509,Member Team,Member Specialist,5,3,8,0,0,0
6509,Member Team,Member Support,0,0,0,0,0,0
6509,Member Team,Member Team Lead,4,0,4,0,0,0
6509,Merchandising Team,Backroom Associate,4,0,4,0,0,0
6509,Merchandising Team,Forklift Driver,4,0,4,0,0,0
6509,Merchandising Team,Merchandising,8,7,15,0,0,0
6509,Merchandising Team,Merchandising Lead,4,0,4,0,0,0
6509,Personal Shopper,Personal Shopper,3,2,5,0,2,2
6509,Personal Shopper,Personal Shopper Lead,1,0,1,0,0,0
6509,Specialty,Maintenance,2,2,4,0,0,0
6509,Specialty,TBC Lead,1,0,1,0,0,0
6509,Specialty,TBC Tire Tech,3,3,6,0,0,0
6643,Fresh,Baker/Packager,2,3,5,0,0,0
6643,Fresh,Bakery Lead,1,0,1,0,0,0
6643,Fresh,Café,3,4,7,1,-1,0
6643,Fresh,Cake Decorator,3,0,3,0,0,0
6643,Fresh,Freezer/Cooler/Deli,3,1,4,0,0,0
6643,Fresh,HMS/Rotisserie,2,3,5,0,0,0
6643,Fresh,Meat Cutter/Wrapper,1,1,2,0,0,0
6643,Fresh,Meat Lead,1,0,1,0,0,0
6643,Fresh,Prepared Food Lead,1,0,1,0,0,0
6643,Fresh,Produce,3,3,6,0,1,1
6643,Fresh,Produce Lead,1,0,1,0,0,0
6643,Fresh,Senior Meat Cutter,3,1,4,0,0,0
6643,Member Team,Member Assist,2,5,7,0,0,0
6643,Member Team,Member Frontline,5,15,20,0,1,1
6643,Member Team,Member Specialist,8,3,11,0,0,0
6643,Member Team,Member Support,0,0,0,0,0,0
6643,Member Team,Member Team Lead,5,0,5,0,0,0
6643,Merchandising Team,Backroom Associate,4,0,4,0,0,0
6643,Merchandising Team,Forklift Driver,5,0,5,1,0,1
6643,Merchandising Team,Merchandising,10,10,20,0,1,1
6643,Merchandising Team,Merchandising Lead,4,0,4,0,0,0
6643,Personal Shopper,Personal Shopper,3,2,5,0,2,2
6643,Personal Shopper,Personal Shopper Lead,1,0,1,0,0,0
6643,Specialty,Asset Protection,1,0,1,0,0,0
6643,Specialty,Fuel/Car Wash,2,1,3,0,0,0
6643,Specialty,Maintenance,3,2,5,0,0,0
6643,Specialty,Optical,1,1,2,0,0,0
6643,Specialty,Pharmacy Tech,1,2,3,0,0,0
6643,Specialty,TBC Lead,1,0,1,0,0,0
6643,Specialty,TBC Tire Tech,5,2,7,0,0,0
6644,Fresh,Baker/Packager,3,2,5,1,0,1
6644,Fresh,Bakery Lead,1,0,1,0,0,0
6644,Fresh,Café,3,4,7,1,0,1
6644,Fresh,Cake Decorator,3,0,3,0,0,0
6644,Fresh,Freezer/Cooler/Deli,3,2,5,0,1,1
6644,Fresh,HMS/Rotisserie,3,2,5,0,0,0
6644,Fresh,Meat Cutter/Wrapper,2,3,5,0,0,0
6644,Fresh,Meat Lead,1,0,1,0,0,0
6644,Fresh,Prepared Food Lead,1,0,1,0,0,0
6644,Fresh,Produce,2,5,7,0,1,1
6644,Fresh,Produce Lead,1,0,1,0,0,0
6644,Fresh,Senior Meat Cutter,3,1,4,0,0,0
6644,Member Team,Member Assist,3,4,7,0,0,0
6644,Member Team,Member Frontline,5,17,22,0,1,1
6644,Member Team,Member Specialist,7,3,10,0,0,0
6644,Member Team,Member Support,0,0,0,0,0,0
6644,Member Team,Member Team Lead,5,0,5,0,0,0
6644,Merchandising Team,Backroom Associate,4,0,4,0,0,0
6644,Merchandising Team,Forklift Driver,5,0,5,1,0,1
6644,Merchandising Team,Merchandising,11,11,22,3,0,3
6644,Merchandising Team,Merchandising Lead,4,0,4,0,0,0
6644,Personal Shopper,Personal Shopper,8,4,12,-1,2,1
6644,Personal Shopper,Personal Shopper Lead,1,0,1,0,0,0
6644,Specialty,Fuel/Car Wash,2,2,4,0,0,0
6644,Specialty,Maintenance,3,2,5,0,0,0
6644,Specialty,Optical,2,0,2,0,0,0
6644,Specialty,Pharmacy Tech,1,2,3,0,0,0
6644,Specialty,TBC Lead,1,0,1,0,0,0
6644,Specialty,TBC Tire Tech,4,2,6,0,0,0
6646,Fresh,Baker/Packager,2,3,5,0,0,0
6646,Fresh,Bakery Lead,1,0,1,0,0,0
6646,Fresh,Café,3,3,6,1,-1,0
6646,Fresh,Cake Decorator,2,1,3,0,0,0
6646,Fresh,Freezer/Cooler/Deli,3,1,4,0,0,0
6646,Fresh,HMS/Rotisserie,2,3,5,0,0,0
6646,Fresh,Meat Cutter/Wrapper,1,2,3,0,0,0
6646,Fresh,Meat Lead,1,0,1,0,0,0
6646,Fresh,Prepared Food Lead,1,0,1,0,0,0
6646,Fresh,Produce,2,4,6,0,0,0
6646,Fresh,Produce Lead,1,0,1,0,0,0
6646,Fresh,Senior Meat Cutter,3,1,4,0,0,0
6646,Member Team,Member Assist,2,5,7,0,1,1
6646,Member Team,Member Frontline,6,16,22,0,0,0
6646,Member Team,Member Specialist,6,3,9,0,0,0
6646,Member Team,Member Support,0,0,0,0,0,0
6646,Member Team,Member Team Lead,5,0,5,0,0,0
6646,Merchandising Team,Backroom Associate,4,0,4,0,0,0
6646,Merchandising Team,Forklift Driver,4,0,4,0,0,0
6646,Merchandising Team,Merchandising,10,10,20,0,0,0
6646,Merchandising Team,Merchandising Lead,4,0,4,0,0,0
6646,Personal Shopper,Personal Shopper,5,3,8,-1,2,1
6646,Personal Shopper,Personal Shopper Lead,1,0,1,0,0,0
6646,Specialty,Fuel/Car Wash,2,2,4,0,0,0
6646,Specialty,Liquor,2,0,2,0,0,0
6646,Specialty,Maintenance,2,2,4,0,0,0
6646,Specialty,Optical,2,0,2,0,0,0
6646,Specialty,Pharmacy Tech,1,2,3,0,0,0
6646,Specialty,TBC Lead,1,0,1,0,0,0
6646,Specialty,TBC Tire Tech,3,3,6,0,0,0
8158,Fresh,Baker/Packager,2,2,4,0,1,1
8158,Fresh,Bakery Lead,1,0,1,0,0,0
8158,Fresh,Café,3,5,8,0,1,1
8158,Fresh,Cake Decorator,3,0,3,0,0,0
8158,Fresh,Freezer/Cooler/Deli,3,1,4,0,0,0
8158,Fresh,HMS/Rotisserie,4,2,6,0,0,0
8158,Fresh,Meat Cutter/Wrapper,1,3,4,0,0,0
8158,Fresh,Meat Lead,1,0,1,0,0,0
8158,Fresh,Prepared Food Lead,1,0,1,0,0,0
8158,Fresh,Produce,2,4,6,0,1,1
8158,Fresh,Produce Lead,1,0,1,0,0,0
8158,Fresh,Senior Meat Cutter,3,1,4,0,0,0
8158,Member Team,Member Assist,2,5,7,0,1,1
8158,Member Team,Member Frontline,5,16,21,0,0,0
8158,Member Team,Member Specialist,6,3,9,0,0,0
8158,Member Team,Member Support,0,0,0,0,0,0
8158,Member Team,Member Team Lead,4,0,4,0,0,0
8158,Merchandising Team,Backroom Associate,4,0,4,0,0,0
8158,Merchandising Team,Forklift Driver,4,0,4,1,0,1
8158,Merchandising Team,Merchandising,10,9,19,2,1,3
8158,Merchandising Team,Merchandising Lead,4,0,4,0,0,0
8158,Personal Shopper,Personal Shopper,11,7,18,2,5,7
8158,Personal Shopper,Personal Shopper Lead,1,0,1,0,0,0
8158,Specialty,Fuel/Car Wash,2,1,3,0,0,0
8158,Specialty,Maintenance,3,1,4,0,0,0
8158,Specialty,Optical,1,1,2,0,0,0
8158,Specialty,Pharmacy Tech,1,2,3,0,0,0
8158,Specialty,TBC Lead,1,0,1,0,0,0
8158,Specialty,TBC Tire Tech,3,3,6,0,0,0
8166,Fresh,Baker/Packager,3,2,5,0,0,0
8166,Fresh,Bakery Lead,1,0,1,0,0,0
8166,Fresh,Café,3,5,8,0,0,0
8166,Fresh,Cake Decorator,3,1,4,0,-1,-1
8166,Fresh,Freezer/Cooler/Deli,3,2,5,0,0,0
8166,Fresh,HMS/Rotisserie,2,3,5,0,0,0
8166,Fresh,Meat Cutter/Wrapper,1,1,2,0,0,0
8166,Fresh,Meat Lead,1,0,1,0,0,0
8166,Fresh,Prepared Food Lead,1,0,1,0,0,0
8166,Fresh,Produce,3,4,7,0,1,1
8166,Fresh,Produce Lead,1,0,1,0,0,0
8166,Fresh,Senior Meat Cutter,3,1,4,0,0,0
8166,Member Team,Member Assist,2,7,9,0,2,2
8166,Member Team,Member Frontline,7,17,24,0,0,0
8166,Member Team,Member Specialist,9,4,13,0,0,0
8166,Member Team,Member Support,0,0,0,0,0,0
8166,Member Team,Member Team Lead,5,0,5,0,0,0
8166,Merchandising Team,Backroom Associate,5,0,5,1,0,1
8166,Merchandising Team,Forklift Driver,5,0,5,1,0,1
8166,Merchandising Team,Merchandising,12,10,22,3,0,3
8166,Merchandising Team,Merchandising Lead,4,0,4,0,0,0
8166,Personal Shopper,Personal Shopper,5,2,7,-1,2,1
8166,Personal Shopper,Personal Shopper Lead,1,0,1,0,0,0
8166,Specialty,Maintenance,3,1,4,0,0,0
8166,Specialty,Optical,1,1,2,0,0,0
8166,Specialty,Pharmacy Tech,1,2,3,0,0,0
8166,Specialty,TBC Lead,1,0,1,0,0,0
8166,Specialty,TBC Tire Tech,3,3,6,0,0,0
8194,Fresh,Baker/Packager,2,2,4,0,1,1
8194,Fresh,Bakery Lead,1,0,1,0,0,0
8194,Fresh,Café,3,5,8,0,1,1
8194,Fresh,Cake Decorator,3,1,4,0,0,0
8194,Fresh,Freezer/Cooler/Deli,4,2,6,1,0,1
8194,Fresh,HMS/Rotisserie,4,2,6,0,0,0
8194,Fresh,Meat Cutter/Wrapper,1,2,3,0,0,0
8194,Fresh,Meat Lead,1,0,1,0,0,0
8194,Fresh,Prepared Food Lead,1,0,1,0,0,0
8194,Fresh,Produce,2,3,5,0,0,0
8194,Fresh,Produce Lead,1,0,1,0,0,0
8194,Fresh,Senior Meat Cutter,3,1,4,0,0,0
8194,Member Team,Member Assist,3,4,7,0,0,0
8194,Member Team,Member Frontline,7,16,23,0,0,0
8194,Member Team,Member Specialist,6,4,10,0,0,0
8194,Member Team,Member Support,0,0,0,0,0,0
8194,Member Team,Member Team Lead,5,0,5,0,0,0
8194,Merchandising Team,Backroom Associate,4,0,4,0,0,0
8194,Merchandising Team,Forklift Driver,5,0,5,0,0,0
8194,Merchandising Team,Merchandising,11,10,21,1,0,1
8194,Merchandising Team,Merchandising Lead,4,0,4,0,0,0
8194,Personal Shopper,Personal Shopper,7,4,11,-1,2,1
8194,Personal Shopper,Personal Shopper Lead,1,0,1,0,0,0
8194,Specialty,Fuel/Car Wash,2,1,3,0,0,0
8194,Specialty,Liquor,2,1,3,0,1,1
8194,Specialty,Maintenance,3,2,5,0,0,0
8194,Specialty,Optical,1,1,2,0,0,0
8194,Specialty,Pharmacy Tech,3,2,5,0,0,0
8194,Specialty,TBC Lead,1,0,1,0,0,0
8194,Specialty,TBC Tire Tech,4,2,6,0,0,0
8203,Fresh,Baker/Packager,2,3,5,0,0,0
8203,Fresh,Bakery Lead,1,0,1,0,0,0
8203,Fresh,Café,3,6,9,0,2,2
8203,Fresh,Cake Decorator,3,0,3,0,0,0
8203,Fresh,Freezer/Cooler/Deli,3,1,4,0,0,0
8203,Fresh,HMS/Rotisserie,3,2,5,0,1,1
8203,Fresh,Meat Cutter/Wrapper,1,2,3,0,0,0
8203,Fresh,Meat Lead,1,0,1,0,0,0
8203,Fresh,Prepared Food Lead,1,0,1,0,0,0
8203,Fresh,Produce,3,3,6,0,0,0
8203,Fresh,Produce Lead,1,0,1,0,0,0
8203,Fresh,Senior Meat Cutter,3,1,4,0,0,0
8203,Member Team,Member Assist,3,4,7,0,0,0
8203,Member Team,Member Frontline,5,17,22,0,0,0
8203,Member Team,Member Specialist,8,3,11,0,0,0
8203,Member Team,Member Support,0,0,0,0,0,0
8203,Member Team,Member Team Lead,5,0,5,0,0,0
8203,Merchandising Team,Backroom Associate,4,0,4,0,0,0
8203,Merchandising Team,Forklift Driver,4,0,4,0,0,0
8203,Merchandising Team,Merchandising,10,10,20,0,0,0
8203,Merchandising Team,Merchandising Lead,4,0,4,0,0,0
8203,Personal Shopper,Personal Shopper,5,2,7,-1,2,1
8203,Personal Shopper,Personal Shopper Lead,1,0,1,0,0,0
8203,Specialty,Fuel/Car Wash,2,1,3,0,0,0
8203,Specialty,Maintenance,3,2,5,0,0,0
8203,Specialty,Optical,2,0,2,0,0,0
8203,Specialty,Pharmacy Tech,1,2,3,0,0,0
8203,Specialty,TBC Lead,1,0,1,0,0,0
8203,Specialty,TBC Tire Tech,5,2,7,0,0,0
8211,Fresh,Baker/Packager,2,3,5,0,0,0
8211,Fresh,Bakery Lead,1,0,1,0,0,0
8211,Fresh,Café,4,5,9,0,0,0
8211,Fresh,Cake Decorator,3,1,4,0,0,0
8211,Fresh,Freezer/Cooler/Deli,3,2,5,0,0,0
8211,Fresh,HMS/Rotisserie,3,3,6,0,1,1
8211,Fresh,Meat Cutter/Wrapper,1,2,3,0,0,0
8211,Fresh,Meat Lead,1,0,1,0,0,0
8211,Fresh,Prepared Food Lead,1,0,1,0,0,0
8211,Fresh,Produce,2,4,6,0,1,1
8211,Fresh,Produce Lead,1,0,1,0,0,0
8211,Fresh,Senior Meat Cutter,4,1,5,0,0,0
8211,Member Team,Member Assist,2,5,7,0,0,0
8211,Member Team,Member Frontline,6,15,21,0,0,0
8211,Member Team,Member Specialist,6,4,10,0,1,1
8211,Member Team,Member Support,0,0,0,0,0,0
8211,Member Team,Member Team Lead,5,0,5,0,0,0
8211,Merchandising Team,Backroom Associate,4,0,4,0,0,0
8211,Merchandising Team,Forklift Driver,5,0,5,1,0,1
8211,Merchandising Team,Merchandising,10,9,19,-1,0,-1
8211,Merchandising Team,Merchandising Lead,4,0,4,0,0,0
8211,Personal Shopper,Personal Shopper,4,1,5,0,1,1
8211,Personal Shopper,Personal Shopper Lead,1,0,1,0,0,0
8211,Specialty,Maintenance,3,1,4,0,0,0
8211,Specialty,Optical,2,0,2,0,0,0
8211,Specialty,Pharmacy Tech,2,2,4,0,0,0
8211,Specialty,TBC Lead,1,0,1,0,0,0
8211,Specialty,TBC Tire Tech,4,3,7,0,0,0
8225,Fresh,Baker/Packager,2,2,4,0,1,1
8225,Fresh,Bakery Lead,1,0,1,0,0,0
8225,Fresh,Café,3,5,8,0,0,0
8225,Fresh,Cake Decorator,3,0,3,0,0,0
8225,Fresh,Freezer/Cooler/Deli,4,2,6,1,0,1
8225,Fresh,HMS/Rotisserie,3,3,6,0,0,0
8225,Fresh,Meat Cutter/Wrapper,4,1,5,0,0,0
8225,Fresh,Meat Lead,1,0,1,0,0,0
8225,Fresh,Prepared Food Lead,1,0,1,0,0,0
8225,Fresh,Produce,2,3,5,0,0,0
8225,Fresh,Produce Lead,1,0,1,0,0,0
8225,Fresh,Senior Meat Cutter,3,1,4,0,0,0
8225,Member Team,Member Assist,4,4,8,0,0,0
8225,Member Team,Member Frontline,7,19,26,0,0,0
8225,Member Team,Member Specialist,6,3,9,0,0,0
8225,Member Team,Member Support,0,0,0,0,0,0
8225,Member Team,Member Team Lead,5,0,5,0,0,0
8225,Merchandising Team,Backroom Associate,4,0,4,0,0,0
8225,Merchandising Team,Forklift Driver,5,0,5,0,0,0
8225,Merchandising Team,Merchandising,12,10,22,1,0,1
8225,Merchandising Team,Merchandising Lead,4,0,4,0,0,0
8225,Personal Shopper,Personal Shopper,7,4,11,-1,2,1
8225,Personal Shopper,Personal Shopper Lead,1,0,1,0,0,0
8225,Specialty,Fuel/Car Wash,2,1,3,0,0,0
8225,Specialty,Maintenance,3,2,5,0,0,0
8225,Specialty,Optical,1,1,2,0,0,0
8225,Specialty,Pharmacy Tech,3,2,5,0,0,0
8225,Specialty,TBC Lead,1,0,1,0,0,0
8225,Specialty,TBC Tire Tech,5,3,8,0,0,0
8287,Fresh,Baker/Packager,4,2,6,1,0,1
8287,Fresh,Bakery Lead,1,0,1,0,0,0
8287,Fresh,Café,4,8,12,0,1,1
8287,Fresh,Cake Decorator,4,1,5,0,0,0
8287,Fresh,Freezer/Cooler/Deli,4,3,7,1,1,2
8287,Fresh,HMS/Rotisserie,3,4,7,0,0,0
8287,Fresh,Meat Cutter/Wrapper,1,3,4,0,1,1
8287,Fresh,Meat Lead,1,0,1,0,0,0
8287,Fresh,Prepared Food Lead,1,0,1,0,0,0
8287,Fresh,Produce,3,3,6,0,0,0
8287,Fresh,Produce Lead,1,0,1,0,0,0
8287,Fresh,Senior Meat Cutter,4,1,5,0,0,0
8287,Member Team,Member Assist,3,6,9,0,0,0
8287,Member Team,Member Frontline,6,18,24,0,0,0
8287,Member Team,Member Specialist,9,4,13,0,1,1
8287,Member Team,Member Support,0,0,0,0,0,0
8287,Member Team,Member Team Lead,5,0,5,0,0,0
8287,Merchandising Team,Backroom Associate,5,0,5,0,0,0
8287,Merchandising Team,Forklift Driver,6,0,6,1,0,1
8287,Merchandising Team,Merchandising,12,8,20,2,0,2
8287,Merchandising Team,Merchandising Lead,4,0,4,0,0,0
8287,Personal Shopper,Personal Shopper,6,2,8,0,0,0
8287,Personal Shopper,Personal Shopper Lead,1,0,1,0,0,0
8287,Specialty,Fuel/Car Wash,2,1,3,0,0,0
8287,Specialty,Maintenance,3,2,5,0,0,0
8287,Specialty,Optical,1,2,3,0,0,0
8287,Specialty,Pharmacy Tech,2,1,3,0,0,0
8287,Specialty,TBC Lead,1,0,1,0,0,0
8287,Specialty,TBC Tire Tech,4,2,6,0,0,0
4770,Fresh,Baker/Packager,2,3,5,0,2,2
4770,Fresh,Bakery Lead,1,0,1,0,0,0
4770,Fresh,Café,3,5,8,1,0,1
4770,Fresh,Cake Decorator,2,2,4,0,0,0
4770,Fresh,Freezer/Cooler/Deli,3,2,5,0,0,0
4770,Fresh,HMS/Rotisserie,2,3,5,0,0,0
4770,Fresh,Meat Cutter/Wrapper,2,2,4,0,0,0
4770,Fresh,Meat Lead,1,0,1,0,0,0
4770,Fresh,Prepared Food Lead,1,0,1,0,0,0
4770,Fresh,Produce,2,3,5,0,1,1
4770,Fresh,Produce Lead,1,0,1,0,0,0
4770,Fresh,Senior Meat Cutter,3,1,4,0,0,0
4770,Member Team,Member Assist,4,3,7,0,0,0
4770,Member Team,Member Frontline,6,16,22,0,0,0
4770,Member Team,Member Specialist,6,3,9,0,0,0
4770,Member Team,Member Support,0,0,0,0,0,0
4770,Member Team,Member Team Lead,4,0,4,0,0,0
4770,Merchandising Team,Backroom Associate,4,0,4,0,0,0
4770,Merchandising Team,Forklift Driver,4,0,4,0,0,0
4770,Merchandising Team,Merchandising,8,8,16,0,1,1
4770,Merchandising Team,Merchandising Lead,4,0,4,0,0,0
4770,Personal Shopper,Personal Shopper,5,3,8,-1,2,1
4770,Personal Shopper,Personal Shopper Lead,1,0,1,0,0,0
4770,Specialty,Fuel/Car Wash,2,1,3,0,0,0
4770,Specialty,Maintenance,3,0,3,0,0,0
4770,Specialty,Optical,1,1,2,0,0,0
4770,Specialty,Pharmacy Tech,2,0,2,0,0,0
4770,Specialty,TBC Lead,1,0,1,0,0,0
4770,Specialty,TBC Tire Tech,3,3,6,0,0,0
4933,Fresh,Baker/Packager,3,2,5,0,1,1
4933,Fresh,Bakery Lead,1,0,1,0,0,0
4933,Fresh,Café,3,3,6,0,-1,-1
4933,Fresh,Cake Decorator,2,1,3,0,0,0
4933,Fresh,Freezer/Cooler/Deli,4,3,7,1,0,1
4933,Fresh,HMS/Rotisserie,3,2,5,0,1,1
4933,Fresh,Meat Cutter/Wrapper,2,2,4,0,0,0
4933,Fresh,Meat Lead,1,0,1,0,0,0
4933,Fresh,Prepared Food Lead,1,0,1,0,0,0
4933,Fresh,Produce,3,5,8,0,0,0
4933,Fresh,Produce Lead,1,0,1,0,0,0
4933,Fresh,Senior Meat Cutter,4,1,5,0,0,0
4933,Member Team,Member Assist,6,4,10,0,0,0
4933,Member Team,Member Frontline,6,15,21,0,0,0
4933,Member Team,Member Specialist,8,2,10,0,0,0
4933,Member Team,Member Support,0,0,0,0,0,0
4933,Member Team,Member Team Lead,5,0,5,0,0,0
4933,Merchandising Team,Backroom Associate,4,0,4,0,0,0
4933,Merchandising Team,Forklift Driver,5,0,5,0,0,0
4933,Merchandising Team,Merchandising,11,12,23,0,0,0
4933,Merchandising Team,Merchandising Lead,4,0,4,0,0,0
4933,Personal Shopper,Personal Shopper,10,7,17,0,5,5
4933,Personal Shopper,Personal Shopper Lead,1,0,1,0,0,0
4933,Specialty,Fuel/Car Wash,2,1,3,0,0,0
4933,Specialty,Liquor,2,1,3,0,0,0
4933,Specialty,Maintenance,3,3,6,0,0,0
4933,Specialty,Optical,1,2,3,0,0,0
4933,Specialty,TBC Lead,1,0,1,0,0,0
4933,Specialty,TBC Tire Tech,4,2,6,0,0,0
4987,Fresh,Baker/Packager,2,2,4,0,1,1
4987,Fresh,Bakery Lead,1,0,1,0,0,0
4987,Fresh,Café,2,4,6,0,0,0
4987,Fresh,Cake Decorator,1,2,3,0,0,0
4987,Fresh,Freezer/Cooler/Deli,3,1,4,0,0,0
4987,Fresh,HMS/Rotisserie,2,3,5,0,1,1
4987,Fresh,Meat Cutter/Wrapper,2,1,3,0,0,0
4987,Fresh,Meat Lead,1,0,1,0,0,0
4987,Fresh,Prepared Food Lead,1,0,1,0,0,0
4987,Fresh,Produce,2,4,6,0,1,1
4987,Fresh,Produce Lead,1,0,1,0,0,0
4987,Fresh,Senior Meat Cutter,3,1,4,0,0,0
4987,Member Team,Member Assist,2,4,6,0,0,0
4987,Member Team,Member Frontline,4,14,18,0,0,0
4987,Member Team,Member Specialist,6,2,8,0,0,0
4987,Member Team,Member Support,0,0,0,0,0,0
4987,Member Team,Member Team Lead,4,0,4,0,0,0
4987,Merchandising Team,Backroom Associate,4,0,4,0,0,0
4987,Merchandising Team,Forklift Driver,3,0,3,0,0,0
4987,Merchandising Team,Merchandising,7,7,14,0,0,0
4987,Merchandising Team,Merchandising Lead,4,0,4,0,0,0
4987,Personal Shopper,Personal Shopper,10,6,16,4,4,8
4987,Personal Shopper,Personal Shopper Lead,1,0,1,0,0,0
4987,Specialty,Fuel/Car Wash,2,1,3,0,0,0
4987,Specialty,Maintenance,2,2,4,0,0,0
4987,Specialty,Optical,1,1,2,0,0,0
4987,Specialty,Pharmacy Tech,1,2,3,0,1,1
4987,Specialty,TBC Lead,1,0,1,0,0,0
4987,Specialty,TBC Tire Tech,3,2,5,0,0,0
6320,Fresh,Baker/Packager,3,2,5,0,1,1
6320,Fresh,Bakery Lead,1,0,1,0,0,0
6320,Fresh,Café,3,2,5,0,-1,-1
6320,Fresh,Cake Decorator,3,0,3,0,0,0
6320,Fresh,Freezer/Cooler/Deli,3,3,6,0,0,0
6320,Fresh,HMS/Rotisserie,4,3,7,0,0,0
6320,Fresh,Meat Cutter/Wrapper,4,1,5,0,0,0
6320,Fresh,Meat Lead,1,0,1,0,0,0
6320,Fresh,Prepared Food Lead,1,0,1,0,0,0
6320,Fresh,Produce,4,4,8,1,1,2
6320,Fresh,Produce Lead,1,0,1,0,0,0
6320,Fresh,Senior Meat Cutter,4,1,5,0,0,0
6320,Member Team,Member Assist,3,6,9,0,0,0
6320,Member Team,Member Frontline,7,20,27,0,0,0
6320,Member Team,Member Specialist,7,4,11,0,0,0
6320,Member Team,Member Support,0,0,0,0,0,0
6320,Member Team,Member Team Lead,5,0,5,0,0,0
6320,Merchandising Team,Backroom Associate,4,0,4,0,0,0
6320,Merchandising Team,Forklift Driver,5,0,5,0,0,0
6320,Merchandising Team,Merchandising,11,11,22,0,0,0
6320,Merchandising Team,Merchandising Lead,4,0,4,0,0,0
6320,Personal Shopper,Personal Shopper,8,4,12,-1,2,1
6320,Personal Shopper,Personal Shopper Lead,1,0,1,0,0,0
6320,Specialty,Fuel/Car Wash,2,1,3,0,0,0
6320,Specialty,Liquor,3,2,5,0,2,2
6320,Specialty,Maintenance,3,3,6,0,0,0
6320,Specialty,Optical,1,1,2,0,0,0
6320,Specialty,Pharmacy Tech,3,2,5,0,0,0
6320,Specialty,TBC Lead,1,0,1,0,0,0
6320,Specialty,TBC Tire Tech,5,2,7,0,0,0
6385,Fresh,Baker/Packager,2,1,3,0,0,0
6385,Fresh,Bakery Lead,1,0,1,0,0,0
6385,Fresh,Café,2,4,6,0,0,0
6385,Fresh,Cake Decorator,2,1,3,0,0,0
6385,Fresh,Freezer/Cooler/Deli,3,2,5,0,0,0
6385,Fresh,HMS/Rotisserie,2,3,5,0,0,0
6385,Fresh,Meat Cutter/Wrapper,2,1,3,0,0,0
6385,Fresh,Meat Lead,1,0,1,0,0,0
6385,Fresh,Prepared Food Lead,1,0,1,0,0,0
6385,Fresh,Produce,2,4,6,0,0,0
6385,Fresh,Produce Lead,1,0,1,0,0,0
6385,Fresh,Senior Meat Cutter,4,1,5,0,0,0
6385,Member Team,Member Assist,3,4,7,0,0,0
6385,Member Team,Member Frontline,5,14,19,0,0,0
6385,Member Team,Member Specialist,6,4,10,0,0,0
6385,Member Team,Member Support,0,0,0,0,0,0
6385,Member Team,Member Team Lead,5,0,5,0,0,0
6385,Merchandising Team,Backroom Associate,4,0,4,0,0,0
6385,Merchandising Team,Forklift Driver,5,0,5,1,0,1
6385,Merchandising Team,Merchandising,10,8,18,-1,0,-1
6385,Merchandising Team,Merchandising Lead,4,0,4,0,0,0
6385,Personal Shopper,Personal Shopper,5,3,8,-1,2,1
6385,Personal Shopper,Personal Shopper Lead,1,0,1,0,0,0
6385,Specialty,Fuel/Car Wash,2,1,3,0,0,0
6385,Specialty,Liquor,2,0,2,0,0,0
6385,Specialty,Maintenance,3,2,5,0,0,0
6385,Specialty,Optical,1,1,2,0,0,0
6385,Specialty,TBC Lead,1,0,1,0,0,0
6385,Specialty,TBC Tire Tech,4,2,6,0,0,0
6425,Fresh,Baker/Packager,2,0,2,0,-1,-1
6425,Fresh,Bakery Lead,1,0,1,0,0,0
6425,Fresh,Café,2,5,7,0,2,2
6425,Fresh,Cake Decorator,1,2,3,0,0,0
6425,Fresh,Freezer/Cooler/Deli,3,1,4,0,0,0
6425,Fresh,HMS/Rotisserie,2,2,4,0,0,0
6425,Fresh,Meat Cutter/Wrapper,1,1,2,0,0,0
6425,Fresh,Meat Lead,1,0,1,0,0,0
6425,Fresh,Prepared Food Lead,1,0,1,0,0,0
6425,Fresh,Produce,2,3,5,0,1,1
6425,Fresh,Produce Lead,1,0,1,0,0,0
6425,Fresh,Senior Meat Cutter,3,1,4,0,0,0
6425,Member Team,Member Assist,2,4,6,0,0,0
6425,Member Team,Member Frontline,5,14,19,0,0,0
6425,Member Team,Member Specialist,5,2,7,0,0,0
6425,Member Team,Member Support,0,0,0,0,0,0
6425,Member Team,Member Team Lead,4,0,4,0,0,0
6425,Merchandising Team,Backroom Associate,4,0,4,0,0,0
6425,Merchandising Team,Forklift Driver,4,0,4,0,0,0
6425,Merchandising Team,Merchandising,8,8,16,0,0,0
6425,Merchandising Team,Merchandising Lead,4,0,4,0,0,0
6425,Personal Shopper,Personal Shopper,4,2,6,-1,2,1
6425,Personal Shopper,Personal Shopper Lead,1,0,1,0,0,0
6425,Specialty,Fuel/Car Wash,2,1,3,0,0,0
6425,Specialty,Liquor,3,0,3,0,0,0
6425,Specialty,Maintenance,2,2,4,0,0,0
6425,Specialty,Optical,1,1,2,0,0,0
6425,Specialty,Pharmacy Tech,3,2,5,0,0,0
6425,Specialty,TBC Lead,1,0,1,0,0,0
6425,Specialty,TBC Tire Tech,4,2,6,0,0,0
6430,Fresh,Baker/Packager,2,1,3,0,0,0
6430,Fresh,Bakery Lead,1,0,1,0,0,0
6430,Fresh,Café,2,3,5,0,0,0
6430,Fresh,Cake Decorator,1,2,3,0,0,0
6430,Fresh,Freezer/Cooler/Deli,3,1,4,0,0,0
6430,Fresh,HMS/Rotisserie,2,3,5,0,0,0
6430,Fresh,Meat Cutter/Wrapper,1,2,3,0,0,0
6430,Fresh,Meat Lead,1,0,1,0,0,0
6430,Fresh,Prepared Food Lead,1,0,1,0,0,0
6430,Fresh,Produce,2,3,5,0,1,1
6430,Fresh,Produce Lead,1,0,1,0,0,0
6430,Fresh,Senior Meat Cutter,3,1,4,0,0,0
6430,Member Team,Member Assist,3,3,6,0,0,0
6430,Member Team,Member Frontline,5,15,20,0,0,0
6430,Member Team,Member Specialist,6,3,9,0,0,0
6430,Member Team,Member Support,0,0,0,0,0,0
6430,Member Team,Member Team Lead,4,0,4,0,0,0
6430,Merchandising Team,Backroom Associate,4,0,4,0,0,0
6430,Merchandising Team,Forklift Driver,4,0,4,0,0,0
6430,Merchandising Team,Merchandising,8,9,17,0,0,0
6430,Merchandising Team,Merchandising Lead,4,0,4,0,0,0
6430,Personal Shopper,Personal Shopper,5,2,7,-1,2,1
6430,Personal Shopper,Personal Shopper Lead,1,0,1,0,0,0
6430,Specialty,Fuel/Car Wash,2,1,3,0,0,0
6430,Specialty,Liquor,2,1,3,0,0,0
6430,Specialty,Maintenance,3,0,3,0,0,0
6430,Specialty,Optical,1,1,2,0,0,0
6430,Specialty,Pharmacy Tech,2,1,3,0,0,0
6430,Specialty,TBC Lead,1,0,1,0,0,0
6430,Specialty,TBC Tire Tech,4,2,6,0,0,0
6565,Fresh,Baker/Packager,3,2,5,0,0,0
6565,Fresh,Bakery Lead,1,0,1,0,0,0
6565,Fresh,Café,3,3,6,0,-1,-1
6565,Fresh,Cake Decorator,2,2,4,0,0,0
6565,Fresh,Freezer/Cooler/Deli,4,4,8,1,0,1
6565,Fresh,HMS/Rotisserie,3,3,6,0,0,0
6565,Fresh,Meat Cutter/Wrapper,4,2,6,0,0,0
6565,Fresh,Meat Lead,1,0,1,0,0,0
6565,Fresh,Prepared Food Lead,1,0,1,0,0,0
6565,Fresh,Produce,4,5,9,1,1,2
6565,Fresh,Produce Lead,1,0,1,0,0,0
6565,Fresh,Senior Meat Cutter,4,1,5,0,0,0
6565,Member Team,Member Assist,4,5,9,0,0,0
6565,Member Team,Member Frontline,6,19,25,0,0,0
6565,Member Team,Member Specialist,7,4,11,1,2,3
6565,Member Team,Member Support,0,0,0,0,0,0
6565,Member Team,Member Team Lead,5,0,5,0,0,0
6565,Merchandising Team,Backroom Associate,5,0,5,1,0,1
6565,Merchandising Team,Forklift Driver,6,0,6,1,0,1
6565,Merchandising Team,Merchandising,12,11,23,0,0,0
6565,Merchandising Team,Merchandising Lead,4,0,4,0,0,0
6565,Personal Shopper,Personal Shopper,8,4,12,0,1,1
6565,Personal Shopper,Personal Shopper Lead,1,0,1,0,0,0
6565,Specialty,Asset Protection,1,0,1,0,0,0
6565,Specialty,Fuel/Car Wash,2,1,3,0,0,0
6565,Specialty,Liquor,3,0,3,0,0,0
6565,Specialty,Maintenance,3,4,7,0,0,0
6565,Specialty,Optical,1,1,2,0,0,0
6565,Specialty,Pharmacy Tech,2,2,4,0,0,0
6565,Specialty,TBC Lead,1,0,1,0,0,0
6565,Specialty,TBC Tire Tech,4,3,7,0,0,0
6633,Fresh,Baker/Packager,2,1,3,0,0,0
6633,Fresh,Bakery Lead,1,0,1,0,0,0
6633,Fresh,Café,2,4,6,0,1,1
6633,Fresh,Cake Decorator,1,2,3,0,0,0
6633,Fresh,Freezer/Cooler/Deli,3,1,4,0,0,0
6633,Fresh,HMS/Rotisserie,2,2,4,0,0,0
6633,Fresh,Meat Cutter/Wrapper,1,1,2,0,0,0
6633,Fresh,Meat Lead,1,0,1,0,0,0
6633,Fresh,Prepared Food Lead,1,0,1,0,0,0
6633,Fresh,Produce,2,3,5,0,1,1
6633,Fresh,Produce Lead,1,0,1,0,0,0
6633,Fresh,Senior Meat Cutter,3,1,4,0,0,0
6633,Member Team,Member Assist,2,3,5,0,0,0
6633,Member Team,Member Frontline,5,13,18,0,0,0
6633,Member Team,Member Specialist,5,3,8,0,0,0
6633,Member Team,Member Support,0,0,0,0,0,0
6633,Member Team,Member Team Lead,4,0,4,0,0,0
6633,Merchandising Team,Backroom Associate,4,0,4,0,0,0
6633,Merchandising Team,Forklift Driver,3,0,3,0,0,0
6633,Merchandising Team,Merchandising,7,7,14,0,0,0
6633,Merchandising Team,Merchandising Lead,4,0,4,0,0,0
6633,Personal Shopper,Personal Shopper,6,3,9,-1,2,1
6633,Personal Shopper,Personal Shopper Lead,1,0,1,0,0,0
6633,Specialty,Maintenance,2,2,4,0,0,0
6633,Specialty,Optical,1,2,3,0,0,0
6633,Specialty,Pharmacy Tech,1,2,3,0,0,0
6633,Specialty,TBC Lead,1,0,1,0,0,0
6633,Specialty,TBC Tire Tech,4,2,6,0,0,0
8147,Fresh,Baker/Packager,2,1,3,0,0,0
8147,Fresh,Bakery Lead,1,0,1,0,0,0
8147,Fresh,Café,2,5,7,0,1,1
8147,Fresh,Cake Decorator,2,1,3,0,0,0
8147,Fresh,Freezer/Cooler/Deli,3,1,4,0,0,0
8147,Fresh,HMS/Rotisserie,2,3,5,0,0,0
8147,Fresh,Meat Cutter/Wrapper,1,1,2,0,0,0
8147,Fresh,Meat Lead,1,0,1,0,0,0
8147,Fresh,Prepared Food Lead,1,0,1,0,0,0
8147,Fresh,Produce,2,3,5,0,1,1
8147,Fresh,Produce Lead,1,0,1,0,0,0
8147,Fresh,Senior Meat Cutter,3,1,4,0,0,0
8147,Member Team,Member Assist,2,5,7,0,0,0
8147,Member Team,Member Frontline,5,15,20,0,0,0
8147,Member Team,Member Specialist,6,3,9,0,0,0
8147,Member Team,Member Support,0,0,0,0,0,0
8147,Member Team,Member Team Lead,4,0,4,0,0,0
8147,Merchandising Team,Backroom Associate,4,0,4,0,0,0
8147,Merchandising Team,Forklift Driver,4,0,4,0,0,0
8147,Merchandising Team,Merchandising,8,8,16,0,0,0
8147,Merchandising Team,Merchandising Lead,4,0,4,0,0,0
8147,Personal Shopper,Personal Shopper,5,2,7,-1,2,1
8147,Personal Shopper,Personal Shopper Lead,1,0,1,0,0,0
8147,Specialty,Fuel/Car Wash,2,1,3,0,0,0
8147,Specialty,Maintenance,2,3,5,0,0,0
8147,Specialty,Optical,1,1,2,0,0,0
8147,Specialty,Pharmacy Tech,1,2,3,0,0,0
8147,Specialty,TBC Lead,1,0,1,0,0,0
8147,Specialty,TBC Tire Tech,4,2,6,0,0,0
8165,Fresh,Baker/Packager,4,2,6,1,0,1
8165,Fresh,Bakery Lead,1,0,1,0,0,0
8165,Fresh,Café,2,3,5,0,0,0
8165,Fresh,Cake Decorator,3,1,4,0,0,0
8165,Fresh,Freezer/Cooler/Deli,4,3,7,1,1,2
8165,Fresh,HMS/Rotisserie,3,2,5,0,1,1
8165,Fresh,Meat Cutter/Wrapper,4,1,5,0,0,0
8165,Fresh,Meat Lead,1,0,1,0,0,0
8165,Fresh,Prepared Food Lead,1,0,1,0,0,0
8165,Fresh,Produce,4,3,7,1,0,1
8165,Fresh,Produce Lead,1,0,1,0,0,0
8165,Fresh,Senior Meat Cutter,4,1,5,0,0,0
8165,Member Team,Member Assist,3,7,10,0,0,0
8165,Member Team,Member Frontline,7,18,25,0,0,0
8165,Member Team,Member Specialist,7,4,11,0,0,0
8165,Member Team,Member Support,0,0,0,0,0,0
8165,Member Team,Member Team Lead,6,0,6,0,0,0
8165,Merchandising Team,Backroom Associate,5,0,5,0,0,0
8165,Merchandising Team,Forklift Driver,6,0,6,0,0,0
8165,Merchandising Team,Merchandising,14,12,26,2,0,2
8165,Merchandising Team,Merchandising Lead,4,0,4,0,0,0
8165,Personal Shopper,Personal Shopper,12,7,19,0,5,5
8165,Personal Shopper,Personal Shopper Lead,1,0,1,0,0,0
8165,Specialty,Fuel/Car Wash,2,1,3,0,0,0
8165,Specialty,Maintenance,3,3,6,0,0,0
8165,Specialty,Optical,1,1,2,0,0,0
8165,Specialty,Pharmacy Tech,3,1,4,0,0,0
8165,Specialty,TBC Lead,1,0,1,0,0,0
8165,Specialty,TBC Tire Tech,4,2,6,0,0,0
8172,Fresh,Baker/Packager,3,2,5,1,1,2
8172,Fresh,Bakery Lead,1,0,1,0,0,0
8172,Fresh,Café,2,4,6,0,1,1
8172,Fresh,Cake Decorator,2,1,3,0,0,0
8172,Fresh,Freezer/Cooler/Deli,4,2,6,1,0,1
8172,Fresh,HMS/Rotisserie,2,2,4,0,0,0
8172,Fresh,Meat Cutter/Wrapper,1,2,3,0,0,0
8172,Fresh,Meat Lead,1,0,1,0,0,0
8172,Fresh,Prepared Food Lead,1,0,1,0,0,0
8172,Fresh,Produce,2,6,8,0,1,1
8172,Fresh,Produce Lead,1,0,1,0,0,0
8172,Fresh,Senior Meat Cutter,4,1,5,0,0,0
8172,Member Team,Member Assist,3,5,8,0,0,0
8172,Member Team,Member Frontline,5,16,21,0,0,0
8172,Member Team,Member Specialist,8,3,11,0,0,0
8172,Member Team,Member Support,0,0,0,0,0,0
8172,Member Team,Member Team Lead,5,0,5,0,0,0
8172,Merchandising Team,Backroom Associate,4,0,4,0,0,0
8172,Merchandising Team,Forklift Driver,4,0,4,0,0,0
8172,Merchandising Team,Merchandising,10,9,19,2,0,2
8172,Merchandising Team,Merchandising Lead,4,0,4,0,0,0
8172,Personal Shopper,Personal Shopper,9,5,14,-1,3,2
8172,Personal Shopper,Personal Shopper Lead,1,0,1,0,0,0
8172,Specialty,Fuel/Car Wash,2,1,3,0,0,0
8172,Specialty,Maintenance,3,3,6,0,0,0
8172,Specialty,Optical,1,1,2,0,0,0
8172,Specialty,TBC Lead,1,0,1,0,0,0
8172,Specialty,TBC Tire Tech,3,3,6,0,0,0
4873,Fresh,Baker/Packager,2,2,4,0,1,1
4873,Fresh,Bakery Lead,1,0,1,0,0,0
4873,Fresh,Café,3,3,6,1,-1,0
4873,Fresh,Cake Decorator,2,1,3,0,0,0
4873,Fresh,Freezer/Cooler/Deli,3,1,4,0,0,0
4873,Fresh,HMS/Rotisserie,2,3,5,0,0,0
4873,Fresh,Meat Cutter/Wrapper,1,1,2,0,0,0
4873,Fresh,Meat Lead,1,0,1,0,0,0
4873,Fresh,Prepared Food Lead,1,0,1,0,0,0
4873,Fresh,Produce,2,5,7,0,1,1
4873,Fresh,Produce Lead,1,0,1,0,0,0
4873,Fresh,Senior Meat Cutter,3,1,4,0,0,0
4873,Member Team,Member Assist,3,3,6,0,0,0
4873,Member Team,Member Frontline,5,16,21,0,0,0
4873,Member Team,Member Specialist,6,3,9,0,0,0
4873,Member Team,Member Support,0,0,0,0,0,0
4873,Member Team,Member Team Lead,5,0,5,0,0,0
4873,Merchandising Team,Backroom Associate,4,0,4,0,0,0
4873,Merchandising Team,Forklift Driver,4,0,4,0,0,0
4873,Merchandising Team,Merchandising,9,9,18,0,0,0
4873,Merchandising Team,Merchandising Lead,4,0,4,0,0,0
4873,Personal Shopper,Personal Shopper,7,4,11,-1,2,1
4873,Personal Shopper,Personal Shopper Lead,1,0,1,0,0,0
4873,Specialty,Fuel/Car Wash,2,1,3,0,0,0
4873,Specialty,Maintenance,2,2,4,0,0,0
4873,Specialty,Optical,1,1,2,0,0,0
4873,Specialty,Pharmacy Tech,3,0,3,0,0,0
4873,Specialty,TBC Lead,1,0,1,0,0,0
4873,Specialty,TBC Tire Tech,4,2,6,0,0,0
4973,Fresh,Baker/Packager,2,2,4,0,1,1
4973,Fresh,Bakery Lead,1,0,1,0,0,0
4973,Fresh,Café,2,2,4,0,0,0
4973,Fresh,Cake Decorator,2,1,3,0,0,0
4973,Fresh,Freezer/Cooler/Deli,3,1,4,0,0,0
4973,Fresh,HMS/Rotisserie,2,2,4,0,0,0
4973,Fresh,Meat Cutter/Wrapper,1,1,2,0,0,0
4973,Fresh,Meat Lead,1,0,1,0,0,0
4973,Fresh,Prepared Food Lead,1,0,1,0,0,0
4973,Fresh,Produce,2,3,5,0,1,1
4973,Fresh,Produce Lead,1,0,1,0,0,0
4973,Fresh,Senior Meat Cutter,3,1,4,0,0,0
4973,Member Team,Member Assist,2,4,6,0,1,1
4973,Member Team,Member Frontline,5,15,20,0,0,0
4973,Member Team,Member Specialist,5,3,8,0,1,1
4973,Member Team,Member Support,0,0,0,0,0,0
4973,Member Team,Member Team Lead,4,0,4,0,0,0
4973,Merchandising Team,Backroom Associate,4,0,4,0,0,0
4973,Merchandising Team,Forklift Driver,3,0,3,0,0,0
4973,Merchandising Team,Merchandising,8,7,15,0,1,1
4973,Merchandising Team,Merchandising Lead,4,0,4,0,0,0
4973,Personal Shopper,Personal Shopper,8,4,12,2,3,5
4973,Personal Shopper,Personal Shopper Lead,1,0,1,0,0,0
4973,Specialty,Fuel/Car Wash,2,1,3,0,0,0
4973,Specialty,Maintenance,2,2,4,0,0,0
4973,Specialty,Optical,1,1,2,0,0,0
4973,Specialty,Pharmacy Tech,1,2,3,0,0,0
4973,Specialty,TBC Lead,1,0,1,0,0,0
4973,Specialty,TBC Tire Tech,3,3,6,0,0,0
6181,Fresh,Baker/Packager,2,3,5,0,2,2
6181,Fresh,Bakery Lead,1,0,1,0,0,0
6181,Fresh,Café,3,5,8,0,1,1
6181,Fresh,Cake Decorator,2,1,3,0,0,0
6181,Fresh,Freezer/Cooler/Deli,3,1,4,0,0,0
6181,Fresh,HMS/Rotisserie,2,3,5,0,0,0
6181,Fresh,Meat Cutter/Wrapper,1,1,2,0,0,0
6181,Fresh,Meat Lead,1,0,1,0,0,0
6181,Fresh,Prepared Food Lead,1,0,1,0,0,0
6181,Fresh,Produce,2,4,6,0,1,1
6181,Fresh,Produce Lead,1,0,1,0,0,0
6181,Fresh,Senior Meat Cutter,3,1,4,0,0,0
6181,Member Team,Member Assist,2,5,7,0,1,1
6181,Member Team,Member Frontline,5,16,21,0,0,0
6181,Member Team,Member Specialist,6,3,9,0,1,1
6181,Member Team,Member Support,0,0,0,0,0,0
6181,Member Team,Member Team Lead,4,0,4,0,0,0
6181,Merchandising Team,Backroom Associate,4,0,4,0,0,0
6181,Merchandising Team,Forklift Driver,4,0,4,0,0,0
6181,Merchandising Team,Merchandising,8,8,16,0,1,1
6181,Merchandising Team,Merchandising Lead,4,0,4,0,0,0
6181,Personal Shopper,Personal Shopper,5,2,7,0,1,1
6181,Personal Shopper,Personal Shopper Lead,1,0,1,0,0,0
6181,Specialty,Fuel/Car Wash,2,1,3,0,0,0
6181,Specialty,Maintenance,2,2,4,0,0,0
6181,Specialty,Optical,1,1,2,0,0,0
6181,Specialty,Pharmacy Tech,1,2,3,0,0,0
6181,Specialty,TBC Lead,1,0,1,0,0,0
6181,Specialty,TBC Tire Tech,3,3,6,0,0,0
6344,Fresh,Baker/Packager,3,3,6,0,1,1
6344,Fresh,Bakery Lead,1,0,1,0,0,0
6344,Fresh,Café,2,3,5,0,1,1
6344,Fresh,Cake Decorator,3,2,5,-1,0,-1
6344,Fresh,Freezer/Cooler/Deli,3,2,5,0,0,0
6344,Fresh,HMS/Rotisserie,3,2,5,0,0,0
6344,Fresh,Meat Cutter/Wrapper,4,1,5,0,0,0
6344,Fresh,Meat Lead,1,0,1,0,0,0
6344,Fresh,Prepared Food Lead,1,0,1,0,0,0
6344,Fresh,Produce,4,3,7,1,0,1
6344,Fresh,Produce Lead,1,0,1,0,0,0
6344,Fresh,Senior Meat Cutter,4,1,5,0,0,0
6344,Member Team,Member Assist,3,5,8,0,0,0
6344,Member Team,Member Frontline,8,20,28,0,0,0
6344,Member Team,Member Specialist,8,3,11,0,0,0
6344,Member Team,Member Support,0,0,0,0,0,0
6344,Member Team,Member Team Lead,5,0,5,0,0,0
6344,Merchandising Team,Backroom Associate,4,0,4,0,0,0
6344,Merchandising Team,Forklift Driver,5,0,5,0,0,0
6344,Merchandising Team,Merchandising,10,10,20,0,0,0
6344,Merchandising Team,Merchandising Lead,4,0,4,0,0,0
6344,Personal Shopper,Personal Shopper,8,4,12,-1,2,1
6344,Personal Shopper,Personal Shopper Lead,1,0,1,0,0,0
6344,Specialty,Fuel/Car Wash,2,1,3,0,0,0
6344,Specialty,Maintenance,3,2,5,0,0,0
6344,Specialty,Optical,1,1,2,0,0,0
6344,Specialty,Pharmacy Tech,2,0,2,0,0,0
6344,Specialty,TBC Lead,1,0,1,0,0,0
6344,Specialty,TBC Tire Tech,4,2,6,0,0,0
6413,Fresh,Baker/Packager,2,1,3,0,0,0
6413,Fresh,Bakery Lead,1,0,1,0,0,0
6413,Fresh,Café,3,4,7,0,0,0
6413,Fresh,Cake Decorator,2,1,3,0,0,0
6413,Fresh,Freezer/Cooler/Deli,3,1,4,0,0,0
6413,Fresh,HMS/Rotisserie,2,3,5,0,0,0
6413,Fresh,Meat Cutter/Wrapper,1,1,2,0,0,0
6413,Fresh,Meat Lead,1,0,1,0,0,0
6413,Fresh,Prepared Food Lead,1,0,1,0,0,0
6413,Fresh,Produce,3,2,5,0,0,0
6413,Fresh,Produce Lead,1,0,1,0,0,0
6413,Fresh,Senior Meat Cutter,3,1,4,0,0,0
6413,Member Team,Member Assist,3,4,7,0,0,0
6413,Member Team,Member Frontline,5,17,22,0,0,0
6413,Member Team,Member Specialist,6,3,9,0,0,0
6413,Member Team,Member Support,0,0,0,0,0,0
6413,Member Team,Member Team Lead,4,0,4,0,0,0
6413,Merchandising Team,Backroom Associate,4,0,4,0,0,0
6413,Merchandising Team,Forklift Driver,4,0,4,0,0,0
6413,Merchandising Team,Merchandising,10,7,17,0,0,0
6413,Merchandising Team,Merchandising Lead,4,0,4,0,0,0
6413,Personal Shopper,Personal Shopper,5,2,7,-1,2,1
6413,Personal Shopper,Personal Shopper Lead,1,0,1,0,0,0
6413,Specialty,Fuel/Car Wash,2,1,3,0,0,0
6413,Specialty,Maintenance,2,2,4,0,0,0
6413,Specialty,Optical,1,1,2,0,0,0
6413,Specialty,Pharmacy Tech,2,0,2,0,0,0
6413,Specialty,TBC Lead,1,0,1,0,0,0
6413,Specialty,TBC Tire Tech,4,2,6,0,0,0
6427,Fresh,Baker/Packager,2,3,5,0,0,0
6427,Fresh,Bakery Lead,1,0,1,0,0,0
6427,Fresh,Café,2,2,4,0,0,0
6427,Fresh,Cake Decorator,3,0,3,0,-1,-1
6427,Fresh,Freezer/Cooler/Deli,3,1,4,0,0,0
6427,Fresh,HMS/Rotisserie,2,2,4,0,0,0
6427,Fresh,Meat Cutter/Wrapper,1,1,2,0,0,0
6427,Fresh,Meat Lead,1,0,1,0,0,0
6427,Fresh,Prepared Food Lead,1,0,1,0,0,0
6427,Fresh,Produce,2,4,6,0,1,1
6427,Fresh,Produce Lead,1,0,1,0,0,0
6427,Fresh,Senior Meat Cutter,3,1,4,0,0,0
6427,Member Team,Member Assist,3,4,7,0,0,0
6427,Member Team,Member Frontline,6,16,22,0,0,0
6427,Member Team,Member Specialist,6,3,9,0,1,1
6427,Member Team,Member Support,0,0,0,0,0,0
6427,Member Team,Member Team Lead,4,0,4,0,0,0
6427,Merchandising Team,Backroom Associate,4,0,4,0,0,0
6427,Merchandising Team,Forklift Driver,4,0,4,0,0,0
6427,Merchandising Team,Merchandising,10,9,19,0,0,0
6427,Merchandising Team,Merchandising Lead,4,0,4,0,0,0
6427,Personal Shopper,Personal Shopper,9,5,14,3,3,6
6427,Personal Shopper,Personal Shopper Lead,1,0,1,0,0,0
6427,Specialty,Liquor,3,1,4,0,1,1
6427,Specialty,Maintenance,2,2,4,0,0,0
6427,Specialty,Optical,1,1,2,0,0,0
6427,Specialty,Pharmacy Tech,2,0,2,0,0,0
6427,Specialty,TBC Lead,1,0,1,0,0,0
6427,Specialty,TBC Tire Tech,4,2,6,0,0,0
6432,Fresh,Baker/Packager,0,1,1,-2,0,-2
6432,Fresh,Bakery Lead,1,0,1,0,0,0
6432,Fresh,Café,2,5,7,0,3,3
6432,Fresh,Cake Decorator,0,0,0,-2,-1,-3
6432,Fresh,Freezer/Cooler/Deli,3,2,5,0,1,1
6432,Fresh,HMS/Rotisserie,2,2,4,0,0,0
6432,Fresh,Meat Cutter/Wrapper,1,2,3,0,0,0
6432,Fresh,Meat Lead,1,0,1,0,0,0
6432,Fresh,Prepared Food Lead,1,0,1,0,0,0
6432,Fresh,Produce,2,3,5,0,1,1
6432,Fresh,Produce Lead,1,0,1,0,0,0
6432,Fresh,Senior Meat Cutter,3,1,4,0,0,0
6432,Member Team,Member Assist,3,5,8,0,0,0
6432,Member Team,Member Frontline,6,15,21,0,0,0
6432,Member Team,Member Specialist,5,4,9,0,0,0
6432,Member Team,Member Support,0,0,0,0,0,0
6432,Member Team,Member Team Lead,5,0,5,0,0,0
6432,Merchandising Team,Backroom Associate,4,0,4,0,0,0
6432,Merchandising Team,Forklift Driver,5,0,5,1,0,1
6432,Merchandising Team,Merchandising,10,9,19,0,1,1
6432,Merchandising Team,Merchandising Lead,4,0,4,0,0,0
6432,Personal Shopper,Personal Shopper,6,2,8,0,0,0
6432,Personal Shopper,Personal Shopper Lead,1,0,1,0,0,0
6432,Specialty,Fuel/Car Wash,2,1,3,0,0,0
6432,Specialty,Maintenance,3,1,4,0,0,0
6432,Specialty,TBC Lead,1,0,1,0,0,0
6432,Specialty,TBC Tire Tech,3,2,5,0,0,0
6461,Fresh,Baker/Packager,0,1,1,0,1,1
6461,Fresh,Café,3,6,9,0,1,1
6461,Fresh,Cake Decorator,0,0,0,0,0,0
6461,Fresh,Freezer/Cooler/Deli,4,2,6,1,0,1
6461,Fresh,HMS/Rotisserie,3,2,5,0,1,1
6461,Fresh,Meat Cutter/Wrapper,1,2,3,0,0,0
6461,Fresh,Meat Lead,1,0,1,0,0,0
6461,Fresh,Prepared Food Lead,1,0,1,0,0,0
6461,Fresh,Produce,2,4,6,0,1,1
6461,Fresh,Produce Lead,1,0,1,0,0,0
6461,Fresh,Senior Meat Cutter,3,1,4,0,0,0
6461,Member Team,Member Assist,3,4,7,0,0,0
6461,Member Team,Member Frontline,6,16,22,0,0,0
6461,Member Team,Member Specialist,6,3,9,0,1,1
6461,Member Team,Member Support,0,0,0,0,0,0
6461,Member Team,Member Team Lead,5,0,5,0,0,0
6461,Merchandising Team,Backroom Associate,4,0,4,0,0,0
6461,Merchandising Team,Forklift Driver,5,0,5,0,0,0
6461,Merchandising Team,Merchandising,11,10,21,0,0,0
6461,Merchandising Team,Merchandising Lead,4,0,4,0,0,0
6461,Personal Shopper,Personal Shopper,6,3,9,-1,2,1
6461,Personal Shopper,Personal Shopper Lead,1,0,1,0,0,0
6461,Specialty,Fuel/Car Wash,2,1,3,0,0,0
6461,Specialty,Maintenance,3,1,4,0,0,0
6461,Specialty,TBC Lead,1,0,1,0,0,0
6461,Specialty,TBC Tire Tech,3,3,6,0,0,0
6472,Fresh,Baker/Packager,2,2,4,0,1,1
6472,Fresh,Bakery Lead,1,0,1,0,0,0
6472,Fresh,Café,3,4,7,1,1,2
6472,Fresh,Cake Decorator,2,1,3,0,0,0
6472,Fresh,Freezer/Cooler/Deli,3,1,4,0,0,0
6472,Fresh,HMS/Rotisserie,2,3,5,0,0,0
6472,Fresh,Meat Cutter/Wrapper,1,1,2,0,0,0
6472,Fresh,Meat Lead,1,0,1,0,0,0
6472,Fresh,Prepared Food Lead,1,0,1,0,0,0
6472,Fresh,Produce,2,3,5,0,1,1
6472,Fresh,Produce Lead,1,0,1,0,0,0
6472,Fresh,Senior Meat Cutter,3,1,4,0,0,0
6472,Member Team,Member Assist,3,4,7,0,0,0
6472,Member Team,Member Frontline,6,16,22,0,0,0
6472,Member Team,Member Specialist,6,4,10,0,0,0
6472,Member Team,Member Support,0,0,0,0,0,0
6472,Member Team,Member Team Lead,5,0,5,0,0,0
6472,Merchandising Team,Backroom Associate,4,0,4,0,0,0
6472,Merchandising Team,Forklift Driver,4,0,4,0,0,0
6472,Merchandising Team,Merchandising,9,8,17,0,0,0
6472,Merchandising Team,Merchandising Lead,4,0,4,0,0,0
6472,Personal Shopper,Personal Shopper,5,2,7,-1,2,1
6472,Personal Shopper,Personal Shopper Lead,1,0,1,0,0,0
6472,Specialty,Fuel/Car Wash,2,1,3,0,0,0
6472,Specialty,Maintenance,2,3,5,0,0,0
6472,Specialty,Optical,1,1,2,0,0,0
6472,Specialty,Pharmacy Tech,1,2,3,0,0,0
6472,Specialty,TBC Lead,1,0,1,0,0,0
6472,Specialty,TBC Tire Tech,4,2,6,0,0,0
6510,Fresh,Baker/Packager,2,3,5,0,2,2
6510,Fresh,Bakery Lead,1,0,1,0,0,0
6510,Fresh,Café,2,4,6,0,1,1
6510,Fresh,Cake Decorator,2,1,3,0,0,0
6510,Fresh,Freezer/Cooler/Deli,3,2,5,0,0,0
6510,Fresh,HMS/Rotisserie,2,2,4,0,0,0
6510,Fresh,Meat Cutter/Wrapper,1,2,3,0,0,0
6510,Fresh,Meat Lead,1,0,1,0,0,0
6510,Fresh,Prepared Food Lead,1,0,1,0,0,0
6510,Fresh,Produce,2,4,6,0,1,1
6510,Fresh,Produce Lead,1,0,1,0,0,0
6510,Fresh,Senior Meat Cutter,3,1,4,0,0,0
6510,Member Team,Member Assist,3,4,7,0,0,0
6510,Member Team,Member Frontline,6,16,22,0,0,0
6510,Member Team,Member Specialist,6,3,9,0,0,0
6510,Member Team,Member Support,0,0,0,0,0,0
6510,Member Team,Member Team Lead,5,0,5,0,0,0
6510,Merchandising Team,Backroom Associate,4,0,4,0,0,0
6510,Merchandising Team,Forklift Driver,4,0,4,0,0,0
6510,Merchandising Team,Merchandising,10,8,18,0,0,0
6510,Merchandising Team,Merchandising Lead,4,0,4,0,0,0
6510,Personal Shopper,Personal Shopper,5,2,7,-1,2,1
6510,Personal Shopper,Personal Shopper Lead,1,0,1,0,0,0
6510,Specialty,Fuel/Car Wash,2,1,3,0,0,0
6510,Specialty,Liquor,3,3,6,0,3,3
6510,Specialty,Maintenance,3,1,4,0,0,0
6510,Specialty,Optical,1,1,2,0,0,0
6510,Specialty,Pharmacy Tech,2,0,2,0,0,0
6510,Specialty,TBC Lead,1,0,1,0,0,0
6510,Specialty,TBC Tire Tech,4,2,6,0,0,0
6514,Fresh,Baker/Packager,0,1,1,-2,0,-2
6514,Fresh,Bakery Lead,1,0,1,0,0,0
6514,Fresh,Café,2,4,6,0,2,2
6514,Fresh,Cake Decorator,0,0,0,-2,-1,-3
6514,Fresh,Freezer/Cooler/Deli,3,1,4,0,0,0
6514,Fresh,HMS/Rotisserie,2,2,4,0,0,0
6514,Fresh,Meat Cutter/Wrapper,1,1,2,0,0,0
6514,Fresh,Meat Lead,1,0,1,0,0,0
6514,Fresh,Prepared Food Lead,1,0,1,0,0,0
6514,Fresh,Produce,2,3,5,0,1,1
6514,Fresh,Produce Lead,1,0,1,0,0,0
6514,Fresh,Senior Meat Cutter,2,1,3,0,0,0
6514,Member Team,Member Assist,2,4,6,0,1,1
6514,Member Team,Member Frontline,6,14,20,0,0,0
6514,Member Team,Member Specialist,5,3,8,0,1,1
6514,Member Team,Member Support,0,0,0,0,0,0
6514,Member Team,Member Team Lead,4,0,4,0,0,0
6514,Merchandising Team,Backroom Associate,4,0,4,0,0,0
6514,Merchandising Team,Forklift Driver,3,0,3,0,0,0
6514,Merchandising Team,Merchandising,7,6,13,0,0,0
6514,Merchandising Team,Merchandising Lead,4,0,4,0,0,0
6514,Personal Shopper,Personal Shopper,3,2,5,0,1,1
6514,Personal Shopper,Personal Shopper Lead,1,0,1,0,0,0
6514,Specialty,Fuel/Car Wash,2,1,3,0,0,0
6514,Specialty,Maintenance,2,2,4,0,0,0
6514,Specialty,TBC Lead,1,0,1,0,0,0
6514,Specialty,TBC Tire Tech,3,3,6,0,0,0
6568,Fresh,Baker/Packager,0,1,1,-2,0,-2
6568,Fresh,Bakery Lead,1,0,1,0,0,0
6568,Fresh,Café,2,4,6,0,2,2
6568,Fresh,Cake Decorator,0,0,0,-2,-1,-3
6568,Fresh,Freezer/Cooler/Deli,3,1,4,0,0,0
6568,Fresh,HMS/Rotisserie,2,2,4,0,0,0
6568,Fresh,Meat Cutter/Wrapper,1,1,2,0,0,0
6568,Fresh,Meat Lead,1,0,1,0,0,0
6568,Fresh,Prepared Food Lead,1,0,1,0,0,0
6568,Fresh,Produce,2,2,4,0,0,0
6568,Fresh,Produce Lead,1,0,1,0,0,0
6568,Fresh,Senior Meat Cutter,2,1,3,0,0,0
6568,Member Team,Member Assist,2,3,5,0,0,0
6568,Member Team,Member Frontline,6,13,19,0,0,0
6568,Member Team,Member Specialist,5,2,7,0,0,0
6568,Member Team,Member Support,0,0,0,0,0,0
6568,Member Team,Member Team Lead,4,0,4,0,0,0
6568,Merchandising Team,Backroom Associate,4,0,4,0,0,0
6568,Merchandising Team,Forklift Driver,3,0,3,0,0,0
6568,Merchandising Team,Merchandising,7,5,12,0,0,0
6568,Merchandising Team,Merchandising Lead,4,0,4,0,0,0
6568,Personal Shopper,Personal Shopper,4,2,6,-1,2,1
6568,Personal Shopper,Personal Shopper Lead,1,0,1,0,0,0
6568,Specialty,Fuel/Car Wash,2,1,3,0,0,0
6568,Specialty,Maintenance,2,2,4,0,0,0
6568,Specialty,TBC Lead,1,0,1,0,0,0
6568,Specialty,TBC Tire Tech,4,3,7,0,0,0
6979,Fresh,Baker/Packager,2,3,5,0,1,1
6979,Fresh,Bakery Lead,1,0,1,0,0,0
6979,Fresh,Café,3,3,6,0,1,1
6979,Fresh,Cake Decorator,2,2,4,0,0,0
6979,Fresh,Freezer/Cooler/Deli,3,2,5,0,1,1
6979,Fresh,HMS/Rotisserie,3,2,5,0,0,0
6979,Fresh,Meat Cutter/Wrapper,1,2,3,0,0,0
6979,Fresh,Meat Lead,1,0,1,0,0,0
6979,Fresh,Prepared Food Lead,1,0,1,0,0,0
6979,Fresh,Produce,2,4,6,0,1,1
6979,Fresh,Produce Lead,1,0,1,0,0,0
6979,Fresh,Senior Meat Cutter,3,1,4,0,0,0
6979,Member Team,Member Assist,3,4,7,0,0,0
6979,Member Team,Member Frontline,7,16,23,0,0,0
6979,Member Team,Member Specialist,6,4,10,0,1,1
6979,Member Team,Member Support,0,0,0,0,0,0
6979,Member Team,Member Team Lead,5,0,5,0,0,0
6979,Merchandising Team,Backroom Associate,4,0,4,0,0,0
6979,Merchandising Team,Forklift Driver,5,0,5,1,0,1
6979,Merchandising Team,Merchandising,10,10,20,-1,2,1
6979,Merchandising Team,Merchandising Lead,4,0,4,0,0,0
6979,Personal Shopper,Personal Shopper,6,3,9,0,1,1
6979,Personal Shopper,Personal Shopper Lead,1,0,1,0,0,0
6979,Specialty,Fuel/Car Wash,2,1,3,0,0,0
6979,Specialty,Maintenance,3,2,5,0,0,0
6979,Specialty,Optical,1,1,2,0,0,0
6979,Specialty,Pharmacy Tech,1,2,3,0,0,0
6979,Specialty,TBC Lead,1,0,1,0,0,0
6979,Specialty,TBC Tire Tech,4,1,5,0,0,0
8146,Fresh,Baker/Packager,2,4,6,0,1,1
8146,Fresh,Bakery Lead,1,0,1,0,0,0
8146,Fresh,Café,4,4,8,0,1,1
8146,Fresh,Cake Decorator,2,2,4,0,0,0
8146,Fresh,Freezer/Cooler/Deli,4,2,6,1,0,1
8146,Fresh,HMS/Rotisserie,3,3,6,0,0,0
8146,Fresh,Meat Cutter/Wrapper,2,1,3,0,0,0
8146,Fresh,Meat Lead,1,0,1,0,0,0
8146,Fresh,Prepared Food Lead,1,0,1,0,0,0
8146,Fresh,Produce,3,5,8,0,1,1
8146,Fresh,Produce Lead,1,0,1,0,0,0
8146,Fresh,Senior Meat Cutter,4,1,5,0,0,0
8146,Member Team,Member Assist,4,6,10,0,0,0
8146,Member Team,Member Frontline,7,18,25,0,0,0
8146,Member Team,Member Specialist,8,4,12,0,1,1
8146,Member Team,Member Support,0,0,0,0,0,0
8146,Member Team,Member Team Lead,5,0,5,0,0,0
8146,Merchandising Team,Backroom Associate,5,0,5,0,0,0
8146,Merchandising Team,Forklift Driver,6,0,6,1,0,1
8146,Merchandising Team,Merchandising,14,12,26,2,0,2
8146,Merchandising Team,Merchandising Lead,4,0,4,0,0,0
8146,Personal Shopper,Personal Shopper,10,4,14,-1,3,2
8146,Personal Shopper,Personal Shopper Lead,1,0,1,0,0,0
8146,Specialty,Fuel/Car Wash,2,1,3,0,0,0
8146,Specialty,Maintenance,3,3,6,0,0,0
8146,Specialty,Optical,2,1,3,0,0,0
8146,Specialty,Pharmacy Tech,2,0,2,0,0,0
8146,Specialty,TBC Lead,1,0,1,0,0,0
8146,Specialty,TBC Tire Tech,4,2,6,0,0,0
8162,Fresh,Baker/Packager,2,2,4,0,1,1
8162,Fresh,Bakery Lead,1,0,1,0,0,0
8162,Fresh,Café,2,4,6,0,1,1
8162,Fresh,Cake Decorator,2,1,3,0,0,0
8162,Fresh,Freezer/Cooler/Deli,3,1,4,0,0,0
8162,Fresh,HMS/Rotisserie,2,3,5,0,0,0
8162,Fresh,Meat Cutter/Wrapper,1,1,2,0,0,0
8162,Fresh,Meat Lead,1,0,1,0,0,0
8162,Fresh,Prepared Food Lead,1,0,1,0,0,0
8162,Fresh,Produce,2,3,5,0,0,0
8162,Fresh,Produce Lead,1,0,1,0,0,0
8162,Fresh,Senior Meat Cutter,3,1,4,0,0,0
8162,Member Team,Member Assist,4,3,7,0,0,0
8162,Member Team,Member Frontline,7,18,25,0,0,0
8162,Member Team,Member Specialist,7,3,10,0,0,0
8162,Member Team,Member Support,0,0,0,0,0,0
8162,Member Team,Member Team Lead,5,0,5,0,0,0
8162,Merchandising Team,Backroom Associate,4,0,4,0,0,0
8162,Merchandising Team,Forklift Driver,4,0,4,0,0,0
8162,Merchandising Team,Merchandising,9,9,18,0,0,0
8162,Merchandising Team,Merchandising Lead,4,0,4,0,0,0
8162,Personal Shopper,Personal Shopper,11,5,16,3,3,6
8162,Personal Shopper,Personal Shopper Lead,1,0,1,0,0,0
8162,Specialty,Fuel/Car Wash,2,1,3,0,0,0
8162,Specialty,Maintenance,3,1,4,0,0,0
8162,Specialty,Optical,1,1,2,0,0,0
8162,Specialty,Pharmacy Tech,2,0,2,0,0,0
8162,Specialty,TBC Lead,1,0,1,0,0,0
8162,Specialty,TBC Tire Tech,3,2,5,0,0,0
8238,Fresh,Baker/Packager,3,3,6,0,2,2
8238,Fresh,Bakery Lead,1,0,1,0,0,0
8238,Fresh,Café,3,2,5,0,-1,-1
8238,Fresh,Cake Decorator,3,1,4,0,0,0
8238,Fresh,Freezer/Cooler/Deli,3,2,5,0,0,0
8238,Fresh,HMS/Rotisserie,3,3,6,0,0,0
8238,Fresh,Meat Cutter/Wrapper,4,1,5,0,0,0
8238,Fresh,Meat Lead,1,0,1,0,0,0
8238,Fresh,Prepared Food Lead,1,0,1,0,0,0
8238,Fresh,Produce,3,4,7,0,1,1
8238,Fresh,Produce Lead,1,0,1,0,0,0
8238,Fresh,Senior Meat Cutter,4,1,5,0,0,0
8238,Member Team,Member Assist,4,6,10,0,0,0
8238,Member Team,Member Frontline,8,18,26,0,0,0
8238,Member Team,Member Specialist,9,3,12,0,0,0
8238,Member Team,Member Support,0,0,0,0,0,0
8238,Member Team,Member Team Lead,5,0,5,0,0,0
8238,Merchandising Team,Backroom Associate,5,0,5,1,0,1
8238,Merchandising Team,Forklift Driver,5,0,5,1,0,1
8238,Merchandising Team,Merchandising,12,11,23,1,2,3
8238,Merchandising Team,Merchandising Lead,4,0,4,0,0,0
8238,Personal Shopper,Personal Shopper,15,9,24,3,7,10
8238,Personal Shopper,Personal Shopper Lead,1,0,1,0,0,0
8238,Specialty,Fuel/Car Wash,2,1,3,0,0,0
8238,Specialty,Maintenance,3,3,6,0,0,0
8238,Specialty,Optical,1,1,2,0,0,0
8238,Specialty,Pharmacy Tech,2,1,3,0,0,0
8238,Specialty,TBC Lead,1,0,1,0,0,0
8238,Specialty,TBC Tire Tech,4,2,6,0,0,0
4736,Fresh,Baker/Packager,2,4,6,0,1,1
4736,Fresh,Bakery Lead,1,0,1,0,0,0
4736,Fresh,Café,2,4,6,0,-1,-1
4736,Fresh,Cake Decorator,2,1,3,0,0,0
4736,Fresh,Freezer/Cooler/Deli,3,2,5,0,0,0
4736,Fresh,HMS/Rotisserie,3,2,5,0,0,0
4736,Fresh,Meat Cutter/Wrapper,2,1,3,0,0,0
4736,Fresh,Meat Lead,1,0,1,0,0,0
4736,Fresh,Prepared Food Lead,1,0,1,0,0,0
4736,Fresh,Produce,3,4,7,0,1,1
4736,Fresh,Produce Lead,1,0,1,0,0,0
4736,Fresh,Senior Meat Cutter,4,1,5,0,0,0
4736,Member Team,Member Assist,3,4,7,0,0,0
4736,Member Team,Member Frontline,5,16,21,0,0,0
4736,Member Team,Member Specialist,6,3,9,0,2,2
4736,Member Team,Member Support,0,0,0,0,0,0
4736,Member Team,Member Team Lead,5,0,5,0,0,0
4736,Merchandising Team,Backroom Associate,4,0,4,0,0,0
4736,Merchandising Team,Forklift Driver,5,0,5,1,0,1
4736,Merchandising Team,Merchandising,10,9,19,-1,0,-1
4736,Merchandising Team,Merchandising Lead,4,0,4,0,0,0
4736,Personal Shopper,Personal Shopper,5,3,8,-1,3,2
4736,Personal Shopper,Personal Shopper Lead,1,0,1,0,0,0
4736,Specialty,Maintenance,3,1,4,0,0,0
4736,Specialty,Optical,1,1,2,0,0,0
4736,Specialty,Pharmacy Tech,3,1,4,0,0,0
4736,Specialty,TBC Lead,1,0,1,0,0,0
4736,Specialty,TBC Tire Tech,4,2,6,0,0,0
4738,Fresh,Baker/Packager,2,3,5,0,0,0
4738,Fresh,Bakery Lead,1,0,1,0,0,0
4738,Fresh,Café,3,4,7,0,0,0
4738,Fresh,Cake Decorator,2,2,4,0,0,0
4738,Fresh,Freezer/Cooler/Deli,3,2,5,0,0,0
4738,Fresh,HMS/Rotisserie,3,2,5,0,0,0
4738,Fresh,Meat Cutter/Wrapper,1,2,3,0,0,0
4738,Fresh,Meat Lead,1,0,1,0,0,0
4738,Fresh,Prepared Food Lead,1,0,1,0,0,0
4738,Fresh,Produce,3,4,7,0,1,1
4738,Fresh,Produce Lead,1,0,1,0,0,0
4738,Fresh,Senior Meat Cutter,4,1,5,0,0,0
4738,Member Team,Member Assist,3,4,7,0,0,0
4738,Member Team,Member Frontline,6,15,21,0,0,0
4738,Member Team,Member Specialist,8,3,11,0,0,0
4738,Member Team,Member Support,0,0,0,0,0,0
4738,Member Team,Member Team Lead,5,0,5,0,0,0
4738,Merchandising Team,Backroom Associate,4,0,4,0,0,0
4738,Merchandising Team,Forklift Driver,4,0,4,0,0,0
4738,Merchandising Team,Merchandising,10,11,21,0,0,0
4738,Merchandising Team,Merchandising Lead,4,0,4,0,0,0
4738,Personal Shopper,Personal Shopper,6,2,8,0,0,0
4738,Personal Shopper,Personal Shopper Lead,1,0,1,0,0,0
4738,Specialty,Fuel/Car Wash,2,1,3,0,0,0
4738,Specialty,Liquor,3,0,3,0,0,0
4738,Specialty,Maintenance,2,2,4,0,0,0
4738,Specialty,Optical,1,1,2,0,0,0
4738,Specialty,Pharmacy Tech,2,1,3,0,0,0
4738,Specialty,TBC Lead,1,0,1,0,0,0
4738,Specialty,TBC Tire Tech,4,1,5,0,0,0
4787,Fresh,Baker/Packager,3,4,7,0,1,1
4787,Fresh,Bakery Lead,1,0,1,0,0,0
4787,Fresh,Café,3,5,8,0,-1,-1
4787,Fresh,Cake Decorator,2,2,4,0,0,0
4787,Fresh,Freezer/Cooler/Deli,3,2,5,0,0,0
4787,Fresh,HMS/Rotisserie,3,2,5,0,0,0
4787,Fresh,Meat Cutter/Wrapper,1,2,3,0,0,0
4787,Fresh,Meat Lead,1,0,1,0,0,0
4787,Fresh,Prepared Food Lead,1,0,1,0,0,0
4787,Fresh,Produce,3,5,8,0,1,1
4787,Fresh,Produce Lead,1,0,1,0,0,0
4787,Fresh,Senior Meat Cutter,4,1,5,0,0,0
4787,Member Team,Member Assist,3,6,9,0,0,0
4787,Member Team,Member Frontline,7,17,24,0,0,0
4787,Member Team,Member Specialist,9,4,13,0,0,0
4787,Member Team,Member Support,0,0,0,0,0,0
4787,Member Team,Member Team Lead,5,0,5,0,0,0
4787,Merchandising Team,Backroom Associate,4,0,4,0,0,0
4787,Merchandising Team,Forklift Driver,4,0,4,0,0,0
4787,Merchandising Team,Merchandising,10,10,20,0,0,0
4787,Merchandising Team,Merchandising Lead,4,0,4,0,0,0
4787,Personal Shopper,Personal Shopper,5,2,7,-1,2,1
4787,Personal Shopper,Personal Shopper Lead,1,0,1,0,0,0
4787,Specialty,Asset Protection,1,0,1,0,0,0
4787,Specialty,Fuel/Car Wash,2,1,3,0,0,0
4787,Specialty,Liquor,3,1,4,0,1,1
4787,Specialty,Maintenance,3,2,5,0,0,0
4787,Specialty,Optical,1,1,2,0,0,0
4787,Specialty,Pharmacy Tech,2,2,4,0,0,0
4787,Specialty,TBC Lead,1,0,1,0,0,0
4787,Specialty,TBC Tire Tech,4,2,6,0,0,0
6254,Fresh,Baker/Packager,2,4,6,0,1,1
6254,Fresh,Bakery Lead,1,0,1,0,0,0
6254,Fresh,Café,3,4,7,0,0,0
6254,Fresh,Cake Decorator,2,2,4,0,0,0
6254,Fresh,Freezer/Cooler/Deli,4,3,7,1,1,2
6254,Fresh,HMS/Rotisserie,3,3,6,0,1,1
6254,Fresh,Meat Cutter/Wrapper,4,1,5,0,0,0
6254,Fresh,Meat Lead,1,0,1,0,0,0
6254,Fresh,Prepared Food Lead,1,0,1,0,0,0
6254,Fresh,Produce,4,4,8,0,1,1
6254,Fresh,Produce Lead,1,0,1,0,0,0
6254,Fresh,Senior Meat Cutter,4,1,5,0,0,0
6254,Member Team,Member Assist,3,5,8,0,0,0
6254,Member Team,Member Frontline,6,17,23,0,0,0
6254,Member Team,Member Specialist,8,4,12,0,1,1
6254,Member Team,Member Support,0,0,0,0,0,0
6254,Member Team,Member Team Lead,5,0,5,0,0,0
6254,Merchandising Team,Backroom Associate,4,0,4,0,0,0
6254,Merchandising Team,Forklift Driver,5,0,5,0,0,0
6254,Merchandising Team,Merchandising,10,11,21,0,0,0
6254,Merchandising Team,Merchandising Lead,4,0,4,0,0,0
6254,Personal Shopper,Personal Shopper,7,4,11,-1,2,1
6254,Personal Shopper,Personal Shopper Lead,1,0,1,0,0,0
6254,Specialty,Fuel/Car Wash,2,3,5,0,0,0
6254,Specialty,Liquor,3,2,5,0,2,2
6254,Specialty,Maintenance,3,1,4,0,0,0
6254,Specialty,Optical,2,0,2,0,0,0
6254,Specialty,Pharmacy Tech,1,2,3,0,0,0
6254,Specialty,TBC Lead,1,0,1,0,0,0
6254,Specialty,TBC Tire Tech,3,3,6,0,0,0
6309,Fresh,Baker/Packager,3,3,6,0,1,1
6309,Fresh,Bakery Lead,1,0,1,0,0,0
6309,Fresh,Café,3,4,7,0,-1,-1
6309,Fresh,Cake Decorator,3,2,5,0,0,0
6309,Fresh,Freezer/Cooler/Deli,3,3,6,0,0,0
6309,Fresh,HMS/Rotisserie,3,4,7,0,0,0
6309,Fresh,Meat Cutter/Wrapper,4,1,5,0,0,0
6309,Fresh,Meat Lead,1,0,1,0,0,0
6309,Fresh,Prepared Food Lead,1,0,1,0,0,0
6309,Fresh,Produce,4,4,8,0,1,1
6309,Fresh,Produce Lead,1,0,1,0,0,0
6309,Fresh,Senior Meat Cutter,3,1,4,0,0,0
6309,Member Team,Member Assist,3,5,8,0,0,0
6309,Member Team,Member Frontline,7,16,23,0,0,0
6309,Member Team,Member Specialist,9,4,13,0,0,0
6309,Member Team,Member Support,0,0,0,0,0,0
6309,Member Team,Member Team Lead,5,0,5,0,0,0
6309,Merchandising Team,Backroom Associate,4,0,4,0,0,0
6309,Merchandising Team,Forklift Driver,5,0,5,0,0,0
6309,Merchandising Team,Merchandising,11,11,22,0,0,0
6309,Merchandising Team,Merchandising Lead,4,0,4,0,0,0
6309,Personal Shopper,Personal Shopper,8,4,12,-1,2,1
6309,Personal Shopper,Personal Shopper Lead,1,0,1,0,0,0
6309,Specialty,Asset Protection,1,0,1,0,0,0
6309,Specialty,Fuel/Car Wash,2,1,3,0,0,0
6309,Specialty,Liquor,3,1,4,0,1,1
6309,Specialty,Maintenance,3,2,5,0,0,0
6309,Specialty,Optical,2,0,2,0,0,0
6309,Specialty,Pharmacy Tech,2,1,3,0,0,0
6309,Specialty,TBC Lead,1,0,1,0,0,0
6309,Specialty,TBC Tire Tech,5,2,7,0,0,0
6310,Fresh,Baker/Packager,4,3,7,1,0,1
6310,Fresh,Bakery Lead,1,0,1,0,0,0
6310,Fresh,Café,3,2,5,0,-1,-1
6310,Fresh,Cake Decorator,3,2,5,0,0,0
6310,Fresh,Freezer/Cooler/Deli,4,3,7,1,1,2
6310,Fresh,HMS/Rotisserie,3,3,6,0,0,0
6310,Fresh,Meat Cutter/Wrapper,2,2,4,0,0,0
6310,Fresh,Meat Lead,1,0,1,0,0,0
6310,Fresh,Prepared Food Lead,1,0,1,0,0,0
6310,Fresh,Produce,3,5,8,0,1,1
6310,Fresh,Produce Lead,1,0,1,0,0,0
6310,Fresh,Senior Meat Cutter,3,1,4,0,0,0
6310,Member Team,Member Assist,3,5,8,0,0,0
6310,Member Team,Member Frontline,5,19,24,0,2,2
6310,Member Team,Member Specialist,9,4,13,0,1,1
6310,Member Team,Member Support,0,0,0,0,0,0
6310,Member Team,Member Team Lead,5,0,5,0,0,0
6310,Merchandising Team,Backroom Associate,4,0,4,0,0,0
6310,Merchandising Team,Forklift Driver,4,0,4,0,0,0
6310,Merchandising Team,Merchandising,10,11,21,0,0,0
6310,Merchandising Team,Merchandising Lead,4,0,4,0,0,0
6310,Personal Shopper,Personal Shopper,8,4,12,-1,2,1
6310,Personal Shopper,Personal Shopper Lead,1,0,1,0,0,0
6310,Specialty,Fuel/Car Wash,2,1,3,0,0,0
6310,Specialty,Maintenance,3,2,5,0,0,0
6310,Specialty,Optical,1,1,2,0,0,0
6310,Specialty,Pharmacy Tech,2,2,4,0,0,0
6310,Specialty,TBC Lead,1,0,1,0,0,0
6310,Specialty,TBC Tire Tech,4,2,6,0,0,0
6311,Fresh,Baker/Packager,2,4,6,0,1,1
6311,Fresh,Bakery Lead,1,0,1,0,0,0
6311,Fresh,Café,2,5,7,0,1,1
6311,Fresh,Cake Decorator,2,1,3,0,0,0
6311,Fresh,Freezer/Cooler/Deli,3,2,5,0,0,0
6311,Fresh,HMS/Rotisserie,3,2,5,0,1,1
6311,Fresh,Meat Cutter/Wrapper,1,2,3,0,0,0
6311,Fresh,Meat Lead,1,0,1,0,0,0
6311,Fresh,Prepared Food Lead,1,0,1,0,0,0
6311,Fresh,Produce,4,5,9,0,2,2
6311,Fresh,Produce Lead,1,0,1,0,0,0
6311,Fresh,Senior Meat Cutter,4,1,5,0,0,0
6311,Member Team,Member Assist,3,4,7,0,0,0
6311,Member Team,Member Frontline,6,17,23,0,0,0
6311,Member Team,Member Specialist,7,3,10,0,0,0
6311,Member Team,Member Support,0,0,0,0,0,0
6311,Member Team,Member Team Lead,5,0,5,0,0,0
6311,Merchandising Team,Backroom Associate,4,0,4,0,0,0
6311,Merchandising Team,Forklift Driver,4,0,4,0,0,0
6311,Merchandising Team,Merchandising,9,9,18,0,0,0
6311,Merchandising Team,Merchandising Lead,4,0,4,0,0,0
6311,Personal Shopper,Personal Shopper,6,3,9,-1,2,1
6311,Personal Shopper,Personal Shopper Lead,1,0,1,0,0,0
6311,Specialty,Fuel/Car Wash,2,1,3,0,0,0
6311,Specialty,Liquor,3,3,6,0,3,3
6311,Specialty,Maintenance,3,1,4,0,0,0
6311,Specialty,Optical,1,1,2,0,0,0
6311,Specialty,Pharmacy Tech,1,2,3,0,0,0
6311,Specialty,TBC Lead,1,0,1,0,0,0
6311,Specialty,TBC Tire Tech,4,3,7,0,0,0
6312,Fresh,Baker/Packager,3,3,6,0,1,1
6312,Fresh,Bakery Lead,1,0,1,0,0,0
6312,Fresh,Café,3,2,5,0,-1,-1
6312,Fresh,Cake Decorator,3,1,4,0,0,0
6312,Fresh,Freezer/Cooler/Deli,3,3,6,0,0,0
6312,Fresh,HMS/Rotisserie,3,3,6,0,0,0
6312,Fresh,Meat Cutter/Wrapper,4,1,5,0,0,0
6312,Fresh,Meat Lead,1,0,1,0,0,0
6312,Fresh,Prepared Food Lead,1,0,1,0,0,0
6312,Fresh,Produce,3,6,9,0,1,1
6312,Fresh,Produce Lead,1,0,1,0,0,0
6312,Fresh,Senior Meat Cutter,3,1,4,0,0,0
6312,Member Team,Member Assist,3,5,8,0,0,0
6312,Member Team,Member Frontline,6,18,24,0,0,0
6312,Member Team,Member Specialist,8,4,12,0,0,0
6312,Member Team,Member Support,0,0,0,0,0,0
6312,Member Team,Member Team Lead,5,0,5,0,0,0
6312,Merchandising Team,Backroom Associate,4,0,4,0,0,0
6312,Merchandising Team,Forklift Driver,5,0,5,0,0,0
6312,Merchandising Team,Merchandising,11,10,21,0,0,0
6312,Merchandising Team,Merchandising Lead,4,0,4,0,0,0
6312,Personal Shopper,Personal Shopper,7,4,11,0,2,2
6312,Personal Shopper,Personal Shopper Lead,1,0,1,0,0,0
6312,Specialty,Fuel/Car Wash,2,2,4,0,0,0
6312,Specialty,Liquor,3,0,3,0,0,0
6312,Specialty,Maintenance,3,3,6,0,0,0
6312,Specialty,Optical,2,2,4,0,0,0
6312,Specialty,Pharmacy Tech,2,1,3,0,0,0
6312,Specialty,TBC Lead,1,0,1,0,0,0
6312,Specialty,TBC Tire Tech,4,3,7,0,0,0
6321,Fresh,Baker/Packager,2,3,5,0,2,2
6321,Fresh,Bakery Lead,1,0,1,0,0,0
6321,Fresh,Café,2,5,7,0,2,2
6321,Fresh,Cake Decorator,2,1,3,0,0,0
6321,Fresh,Freezer/Cooler/Deli,3,1,4,0,0,0
6321,Fresh,HMS/Rotisserie,2,3,5,0,0,0
6321,Fresh,Meat Cutter/Wrapper,1,1,2,0,0,0
6321,Fresh,Meat Lead,1,0,1,0,0,0
6321,Fresh,Prepared Food Lead,1,0,1,0,0,0
6321,Fresh,Produce,2,3,5,0,1,1
6321,Fresh,Produce Lead,1,0,1,0,0,0
6321,Fresh,Senior Meat Cutter,3,1,4,0,0,0
6321,Member Team,Member Assist,2,5,7,0,0,0
6321,Member Team,Member Frontline,6,16,22,0,0,0
6321,Member Team,Member Specialist,5,3,8,0,0,0
6321,Member Team,Member Support,0,0,0,0,0,0
6321,Member Team,Member Team Lead,4,0,4,0,0,0
6321,Merchandising Team,Backroom Associate,4,0,4,0,0,0
6321,Merchandising Team,Forklift Driver,4,0,4,0,0,0
6321,Merchandising Team,Merchandising,10,8,18,0,0,0
6321,Merchandising Team,Merchandising Lead,4,0,4,0,0,0
6321,Personal Shopper,Personal Shopper,6,3,9,-1,2,1
6321,Personal Shopper,Personal Shopper Lead,1,0,1,0,0,0
6321,Specialty,Maintenance,2,3,5,0,0,0
6321,Specialty,Optical,1,1,2,0,0,0
6321,Specialty,Pharmacy Tech,1,2,3,0,0,0
6321,Specialty,TBC Lead,1,0,1,0,0,0
6321,Specialty,TBC Tire Tech,4,2,6,0,0,0
6324,Fresh,Baker/Packager,3,2,5,0,1,1
6324,Fresh,Bakery Lead,1,0,1,0,0,0
6324,Fresh,Café,3,4,7,0,0,0
6324,Fresh,Cake Decorator,3,2,5,0,0,0
6324,Fresh,Freezer/Cooler/Deli,3,2,5,0,1,1
6324,Fresh,HMS/Rotisserie,2,3,5,0,0,0
6324,Fresh,Meat Cutter/Wrapper,1,1,2,0,0,0
6324,Fresh,Meat Lead,1,0,1,0,0,0
6324,Fresh,Prepared Food Lead,1,0,1,0,0,0
6324,Fresh,Produce,2,3,5,0,1,1
6324,Fresh,Produce Lead,1,0,1,0,0,0
6324,Fresh,Senior Meat Cutter,3,1,4,0,0,0
6324,Member Team,Member Assist,3,4,7,0,1,1
6324,Member Team,Member Frontline,6,15,21,0,0,0
6324,Member Team,Member Specialist,6,4,10,0,1,1
6324,Member Team,Member Support,0,0,0,0,0,0
6324,Member Team,Member Team Lead,4,0,4,0,0,0
6324,Merchandising Team,Backroom Associate,4,0,4,0,0,0
6324,Merchandising Team,Forklift Driver,4,0,4,1,0,1
6324,Merchandising Team,Merchandising,8,8,16,0,1,1
6324,Merchandising Team,Merchandising Lead,4,0,4,0,0,0
6324,Personal Shopper,Personal Shopper,6,3,9,-2,1,-1
6324,Personal Shopper,Personal Shopper Lead,1,0,1,0,0,0
6324,Specialty,Fuel/Car Wash,2,1,3,0,0,0
6324,Specialty,Liquor,2,0,2,0,0,0
6324,Specialty,Maintenance,2,2,4,0,0,0
6324,Specialty,Optical,1,1,2,0,0,0
6324,Specialty,Pharmacy Tech,1,2,3,0,0,0
6324,Specialty,TBC Lead,1,0,1,0,0,0
6324,Specialty,TBC Tire Tech,3,3,6,0,0,0
6436,Fresh,Baker/Packager,2,2,4,0,1,1
6436,Fresh,Bakery Lead,1,0,1,0,0,0
6436,Fresh,Café,2,4,6,0,1,1
6436,Fresh,Cake Decorator,2,1,3,0,0,0
6436,Fresh,Freezer/Cooler/Deli,3,1,4,0,0,0
6436,Fresh,HMS/Rotisserie,2,2,4,0,0,0
6436,Fresh,Meat Cutter/Wrapper,1,1,2,0,0,0
6436,Fresh,Meat Lead,1,0,1,0,0,0
6436,Fresh,Prepared Food Lead,1,0,1,0,0,0
6436,Fresh,Produce,2,3,5,0,1,1
6436,Fresh,Produce Lead,1,0,1,0,0,0
6436,Fresh,Senior Meat Cutter,3,1,4,0,0,0
6436,Member Team,Member Assist,2,4,6,0,0,0
6436,Member Team,Member Frontline,5,16,21,0,0,0
6436,Member Team,Member Specialist,6,2,8,0,0,0
6436,Member Team,Member Support,0,0,0,0,0,0
6436,Member Team,Member Team Lead,4,0,4,0,0,0
6436,Merchandising Team,Backroom Associate,4,0,4,0,0,0
6436,Merchandising Team,Forklift Driver,4,0,4,0,0,0
6436,Merchandising Team,Merchandising,9,8,17,0,1,1
6436,Merchandising Team,Merchandising Lead,4,0,4,0,0,0
6436,Personal Shopper,Personal Shopper,4,2,6,-1,2,1
6436,Personal Shopper,Personal Shopper Lead,1,0,1,0,0,0
6436,Specialty,Maintenance,2,2,4,0,0,0
6436,Specialty,Optical,1,1,2,0,0,0
6436,Specialty,TBC Lead,1,0,1,0,0,0
6436,Specialty,TBC Tire Tech,4,3,7,0,0,0
6535,Fresh,Baker/Packager,2,3,5,0,0,0
6535,Fresh,Bakery Lead,1,0,1,0,0,0
6535,Fresh,Café,3,2,5,0,-1,-1
6535,Fresh,Cake Decorator,2,1,3,0,0,0
6535,Fresh,Freezer/Cooler/Deli,3,1,4,0,0,0
6535,Fresh,HMS/Rotisserie,2,3,5,0,0,0
6535,Fresh,Meat Cutter/Wrapper,1,2,3,0,0,0
6535,Fresh,Meat Lead,1,0,1,0,0,0
6535,Fresh,Prepared Food Lead,1,0,1,0,0,0
6535,Fresh,Produce,3,3,6,0,1,1
6535,Fresh,Produce Lead,1,0,1,0,0,0
6535,Fresh,Senior Meat Cutter,4,1,5,0,0,0
6535,Member Team,Member Assist,3,5,8,0,0,0
6535,Member Team,Member Frontline,7,17,24,0,0,0
6535,Member Team,Member Specialist,7,3,10,0,0,0
6535,Member Team,Member Support,0,0,0,0,0,0
6535,Member Team,Member Team Lead,5,0,5,0,0,0
6535,Merchandising Team,Backroom Associate,4,0,4,0,0,0
6535,Merchandising Team,Forklift Driver,5,0,5,0,0,0
6535,Merchandising Team,Merchandising,11,10,21,0,0,0
6535,Merchandising Team,Merchandising Lead,4,0,4,0,0,0
6535,Personal Shopper,Personal Shopper,5,2,7,-1,2,1
6535,Personal Shopper,Personal Shopper Lead,1,0,1,0,0,0
6535,Specialty,Fuel/Car Wash,2,2,4,0,0,0
6535,Specialty,Maintenance,3,1,4,0,0,0
6535,Specialty,Optical,2,1,3,0,0,0
6535,Specialty,Pharmacy Tech,3,2,5,0,0,0
6535,Specialty,TBC Lead,1,0,1,0,0,0
6535,Specialty,TBC Tire Tech,3,3,6,0,0,0
8149,Fresh,Baker/Packager,2,3,5,0,0,0
8149,Fresh,Bakery Lead,1,0,1,0,0,0
8149,Fresh,Café,2,3,5,0,0,0
8149,Fresh,Cake Decorator,2,1,3,0,0,0
8149,Fresh,Freezer/Cooler/Deli,3,1,4,0,0,0
8149,Fresh,HMS/Rotisserie,2,3,5,0,0,0
8149,Fresh,Meat Cutter/Wrapper,2,2,4,0,0,0
8149,Fresh,Meat Lead,1,0,1,0,0,0
8149,Fresh,Prepared Food Lead,1,0,1,0,0,0
8149,Fresh,Produce,2,3,5,0,1,1
8149,Fresh,Produce Lead,1,0,1,0,0,0
8149,Fresh,Senior Meat Cutter,3,1,4,0,0,0
8149,Member Team,Member Assist,3,4,7,0,0,0
8149,Member Team,Member Frontline,5,17,22,0,0,0
8149,Member Team,Member Specialist,5,3,8,0,0,0
8149,Member Team,Member Support,0,0,0,0,0,0
8149,Member Team,Member Team Lead,4,0,4,0,0,0
8149,Merchandising Team,Backroom Associate,4,0,4,0,0,0
8149,Merchandising Team,Forklift Driver,4,0,4,0,0,0
8149,Merchandising Team,Merchandising,10,9,19,0,0,0
8149,Merchandising Team,Merchandising Lead,4,0,4,0,0,0
8149,Personal Shopper,Personal Shopper,12,6,18,5,5,10
8149,Personal Shopper,Personal Shopper Lead,1,0,1,0,0,0
8149,Specialty,Maintenance,2,2,4,0,0,0
8149,Specialty,Optical,2,1,3,0,0,0
8149,Specialty,Pharmacy Tech,2,1,3,0,0,0
8149,Specialty,TBC Lead,1,0,1,0,0,0
8149,Specialty,TBC Tire Tech,4,2,6,0,0,0
8164,Fresh,Baker/Packager,2,3,5,0,0,0
8164,Fresh,Bakery Lead,1,0,1,0,0,0
8164,Fresh,Café,2,4,6,0,0,0
8164,Fresh,Cake Decorator,2,1,3,0,0,0
8164,Fresh,Freezer/Cooler/Deli,3,1,4,0,0,0
8164,Fresh,HMS/Rotisserie,3,2,5,0,1,1
8164,Fresh,Meat Cutter/Wrapper,1,1,2,0,0,0
8164,Fresh,Meat Lead,1,0,1,0,0,0
8164,Fresh,Prepared Food Lead,1,0,1,0,0,0
8164,Fresh,Produce,2,3,5,0,0,0
8164,Fresh,Produce Lead,1,0,1,0,0,0
8164,Fresh,Senior Meat Cutter,3,1,4,0,0,0
8164,Member Team,Member Assist,4,3,7,0,0,0
8164,Member Team,Member Frontline,6,16,22,0,0,0
8164,Member Team,Member Specialist,6,2,8,0,0,0
8164,Member Team,Member Support,0,0,0,0,0,0
8164,Member Team,Member Team Lead,5,0,5,0,0,0
8164,Merchandising Team,Backroom Associate,4,0,4,0,0,0
8164,Merchandising Team,Forklift Driver,4,0,4,0,0,0
8164,Merchandising Team,Merchandising,9,9,18,0,0,0
8164,Merchandising Team,Merchandising Lead,4,0,4,0,0,0
8164,Personal Shopper,Personal Shopper,8,4,12,-1,2,1
8164,Personal Shopper,Personal Shopper Lead,1,0,1,0,0,0
8164,Specialty,Maintenance,3,1,4,0,0,0
8164,Specialty,Optical,2,2,4,0,0,0
8164,Specialty,Pharmacy Tech,3,2,5,0,0,0
8164,Specialty,TBC Lead,1,0,1,0,0,0
8164,Specialty,TBC Tire Tech,4,2,6,0,0,0
8167,Fresh,Baker/Packager,3,2,5,0,1,1
8167,Fresh,Bakery Lead,1,0,1,0,0,0
8167,Fresh,Café,4,4,8,0,-1,-1
8167,Fresh,Cake Decorator,3,2,5,0,0,0
8167,Fresh,Freezer/Cooler/Deli,4,2,6,1,1,2
8167,Fresh,HMS/Rotisserie,3,2,5,0,1,1
8167,Fresh,Meat Cutter/Wrapper,1,1,2,0,0,0
8167,Fresh,Meat Lead,1,0,1,0,0,0
8167,Fresh,Prepared Food Lead,1,0,1,0,0,0
8167,Fresh,Produce,2,3,5,0,1,1
8167,Fresh,Produce Lead,1,0,1,0,0,0
8167,Fresh,Senior Meat Cutter,3,1,4,0,0,0
8167,Member Team,Member Assist,3,5,8,0,0,0
8167,Member Team,Member Frontline,6,19,25,0,1,1
8167,Member Team,Member Specialist,6,4,10,0,0,0
8167,Member Team,Member Support,0,0,0,0,0,0
8167,Member Team,Member Team Lead,5,0,5,0,0,0
8167,Merchandising Team,Backroom Associate,4,0,4,0,0,0
8167,Merchandising Team,Forklift Driver,5,0,5,1,0,1
8167,Merchandising Team,Merchandising,11,10,21,1,0,1
8167,Merchandising Team,Merchandising Lead,4,0,4,0,0,0
8167,Personal Shopper,Personal Shopper,5,2,7,-1,2,1
8167,Personal Shopper,Personal Shopper Lead,1,0,1,0,0,0
8167,Specialty,Maintenance,3,2,5,0,0,0
8167,Specialty,Optical,1,1,2,0,0,0
8167,Specialty,Pharmacy Tech,1,2,3,0,0,0
8167,Specialty,TBC Lead,1,0,1,0,0,0
8167,Specialty,TBC Tire Tech,4,2,6,0,0,0
8183,Fresh,Baker/Packager,4,2,6,1,0,1
8183,Fresh,Bakery Lead,1,0,1,0,0,0
8183,Fresh,Café,3,2,5,0,-1,-1
8183,Fresh,Cake Decorator,2,2,4,0,0,0
8183,Fresh,Freezer/Cooler/Deli,5,3,8,2,0,2
8183,Fresh,HMS/Rotisserie,3,3,6,0,0,0
8183,Fresh,Meat Cutter/Wrapper,4,1,5,0,0,0
8183,Fresh,Meat Lead,1,0,1,0,0,0
8183,Fresh,Prepared Food Lead,1,0,1,0,0,0
8183,Fresh,Produce,5,5,10,1,1,2
8183,Fresh,Produce Lead,1,0,1,0,0,0
8183,Fresh,Senior Meat Cutter,4,1,5,0,0,0
8183,Member Team,Member Assist,5,6,11,0,0,0
8183,Member Team,Member Frontline,7,20,27,0,0,0
8183,Member Team,Member Specialist,7,4,11,0,0,0
8183,Member Team,Member Support,0,0,0,0,0,0
8183,Member Team,Member Team Lead,6,0,6,0,0,0
8183,Merchandising Team,Backroom Associate,5,0,5,0,0,0
8183,Merchandising Team,Forklift Driver,6,0,6,1,0,1
8183,Merchandising Team,Merchandising,12,13,25,-1,0,-1
8183,Merchandising Team,Merchandising Lead,4,0,4,0,0,0
8183,Personal Shopper,Personal Shopper,10,1,11,0,0,0
8183,Personal Shopper,Personal Shopper Lead,1,0,1,0,0,0
8183,Specialty,Fuel/Car Wash,2,1,3,0,0,0
8183,Specialty,Liquor,4,2,6,0,2,2
8183,Specialty,Maintenance,3,3,6,0,0,0
8183,Specialty,Optical,2,0,2,0,0,0
8183,Specialty,Pharmacy Tech,2,1,3,0,0,0
8183,Specialty,TBC Lead,1,0,1,0,0,0
8183,Specialty,TBC Tire Tech,4,2,6,0,0,0
8185,Fresh,Baker/Packager,2,3,5,0,0,0
8185,Fresh,Bakery Lead,1,0,1,0,0,0
8185,Fresh,Café,2,5,7,0,1,1
8185,Fresh,Cake Decorator,2,1,3,0,0,0
8185,Fresh,Freezer/Cooler/Deli,3,1,4,0,0,0
8185,Fresh,HMS/Rotisserie,2,3,5,0,0,0
8185,Fresh,Meat Cutter/Wrapper,1,1,2,0,0,0
8185,Fresh,Meat Lead,1,0,1,0,0,0
8185,Fresh,Prepared Food Lead,1,0,1,0,0,0
8185,Fresh,Produce,2,4,6,0,1,1
8185,Fresh,Produce Lead,1,0,1,0,0,0
8185,Fresh,Senior Meat Cutter,3,1,4,0,0,0
8185,Member Team,Member Assist,3,3,6,0,0,0
8185,Member Team,Member Frontline,5,16,21,0,0,0
8185,Member Team,Member Specialist,6,3,9,0,0,0
8185,Member Team,Member Support,0,0,0,0,0,0
8185,Member Team,Member Team Lead,4,0,4,0,0,0
8185,Merchandising Team,Backroom Associate,4,0,4,0,0,0
8185,Merchandising Team,Forklift Driver,4,0,4,0,0,0
8185,Merchandising Team,Merchandising,9,9,18,0,2,2
8185,Merchandising Team,Merchandising Lead,4,0,4,0,0,0
8185,Personal Shopper,Personal Shopper,6,2,8,0,0,0
8185,Personal Shopper,Personal Shopper Lead,1,0,1,0,0,0
8185,Specialty,Maintenance,2,3,5,0,0,0
8185,Specialty,Pharmacy Tech,2,1,3,0,0,0
8185,Specialty,TBC Lead,1,0,1,0,0,0
8185,Specialty,TBC Tire Tech,4,3,7,0,0,0
4840,Fresh,Baker/Packager,2,2,4,0,1,1
4840,Fresh,Bakery Lead,1,0,1,0,0,0
4840,Fresh,Café,2,4,6,0,1,1
4840,Fresh,Cake Decorator,2,1,3,0,0,0
4840,Fresh,Freezer/Cooler/Deli,3,1,4,0,0,0
4840,Fresh,HMS/Rotisserie,2,2,4,0,0,0
4840,Fresh,Meat Cutter/Wrapper,1,1,2,0,0,0
4840,Fresh,Meat Lead,1,0,1,0,0,0
4840,Fresh,Prepared Food Lead,1,0,1,0,0,0
4840,Fresh,Produce,2,2,4,0,0,0
4840,Fresh,Produce Lead,1,0,1,0,0,0
4840,Fresh,Senior Meat Cutter,3,1,4,0,0,0
4840,Member Team,Member Assist,2,4,6,0,1,1
4840,Member Team,Member Frontline,5,14,19,0,0,0
4840,Member Team,Member Specialist,5,2,7,0,1,1
4840,Member Team,Member Support,0,0,0,0,0,0
4840,Member Team,Member Team Lead,4,0,4,0,0,0
4840,Merchandising Team,Backroom Associate,4,0,4,0,0,0
4840,Merchandising Team,Forklift Driver,3,0,3,0,0,0
4840,Merchandising Team,Merchandising,7,7,14,0,0,0
4840,Merchandising Team,Merchandising Lead,4,0,4,0,0,0
4840,Personal Shopper,Personal Shopper,4,1,5,0,0,0
4840,Personal Shopper,Personal Shopper Lead,1,0,1,0,0,0
4840,Specialty,Maintenance,2,2,4,0,0,0
4840,Specialty,Optical,1,1,2,0,0,0
4840,Specialty,Pharmacy Tech,1,2,3,0,0,0
4840,Specialty,TBC Lead,1,0,1,0,0,0
4840,Specialty,TBC Tire Tech,3,3,6,0,0,0
4942,Fresh,Baker/Packager,3,2,5,0,1,1
4942,Fresh,Bakery Lead,1,0,1,0,0,0
4942,Fresh,Café,4,5,9,1,-1,0
4942,Fresh,Cake Decorator,3,1,4,0,0,0
4942,Fresh,Freezer/Cooler/Deli,3,2,5,0,0,0
4942,Fresh,HMS/Rotisserie,3,3,6,0,0,0
4942,Fresh,Meat Cutter/Wrapper,1,2,3,0,0,0
4942,Fresh,Meat Lead,1,0,1,0,0,0
4942,Fresh,Prepared Food Lead,1,0,1,0,0,0
4942,Fresh,Produce,3,3,6,1,0,1
4942,Fresh,Produce Lead,1,0,1,0,0,0
4942,Fresh,Senior Meat Cutter,3,1,4,0,0,0
4942,Member Team,Member Assist,3,5,8,0,1,1
4942,Member Team,Member Frontline,7,16,23,0,0,0
4942,Member Team,Member Specialist,6,4,10,0,1,1
4942,Member Team,Member Support,0,0,0,0,0,0
4942,Member Team,Member Team Lead,5,0,5,0,0,0
4942,Merchandising Team,Backroom Associate,4,0,4,0,0,0
4942,Merchandising Team,Forklift Driver,4,0,4,0,0,0
4942,Merchandising Team,Merchandising,10,9,19,1,0,1
4942,Merchandising Team,Merchandising Lead,4,0,4,0,0,0
4942,Personal Shopper,Personal Shopper,7,4,11,-1,2,1
4942,Personal Shopper,Personal Shopper Lead,1,0,1,0,0,0
4942,Specialty,Asset Protection,1,0,1,0,0,0
4942,Specialty,Fuel/Car Wash,2,1,3,0,0,0
4942,Specialty,Maintenance,3,1,4,0,0,0
4942,Specialty,Optical,1,1,2,0,0,0
4942,Specialty,Pharmacy Tech,2,0,2,0,0,0
4942,Specialty,TBC Lead,1,0,1,0,0,0
4942,Specialty,TBC Tire Tech,3,3,6,0,0,0
6228,Fresh,Baker/Packager,2,3,5,0,2,2
6228,Fresh,Bakery Lead,1,0,1,0,0,0
6228,Fresh,Café,2,5,7,0,1,1
6228,Fresh,Cake Decorator,2,1,3,0,0,0
6228,Fresh,Freezer/Cooler/Deli,3,1,4,0,0,0
6228,Fresh,HMS/Rotisserie,3,2,5,0,0,0
6228,Fresh,Meat Cutter/Wrapper,1,1,2,0,0,0
6228,Fresh,Meat Lead,1,0,1,0,0,0
6228,Fresh,Prepared Food Lead,1,0,1,0,0,0
6228,Fresh,Produce,2,4,6,0,1,1
6228,Fresh,Produce Lead,1,0,1,0,0,0
6228,Fresh,Senior Meat Cutter,3,1,4,0,0,0
6228,Member Team,Member Assist,2,4,6,0,0,0
6228,Member Team,Member Frontline,5,15,20,0,0,0
6228,Member Team,Member Specialist,6,2,8,0,0,0
6228,Member Team,Member Support,0,0,0,0,0,0
6228,Member Team,Member Team Lead,4,0,4,0,0,0
6228,Merchandising Team,Backroom Associate,4,0,4,0,0,0
6228,Merchandising Team,Forklift Driver,3,0,3,0,0,0
6228,Merchandising Team,Merchandising,7,8,15,0,2,2
6228,Merchandising Team,Merchandising Lead,4,0,4,0,0,0
6228,Personal Shopper,Personal Shopper,4,2,6,-1,2,1
6228,Personal Shopper,Personal Shopper Lead,1,0,1,0,0,0
6228,Specialty,Fuel/Car Wash,2,1,3,0,0,0
6228,Specialty,Maintenance,2,2,4,0,0,0
6228,Specialty,Optical,2,1,3,0,0,0
6228,Specialty,Pharmacy Tech,1,2,3,0,0,0
6228,Specialty,TBC Lead,1,0,1,0,0,0
6228,Specialty,TBC Tire Tech,3,3,6,0,0,0
6328,Fresh,Baker/Packager,3,2,5,0,0,0
6328,Fresh,Bakery Lead,1,0,1,0,0,0
6328,Fresh,Café,4,3,7,0,-1,-1
6328,Fresh,Cake Decorator,3,2,5,0,0,0
6328,Fresh,Freezer/Cooler/Deli,5,5,10,2,0,2
6328,Fresh,HMS/Rotisserie,4,3,7,0,0,0
6328,Fresh,Meat Cutter/Wrapper,1,1,2,0,0,0
6328,Fresh,Meat Lead,1,0,1,0,0,0
6328,Fresh,Prepared Food Lead,1,0,1,0,0,0
6328,Fresh,Produce,3,4,7,0,0,0
6328,Fresh,Produce Lead,1,0,1,0,0,0
6328,Fresh,Senior Meat Cutter,3,1,4,0,0,0
6328,Member Team,Member Assist,3,8,11,0,1,1
6328,Member Team,Member Frontline,11,28,39,0,0,0
6328,Member Team,Member Specialist,6,8,14,1,1,2
6328,Member Team,Member Support,0,0,0,0,0,0
6328,Member Team,Member Team Lead,8,0,8,0,0,0
6328,Merchandising Team,Backroom Associate,6,0,6,0,0,0
6328,Merchandising Team,Forklift Driver,7,0,7,0,0,0
6328,Merchandising Team,Merchandising,18,15,33,0,0,0
6328,Merchandising Team,Merchandising Lead,4,0,4,0,0,0
6328,Personal Shopper,Personal Shopper,6,4,10,-1,2,1
6328,Personal Shopper,Personal Shopper Lead,1,0,1,0,0,0
6328,Specialty,Fuel/Car Wash,2,1,3,0,0,0
6328,Specialty,Maintenance,5,5,10,0,0,0
6328,Specialty,Optical,1,1,2,0,0,0
6328,Specialty,Pharmacy Tech,1,1,2,0,0,0
6328,Specialty,TBC Lead,1,0,1,0,0,0
6328,Specialty,TBC Tire Tech,4,2,6,0,0,0
6331,Fresh,Baker/Packager,2,3,5,0,2,2
6331,Fresh,Bakery Lead,1,0,1,0,0,0
6331,Fresh,Café,2,4,6,0,-1,-1
6331,Fresh,Cake Decorator,2,1,3,0,0,0
6331,Fresh,Freezer/Cooler/Deli,3,1,4,0,0,0
6331,Fresh,HMS/Rotisserie,2,3,5,0,0,0
6331,Fresh,Meat Cutter/Wrapper,1,1,2,0,0,0
6331,Fresh,Meat Lead,1,0,1,0,0,0
6331,Fresh,Prepared Food Lead,1,0,1,0,0,0
6331,Fresh,Produce,2,3,5,0,1,1
6331,Fresh,Produce Lead,1,0,1,0,0,0
6331,Fresh,Senior Meat Cutter,3,1,4,0,0,0
6331,Member Team,Member Assist,2,4,6,0,0,0
6331,Member Team,Member Frontline,5,16,21,0,0,0
6331,Member Team,Member Specialist,5,3,8,0,1,1
6331,Member Team,Member Support,0,0,0,0,0,0
6331,Member Team,Member Team Lead,4,0,4,0,0,0
6331,Merchandising Team,Backroom Associate,4,0,4,0,0,0
6331,Merchandising Team,Forklift Driver,4,0,4,0,0,0
6331,Merchandising Team,Merchandising,9,9,18,0,0,0
6331,Merchandising Team,Merchandising Lead,4,0,4,0,0,0
6331,Personal Shopper,Personal Shopper,4,3,7,-1,2,1
6331,Personal Shopper,Personal Shopper Lead,1,0,1,0,0,0
6331,Specialty,Fuel/Car Wash,2,2,4,0,0,0
6331,Specialty,Maintenance,2,2,4,0,0,0
6331,Specialty,Optical,1,1,2,0,0,0
6331,Specialty,Pharmacy Tech,1,1,2,0,0,0
6331,Specialty,TBC Lead,1,0,1,0,0,0
6331,Specialty,TBC Tire Tech,4,2,6,0,0,0
6339,Fresh,Baker/Packager,2,3,5,0,0,0
6339,Fresh,Bakery Lead,1,0,1,0,0,0
6339,Fresh,Café,3,4,7,0,1,1
6339,Fresh,Cake Decorator,2,1,3,0,0,0
6339,Fresh,Freezer/Cooler/Deli,3,1,4,0,0,0
6339,Fresh,HMS/Rotisserie,3,2,5,0,0,0
6339,Fresh,Meat Cutter/Wrapper,1,2,3,0,0,0
6339,Fresh,Meat Lead,1,0,1,0,0,0
6339,Fresh,Prepared Food Lead,1,0,1,0,0,0
6339,Fresh,Produce,2,4,6,0,1,1
6339,Fresh,Produce Lead,1,0,1,0,0,0
6339,Fresh,Senior Meat Cutter,4,1,5,0,0,0
6339,Member Team,Member Assist,3,4,7,0,0,0
6339,Member Team,Member Frontline,6,17,23,0,0,0
6339,Member Team,Member Specialist,5,3,8,0,0,0
6339,Member Team,Member Support,0,0,0,0,0,0
6339,Member Team,Member Team Lead,5,0,5,0,0,0
6339,Merchandising Team,Backroom Associate,4,0,4,0,0,0
6339,Merchandising Team,Forklift Driver,4,0,4,0,0,0
6339,Merchandising Team,Merchandising,8,9,17,0,0,0
6339,Merchandising Team,Merchandising Lead,4,0,4,0,0,0
6339,Personal Shopper,Personal Shopper,4,3,7,-1,3,2
6339,Personal Shopper,Personal Shopper Lead,1,0,1,0,0,0
6339,Specialty,Fuel/Car Wash,2,1,3,0,0,0
6339,Specialty,Maintenance,2,3,5,0,0,0
6339,Specialty,Optical,2,1,3,0,0,0
6339,Specialty,Pharmacy Tech,2,0,2,0,0,0
6339,Specialty,TBC Lead,1,0,1,0,0,0
6339,Specialty,TBC Tire Tech,3,3,6,0,0,0
6349,Fresh,Baker/Packager,3,1,4,0,0,0
6349,Fresh,Bakery Lead,1,0,1,0,0,0
6349,Fresh,Café,3,5,8,0,0,0
6349,Fresh,Cake Decorator,3,1,4,0,0,0
6349,Fresh,Freezer/Cooler/Deli,4,3,7,1,1,2
6349,Fresh,HMS/Rotisserie,3,4,7,0,0,0
6349,Fresh,Meat Cutter/Wrapper,1,2,3,0,0,0
6349,Fresh,Meat Lead,1,0,1,0,0,0
6349,Fresh,Prepared Food Lead,1,0,1,0,0,0
6349,Fresh,Produce,2,4,6,0,1,1
6349,Fresh,Produce Lead,1,0,1,0,0,0
6349,Fresh,Senior Meat Cutter,3,1,4,0,0,0
6349,Member Team,Member Assist,3,6,9,0,0,0
6349,Member Team,Member Frontline,7,20,27,0,3,3
6349,Member Team,Member Specialist,8,3,11,0,0,0
6349,Member Team,Member Support,0,0,0,0,0,0
6349,Member Team,Member Team Lead,5,0,5,0,0,0
6349,Merchandising Team,Backroom Associate,5,0,5,1,0,1
6349,Merchandising Team,Forklift Driver,5,0,5,0,0,0
6349,Merchandising Team,Merchandising,12,11,23,1,0,1
6349,Merchandising Team,Merchandising Lead,4,0,4,0,0,0
6349,Personal Shopper,Personal Shopper,5,2,7,-1,2,1
6349,Personal Shopper,Personal Shopper Lead,1,0,1,0,0,0
6349,Specialty,Asset Protection,1,0,1,0,0,0
6349,Specialty,Maintenance,3,2,5,0,0,0
6349,Specialty,Optical,1,1,2,0,0,0
6349,Specialty,Pharmacy Tech,1,2,3,0,0,0
6349,Specialty,TBC Lead,1,0,1,0,0,0
6349,Specialty,TBC Tire Tech,4,2,6,0,0,0
6358,Fresh,Baker/Packager,3,3,6,0,1,1
6358,Fresh,Bakery Lead,1,0,1,0,0,0
6358,Fresh,Café,3,5,8,0,0,0
6358,Fresh,Cake Decorator,3,1,4,0,0,0
6358,Fresh,Freezer/Cooler/Deli,3,2,5,0,0,0
6358,Fresh,HMS/Rotisserie,3,3,6,0,0,0
6358,Fresh,Meat Cutter/Wrapper,1,2,3,0,0,0
6358,Fresh,Meat Lead,1,0,1,0,0,0
6358,Fresh,Prepared Food Lead,1,0,1,0,0,0
6358,Fresh,Produce,2,4,6,0,1,1
6358,Fresh,Produce Lead,1,0,1,0,0,0
6358,Fresh,Senior Meat Cutter,4,1,5,0,0,0
6358,Member Team,Member Assist,3,6,9,0,1,1
6358,Member Team,Member Frontline,8,18,26,0,0,0
6358,Member Team,Member Specialist,5,4,9,0,1,1
6358,Member Team,Member Support,0,0,0,0,0,0
6358,Member Team,Member Team Lead,5,0,5,0,0,0
6358,Merchandising Team,Backroom Associate,5,0,5,1,0,1
6358,Merchandising Team,Forklift Driver,5,0,5,1,0,1
6358,Merchandising Team,Merchandising,10,10,20,-1,2,1
6358,Merchandising Team,Merchandising Lead,4,0,4,0,0,0
6358,Personal Shopper,Personal Shopper,5,2,7,-1,2,1
6358,Personal Shopper,Personal Shopper Lead,1,0,1,0,0,0
6358,Specialty,Asset Protection,1,0,1,0,0,0
6358,Specialty,Fuel/Car Wash,2,1,3,0,0,0
6358,Specialty,Maintenance,3,1,4,0,0,0
6358,Specialty,Optical,1,1,2,0,0,0
6358,Specialty,Pharmacy Tech,1,2,3,0,0,0
6358,Specialty,TBC Lead,1,0,1,0,0,0
6358,Specialty,TBC Tire Tech,4,4,8,0,0,0
6384,Fresh,Baker/Packager,4,3,7,1,1,2
6384,Fresh,Bakery Lead,1,0,1,0,0,0
6384,Fresh,Café,4,3,7,0,-1,-1
6384,Fresh,Cake Decorator,3,1,4,0,0,0
6384,Fresh,Freezer/Cooler/Deli,4,3,7,1,0,1
6384,Fresh,HMS/Rotisserie,3,4,7,0,0,0
6384,Fresh,Meat Cutter/Wrapper,1,2,3,0,0,0
6384,Fresh,Meat Lead,1,0,1,0,0,0
6384,Fresh,Prepared Food Lead,1,0,1,0,0,0
6384,Fresh,Produce,3,4,7,0,1,1
6384,Fresh,Produce Lead,1,0,1,0,0,0
6384,Fresh,Senior Meat Cutter,4,1,5,0,0,0
6384,Member Team,Member Assist,4,5,9,0,0,0
6384,Member Team,Member Frontline,8,20,28,0,0,0
6384,Member Team,Member Specialist,7,5,12,0,1,1
6384,Member Team,Member Support,0,0,0,0,0,0
6384,Member Team,Member Team Lead,5,0,5,0,0,0
6384,Merchandising Team,Backroom Associate,5,0,5,0,0,0
6384,Merchandising Team,Forklift Driver,6,0,6,1,0,1
6384,Merchandising Team,Merchandising,12,12,24,0,1,1
6384,Merchandising Team,Merchandising Lead,4,0,4,0,0,0
6384,Personal Shopper,Personal Shopper,5,4,9,-1,4,3
6384,Personal Shopper,Personal Shopper Lead,1,0,1,0,0,0
6384,Specialty,Fuel/Car Wash,2,1,3,0,0,0
6384,Specialty,Maintenance,3,3,6,0,0,0
6384,Specialty,Optical,2,0,2,0,0,0
6384,Specialty,Pharmacy Tech,2,1,3,0,0,0
6384,Specialty,TBC Lead,1,0,1,0,0,0
6384,Specialty,TBC Tire Tech,4,2,6,0,0,0
6388,Fresh,Baker/Packager,4,3,7,0,2,2
6388,Fresh,Bakery Lead,1,0,1,0,0,0
6388,Fresh,Café,4,6,10,0,1,1
6388,Fresh,Cake Decorator,3,1,4,0,0,0
6388,Fresh,Freezer/Cooler/Deli,4,3,7,1,0,1
6388,Fresh,HMS/Rotisserie,4,4,8,0,0,0
6388,Fresh,Meat Cutter/Wrapper,1,2,3,0,0,0
6388,Fresh,Meat Lead,1,0,1,0,0,0
6388,Fresh,Prepared Food Lead,1,0,1,0,0,0
6388,Fresh,Produce,3,4,7,1,0,1
6388,Fresh,Produce Lead,1,0,1,0,0,0
6388,Fresh,Senior Meat Cutter,4,1,5,0,0,0
6388,Member Team,Member Assist,3,6,9,0,0,0
6388,Member Team,Member Frontline,7,20,27,0,0,0
6388,Member Team,Member Specialist,7,5,12,0,0,0
6388,Member Team,Member Support,0,0,0,0,0,0
6388,Member Team,Member Team Lead,5,0,5,0,0,0
6388,Merchandising Team,Backroom Associate,5,0,5,0,0,0
6388,Merchandising Team,Forklift Driver,5,0,5,1,0,1
6388,Merchandising Team,Merchandising,12,11,23,1,3,4
6388,Merchandising Team,Merchandising Lead,4,0,4,0,0,0
6388,Personal Shopper,Personal Shopper,8,4,12,-1,2,1
6388,Personal Shopper,Personal Shopper Lead,1,0,1,0,0,0
6388,Specialty,Fuel/Car Wash,2,1,3,0,0,0
6388,Specialty,Maintenance,3,2,5,0,0,0
6388,Specialty,Optical,1,1,2,0,0,0
6388,Specialty,Pharmacy Tech,2,0,2,0,0,0
6388,Specialty,TBC Lead,1,0,1,0,0,0
6388,Specialty,TBC Tire Tech,3,3,6,0,0,0
6444,Fresh,Baker/Packager,3,2,5,0,0,0
6444,Fresh,Bakery Lead,1,0,1,0,0,0
6444,Fresh,Café,3,6,9,0,2,2
6444,Fresh,Cake Decorator,3,2,5,0,0,0
6444,Fresh,Freezer/Cooler/Deli,4,3,7,1,1,2
6444,Fresh,HMS/Rotisserie,3,3,6,0,0,0
6444,Fresh,Meat Cutter/Wrapper,1,1,2,0,0,0
6444,Fresh,Meat Lead,1,0,1,0,0,0
6444,Fresh,Prepared Food Lead,1,0,1,0,0,0
6444,Fresh,Produce,3,4,7,0,1,1
6444,Fresh,Produce Lead,1,0,1,0,0,0
6444,Fresh,Senior Meat Cutter,3,1,4,0,0,0
6444,Member Team,Member Assist,4,4,8,0,0,0
6444,Member Team,Member Frontline,7,20,27,0,0,0
6444,Member Team,Member Specialist,6,4,10,1,0,1
6444,Member Team,Member Support,0,0,0,0,0,0
6444,Member Team,Member Team Lead,5,0,5,0,0,0
6444,Merchandising Team,Backroom Associate,5,0,5,0,0,0
6444,Merchandising Team,Forklift Driver,5,0,5,0,0,0
6444,Merchandising Team,Merchandising,12,11,23,0,0,0
6444,Merchandising Team,Merchandising Lead,4,0,4,0,0,0
6444,Personal Shopper,Personal Shopper,5,2,7,-1,2,1
6444,Personal Shopper,Personal Shopper Lead,1,0,1,0,0,0
6444,Specialty,Asset Protection,1,0,1,0,0,0
6444,Specialty,Fuel/Car Wash,2,1,3,0,0,0
6444,Specialty,Maintenance,3,3,6,0,0,0
6444,Specialty,Optical,1,1,2,0,0,0
6444,Specialty,Pharmacy Tech,1,2,3,0,0,0
6444,Specialty,TBC Lead,1,0,1,0,0,0
6444,Specialty,TBC Tire Tech,4,2,6,0,0,0
6464,Fresh,Baker/Packager,3,3,6,1,0,1
6464,Fresh,Bakery Lead,1,0,1,0,0,0
6464,Fresh,Café,3,5,8,1,-1,0
6464,Fresh,Cake Decorator,3,0,3,0,0,0
6464,Fresh,Freezer/Cooler/Deli,3,2,5,0,0,0
6464,Fresh,HMS/Rotisserie,3,2,5,0,0,0
6464,Fresh,Meat Cutter/Wrapper,1,1,2,0,0,0
6464,Fresh,Meat Lead,1,0,1,0,0,0
6464,Fresh,Prepared Food Lead,1,0,1,0,0,0
6464,Fresh,Produce,3,3,6,1,0,1
6464,Fresh,Produce Lead,1,0,1,0,0,0
6464,Fresh,Senior Meat Cutter,3,1,4,0,0,0
6464,Member Team,Member Assist,3,6,9,0,1,1
6464,Member Team,Member Frontline,8,22,30,0,0,0
6464,Member Team,Member Specialist,7,3,10,0,0,0
6464,Member Team,Member Support,0,0,0,0,0,0
6464,Member Team,Member Team Lead,5,0,5,0,0,0
6464,Merchandising Team,Backroom Associate,4,0,4,0,0,0
6464,Merchandising Team,Forklift Driver,4,0,4,0,0,0
6464,Merchandising Team,Merchandising,10,10,20,0,0,0
6464,Merchandising Team,Merchandising Lead,4,0,4,0,0,0
6464,Personal Shopper,Personal Shopper,6,4,10,-1,2,1
6464,Personal Shopper,Personal Shopper Lead,1,0,1,0,0,0
6464,Specialty,Fuel/Car Wash,2,1,3,0,0,0
6464,Specialty,Maintenance,3,1,4,0,0,0
6464,Specialty,Optical,2,0,2,0,0,0
6464,Specialty,Pharmacy Tech,2,1,3,0,0,0
6464,Specialty,TBC Lead,1,0,1,0,0,0
6464,Specialty,TBC Tire Tech,4,2,6,0,0,0
6487,Fresh,Baker/Packager,4,2,6,1,0,1
6487,Fresh,Bakery Lead,1,0,1,0,0,0
6487,Fresh,Café,3,6,9,0,1,1
6487,Fresh,Cake Decorator,2,2,4,0,0,0
6487,Fresh,Freezer/Cooler/Deli,3,2,5,0,0,0
6487,Fresh,HMS/Rotisserie,3,3,6,0,0,0
6487,Fresh,Meat Cutter/Wrapper,1,2,3,0,0,0
6487,Fresh,Meat Lead,1,0,1,0,0,0
6487,Fresh,Prepared Food Lead,1,0,1,0,0,0
6487,Fresh,Produce,3,4,7,0,2,2
6487,Fresh,Produce Lead,1,0,1,0,0,0
6487,Fresh,Senior Meat Cutter,3,1,4,0,0,0
6487,Member Team,Member Assist,3,6,9,0,0,0
6487,Member Team,Member Frontline,7,24,31,0,2,2
6487,Member Team,Member Specialist,6,4,10,0,2,2
6487,Member Team,Member Support,0,0,0,0,0,0
6487,Member Team,Member Team Lead,5,0,5,0,0,0
6487,Merchandising Team,Backroom Associate,5,0,5,0,0,0
6487,Merchandising Team,Forklift Driver,5,0,5,1,0,1
6487,Merchandising Team,Merchandising,10,10,20,2,1,3
6487,Merchandising Team,Merchandising Lead,4,0,4,0,0,0
6487,Personal Shopper,Personal Shopper,6,3,9,0,1,1
6487,Personal Shopper,Personal Shopper Lead,1,0,1,0,0,0
6487,Specialty,Fuel/Car Wash,2,1,3,0,0,0
6487,Specialty,Maintenance,3,3,6,0,0,0
6487,Specialty,Optical,2,0,2,0,0,0
6487,Specialty,Pharmacy Tech,1,2,3,0,0,0
6487,Specialty,TBC Lead,1,0,1,0,0,0
6487,Specialty,TBC Tire Tech,4,2,6,0,0,0
8184,Fresh,Baker/Packager,3,1,4,0,0,0
8184,Fresh,Bakery Lead,1,0,1,0,0,0
8184,Fresh,Café,3,4,7,1,-1,0
8184,Fresh,Cake Decorator,3,0,3,0,0,0
8184,Fresh,Freezer/Cooler/Deli,4,3,7,1,1,2
8184,Fresh,HMS/Rotisserie,3,3,6,0,0,0
8184,Fresh,Meat Cutter/Wrapper,1,2,3,0,0,0
8184,Fresh,Meat Lead,1,0,1,0,0,0
8184,Fresh,Prepared Food Lead,1,0,1,0,0,0
8184,Fresh,Produce,2,4,6,0,1,1
8184,Fresh,Produce Lead,1,0,1,0,0,0
8184,Fresh,Senior Meat Cutter,4,1,5,0,0,0
8184,Member Team,Member Assist,3,5,8,0,0,0
8184,Member Team,Member Frontline,9,21,30,0,0,0
8184,Member Team,Member Specialist,6,3,9,1,1,2
8184,Member Team,Member Support,0,0,0,0,0,0
8184,Member Team,Member Team Lead,5,0,5,0,0,0
8184,Merchandising Team,Backroom Associate,4,0,4,0,0,0
8184,Merchandising Team,Forklift Driver,5,0,5,1,0,1
8184,Merchandising Team,Merchandising,10,9,19,0,0,0
8184,Merchandising Team,Merchandising Lead,4,0,4,0,0,0
8184,Personal Shopper,Personal Shopper,5,3,8,-1,2,1
8184,Personal Shopper,Personal Shopper Lead,1,0,1,0,0,0
8184,Specialty,Fuel/Car Wash,2,1,3,0,0,0
8184,Specialty,Maintenance,3,1,4,0,0,0
8184,Specialty,Optical,2,1,3,0,0,0
8184,Specialty,Pharmacy Tech,1,2,3,0,0,0
8184,Specialty,TBC Lead,1,0,1,0,0,0
8184,Specialty,TBC Tire Tech,4,2,6,0,0,0
8297,Fresh,Baker/Packager,3,3,6,1,0,1
8297,Fresh,Bakery Lead,1,0,1,0,0,0
8297,Fresh,Café,3,4,7,0,0,0
8297,Fresh,Cake Decorator,2,2,4,0,0,0
8297,Fresh,Freezer/Cooler/Deli,3,2,5,0,0,0
8297,Fresh,HMS/Rotisserie,3,3,6,0,0,0
8297,Fresh,Meat Cutter/Wrapper,2,1,3,0,0,0
8297,Fresh,Meat Lead,1,0,1,0,0,0
8297,Fresh,Prepared Food Lead,1,0,1,0,0,0
8297,Fresh,Produce,2,4,6,0,1,1
8297,Fresh,Produce Lead,1,0,1,0,0,0
8297,Fresh,Senior Meat Cutter,4,1,5,0,1,1
8297,Member Team,Member Assist,3,5,8,0,1,1
8297,Member Team,Member Frontline,7,20,27,0,0,0
8297,Member Team,Member Specialist,6,4,10,0,1,1
8297,Member Team,Member Support,0,0,0,0,0,0
8297,Member Team,Member Team Lead,5,0,5,0,0,0
8297,Merchandising Team,Backroom Associate,5,0,5,0,0,0
8297,Merchandising Team,Forklift Driver,4,0,4,0,0,0
8297,Merchandising Team,Merchandising,10,10,20,1,0,1
8297,Merchandising Team,Merchandising Lead,4,0,4,0,0,0
8297,Personal Shopper,Personal Shopper,5,2,7,-1,2,1
8297,Personal Shopper,Personal Shopper Lead,1,0,1,0,0,0
8297,Specialty,Asset Protection,0,0,0,0,0,0
8297,Specialty,Fuel/Car Wash,2,1,3,0,0,0
8297,Specialty,Maintenance,3,2,5,0,0,0
8297,Specialty,Optical,1,1,2,0,0,0
8297,Specialty,Pharmacy Tech,1,2,3,0,0,0
8297,Specialty,TBC Lead,1,0,1,0,0,0
8297,Specialty,TBC Tire Tech,3,3,6,0,0,0
4781,Fresh,Baker/Packager,3,3,6,0,2,2
4781,Fresh,Bakery Lead,1,0,1,0,0,0
4781,Fresh,Café,3,5,8,0,0,0
4781,Fresh,Cake Decorator,2,2,4,0,0,0
4781,Fresh,Freezer/Cooler/Deli,3,1,4,0,0,0
4781,Fresh,HMS/Rotisserie,3,3,6,0,1,1
4781,Fresh,Meat Cutter/Wrapper,1,2,3,0,0,0
4781,Fresh,Meat Lead,1,0,1,0,0,0
4781,Fresh,Prepared Food Lead,1,0,1,0,0,0
4781,Fresh,Produce,2,4,6,0,1,1
4781,Fresh,Produce Lead,1,0,1,0,0,0
4781,Fresh,Senior Meat Cutter,3,1,4,0,0,0
4781,Member Team,Member Assist,3,5,8,0,0,0
4781,Member Team,Member Frontline,6,15,21,0,0,0
4781,Member Team,Member Specialist,8,3,11,0,0,0
4781,Member Team,Member Support,0,0,0,0,0,0
4781,Member Team,Member Team Lead,5,0,5,0,0,0
4781,Merchandising Team,Backroom Associate,4,0,4,0,0,0
4781,Merchandising Team,Forklift Driver,4,0,4,0,0,0
4781,Merchandising Team,Merchandising,9,10,19,0,0,0
4781,Merchandising Team,Merchandising Lead,4,0,4,0,0,0
4781,Personal Shopper,Personal Shopper,4,3,7,-1,2,1
4781,Personal Shopper,Personal Shopper Lead,1,0,1,0,0,0
4781,Specialty,Fuel/Car Wash,2,1,3,0,0,0
4781,Specialty,Maintenance,3,0,3,0,0,0
4781,Specialty,Optical,1,1,2,0,0,0
4781,Specialty,Pharmacy Tech,3,1,4,0,0,0
4781,Specialty,TBC Lead,1,0,1,0,0,0
4781,Specialty,TBC Tire Tech,3,3,6,0,0,0
4944,Fresh,Baker/Packager,3,1,4,1,0,1
4944,Fresh,Bakery Lead,1,0,1,0,0,0
4944,Fresh,Café,3,5,8,0,0,0
4944,Fresh,Cake Decorator,3,1,4,0,0,0
4944,Fresh,Freezer/Cooler/Deli,3,1,4,0,0,0
4944,Fresh,HMS/Rotisserie,3,4,7,0,0,0
4944,Fresh,Meat Cutter/Wrapper,1,2,3,0,0,0
4944,Fresh,Meat Lead,1,0,1,0,0,0
4944,Fresh,Prepared Food Lead,1,0,1,0,0,0
4944,Fresh,Produce,2,4,6,0,1,1
4944,Fresh,Produce Lead,1,0,1,0,0,0
4944,Fresh,Senior Meat Cutter,3,1,4,0,0,0
4944,Member Team,Member Assist,3,5,8,0,1,1
4944,Member Team,Member Frontline,6,17,23,0,0,0
4944,Member Team,Member Specialist,7,3,10,0,0,0
4944,Member Team,Member Support,0,0,0,0,0,0
4944,Member Team,Member Team Lead,5,0,5,0,0,0
4944,Merchandising Team,Backroom Associate,4,0,4,0,0,0
4944,Merchandising Team,Forklift Driver,5,0,5,1,0,1
4944,Merchandising Team,Merchandising,10,11,21,-1,3,2
4944,Merchandising Team,Merchandising Lead,4,0,4,0,0,0
4944,Personal Shopper,Personal Shopper,4,3,7,0,1,1
4944,Personal Shopper,Personal Shopper Lead,1,0,1,0,0,0
4944,Specialty,Maintenance,3,0,3,0,0,0
4944,Specialty,Optical,1,1,2,0,0,0
4944,Specialty,Pharmacy Tech,2,1,3,0,0,0
4944,Specialty,TBC Lead,1,0,1,0,0,0
4944,Specialty,TBC Tire Tech,3,3,6,0,0,0
4982,Fresh,Baker/Packager,2,1,3,0,0,0
4982,Fresh,Bakery Lead,1,0,1,0,0,0
4982,Fresh,Café,2,3,5,0,1,1
4982,Fresh,Cake Decorator,2,1,3,0,0,0
4982,Fresh,Freezer/Cooler/Deli,3,1,4,0,0,0
4982,Fresh,HMS/Rotisserie,2,2,4,0,0,0
4982,Fresh,Meat Cutter/Wrapper,1,1,2,0,0,0
4982,Fresh,Meat Lead,1,0,1,0,0,0
4982,Fresh,Prepared Food Lead,1,0,1,0,0,0
4982,Fresh,Produce,2,2,4,0,1,1
4982,Fresh,Produce Lead,1,0,1,0,0,0
4982,Fresh,Senior Meat Cutter,3,1,4,0,0,0
4982,Member Team,Member Assist,2,3,5,0,1,1
4982,Member Team,Member Frontline,5,13,18,0,0,0
4982,Member Team,Member Specialist,5,2,7,0,1,1
4982,Member Team,Member Support,0,0,0,0,0,0
4982,Member Team,Member Team Lead,4,0,4,0,0,0
4982,Merchandising Team,Backroom Associate,4,0,4,0,0,0
4982,Merchandising Team,Forklift Driver,3,0,3,0,0,0
4982,Merchandising Team,Merchandising,7,7,14,0,0,0
4982,Merchandising Team,Merchandising Lead,4,0,4,0,0,0
4982,Personal Shopper,Personal Shopper,3,2,5,1,1,2
4982,Personal Shopper,Personal Shopper Lead,1,0,1,0,0,0
4982,Specialty,Maintenance,2,2,4,0,0,0
4982,Specialty,Optical,2,0,2,0,0,0
4982,Specialty,Pharmacy Tech,2,0,2,0,0,0
6313,Fresh,Baker/Packager,3,4,7,1,1,2
6313,Fresh,Bakery Lead,1,0,1,0,0,0
6313,Fresh,Café,3,4,7,0,0,0
6313,Fresh,Cake Decorator,2,2,4,0,0,0
6313,Fresh,Freezer/Cooler/Deli,4,2,6,1,0,1
6313,Fresh,HMS/Rotisserie,3,3,6,0,1,1
6313,Fresh,Meat Cutter/Wrapper,1,2,3,0,0,0
6313,Fresh,Meat Lead,1,0,1,0,0,0
6313,Fresh,Prepared Food Lead,1,0,1,0,0,0
6313,Fresh,Produce,3,3,6,1,0,1
6313,Fresh,Produce Lead,1,0,1,0,0,0
6313,Fresh,Senior Meat Cutter,5,1,6,0,1,1
6313,Member Team,Member Assist,4,4,8,0,0,0
6313,Member Team,Member Frontline,7,17,24,0,0,0
6313,Member Team,Member Specialist,8,4,12,0,1,1
6313,Member Team,Member Support,0,0,0,0,0,0
6313,Member Team,Member Team Lead,5,0,5,0,0,0
6313,Merchandising Team,Backroom Associate,5,0,5,0,0,0
6313,Merchandising Team,Forklift Driver,6,0,6,1,0,1
6313,Merchandising Team,Merchandising,12,12,24,0,1,1
6313,Merchandising Team,Merchandising Lead,4,0,4,0,0,0
6313,Personal Shopper,Personal Shopper,8,3,11,-1,2,1
6313,Personal Shopper,Personal Shopper Lead,1,0,1,0,0,0
6313,Specialty,Fuel/Car Wash,2,1,3,0,0,0
6313,Specialty,Maintenance,3,1,4,0,0,0
6313,Specialty,Optical,1,1,2,0,0,0
6313,Specialty,Pharmacy Tech,2,0,2,0,0,0
6313,Specialty,TBC Lead,1,0,1,0,0,0
6313,Specialty,TBC Tire Tech,3,3,6,0,0,0
6315,Fresh,Baker/Packager,4,2,6,1,1,2
6315,Fresh,Bakery Lead,1,0,1,0,0,0
6315,Fresh,Café,3,3,6,1,-1,0
6315,Fresh,Cake Decorator,3,0,3,0,0,0
6315,Fresh,Freezer/Cooler/Deli,4,2,6,1,1,2
6315,Fresh,HMS/Rotisserie,2,2,4,0,0,0
6315,Fresh,Meat Cutter/Wrapper,1,1,2,0,0,0
6315,Fresh,Meat Lead,1,0,1,0,0,0
6315,Fresh,Prepared Food Lead,1,0,1,0,0,0
6315,Fresh,Produce,2,3,5,0,1,1
6315,Fresh,Produce Lead,1,0,1,0,0,0
6315,Fresh,Senior Meat Cutter,3,1,4,0,0,0
6315,Member Team,Member Assist,3,5,8,0,1,1
6315,Member Team,Member Frontline,6,18,24,0,0,0
6315,Member Team,Member Specialist,6,3,9,0,0,0
6315,Member Team,Member Support,0,0,0,0,0,0
6315,Member Team,Member Team Lead,5,0,5,0,0,0
6315,Merchandising Team,Backroom Associate,4,0,4,0,0,0
6315,Merchandising Team,Forklift Driver,6,0,6,2,0,2
6315,Merchandising Team,Merchandising,12,11,23,3,1,4
6315,Merchandising Team,Merchandising Lead,4,0,4,0,0,0
6315,Personal Shopper,Personal Shopper,6,2,8,0,0,0
6315,Personal Shopper,Personal Shopper Lead,1,0,1,0,0,0
6315,Specialty,Maintenance,3,1,4,0,0,0
6315,Specialty,Optical,1,1,2,0,0,0
6315,Specialty,Pharmacy Tech,2,1,3,0,0,0
6315,Specialty,TBC Lead,1,0,1,0,0,0
6315,Specialty,TBC Tire Tech,4,3,7,0,0,0
6319,Fresh,Baker/Packager,3,4,7,1,1,2
6319,Fresh,Bakery Lead,1,0,1,0,0,0
6319,Fresh,Café,4,5,9,1,-1,0
6319,Fresh,Cake Decorator,3,1,4,0,0,0
6319,Fresh,Freezer/Cooler/Deli,3,1,4,0,0,0
6319,Fresh,HMS/Rotisserie,3,2,5,0,0,0
6319,Fresh,Meat Cutter/Wrapper,1,1,2,0,0,0
6319,Fresh,Meat Lead,1,0,1,0,0,0
6319,Fresh,Prepared Food Lead,1,0,1,0,0,0
6319,Fresh,Produce,2,3,5,0,0,0
6319,Fresh,Produce Lead,1,0,1,0,0,0
6319,Fresh,Senior Meat Cutter,4,1,5,0,0,0
6319,Member Team,Member Assist,3,4,7,0,0,0
6319,Member Team,Member Frontline,6,16,22,0,0,0
6319,Member Team,Member Specialist,8,3,11,0,0,0
6319,Member Team,Member Support,0,0,0,0,0,0
6319,Member Team,Member Team Lead,5,0,5,0,0,0
6319,Merchandising Team,Backroom Associate,4,0,4,0,0,0
6319,Merchandising Team,Forklift Driver,4,0,4,0,0,0
6319,Merchandising Team,Merchandising,10,10,20,0,1,1
6319,Merchandising Team,Merchandising Lead,4,0,4,0,0,0
6319,Personal Shopper,Personal Shopper,5,2,7,-1,2,1
6319,Personal Shopper,Personal Shopper Lead,1,0,1,0,0,0
6319,Specialty,Fuel/Car Wash,2,2,4,0,0,0
6319,Specialty,Maintenance,3,1,4,0,0,0
6319,Specialty,Optical,2,1,3,0,0,0
6319,Specialty,Pharmacy Tech,2,1,3,0,0,0
6319,Specialty,TBC Lead,1,0,1,0,0,0
6319,Specialty,TBC Tire Tech,4,2,6,0,0,0
6359,Fresh,Baker/Packager,3,4,7,1,1,2
6359,Fresh,Bakery Lead,1,0,1,0,0,0
6359,Fresh,Café,3,6,9,0,1,1
6359,Fresh,Cake Decorator,2,2,4,0,0,0
6359,Fresh,Freezer/Cooler/Deli,3,1,4,0,0,0
6359,Fresh,HMS/Rotisserie,3,3,6,0,1,1
6359,Fresh,Meat Cutter/Wrapper,1,1,2,0,0,0
6359,Fresh,Meat Lead,1,0,1,0,0,0
6359,Fresh,Prepared Food Lead,1,0,1,0,0,0
6359,Fresh,Produce,2,3,5,0,1,1
6359,Fresh,Produce Lead,1,0,1,0,0,0
6359,Fresh,Senior Meat Cutter,3,1,4,0,0,0
6359,Member Team,Member Assist,3,4,7,0,0,0
6359,Member Team,Member Frontline,6,16,22,0,0,0
6359,Member Team,Member Specialist,6,3,9,0,0,0
6359,Member Team,Member Support,0,0,0,0,0,0
6359,Member Team,Member Team Lead,5,0,5,0,0,0
6359,Merchandising Team,Backroom Associate,4,0,4,0,0,0
6359,Merchandising Team,Forklift Driver,5,0,5,1,0,1
6359,Merchandising Team,Merchandising,10,10,20,1,1,2
6359,Merchandising Team,Merchandising Lead,4,0,4,0,0,0
6359,Personal Shopper,Personal Shopper,10,5,15,4,3,7
6359,Personal Shopper,Personal Shopper Lead,1,0,1,0,0,0
6359,Specialty,Fuel/Car Wash,2,1,3,0,0,0
6359,Specialty,Maintenance,2,3,5,0,0,0
6359,Specialty,Optical,2,1,3,0,0,0
6359,Specialty,Pharmacy Tech,3,2,5,0,0,0
6359,Specialty,TBC Lead,1,0,1,0,0,0
6359,Specialty,TBC Tire Tech,4,2,6,0,0,0
6417,Fresh,Baker/Packager,0,1,1,0,1,1
6417,Fresh,Café,3,3,6,1,-1,0
6417,Fresh,Cake Decorator,0,0,0,0,0,0
6417,Fresh,Freezer/Cooler/Deli,3,1,4,0,0,0
6417,Fresh,HMS/Rotisserie,3,3,6,0,1,1
6417,Fresh,Meat Cutter/Wrapper,1,1,2,0,0,0
6417,Fresh,Meat Lead,1,0,1,0,0,0
6417,Fresh,Prepared Food Lead,1,0,1,0,0,0
6417,Fresh,Produce,2,3,5,0,1,1
6417,Fresh,Produce Lead,1,0,1,0,0,0
6417,Fresh,Senior Meat Cutter,3,1,4,0,0,0
6417,Member Team,Member Assist,2,4,6,0,1,1
6417,Member Team,Member Frontline,5,15,20,0,0,0
6417,Member Team,Member Specialist,5,3,8,0,0,0
6417,Member Team,Member Support,0,0,0,0,0,0
6417,Member Team,Member Team Lead,4,0,4,0,0,0
6417,Merchandising Team,Backroom Associate,4,0,4,0,0,0
6417,Merchandising Team,Forklift Driver,3,0,3,0,0,0
6417,Merchandising Team,Merchandising,8,8,16,0,2,2
6417,Merchandising Team,Merchandising Lead,4,0,4,0,0,0
6417,Personal Shopper,Personal Shopper,3,2,5,0,0,0
6417,Personal Shopper,Personal Shopper Lead,1,0,1,0,0,0
6417,Specialty,Fuel/Car Wash,2,1,3,0,0,0
6417,Specialty,Maintenance,2,2,4,0,0,0
6417,Specialty,TBC Lead,1,0,1,0,0,0
6417,Specialty,TBC Tire Tech,3,3,6,0,0,0
6419,Fresh,Baker/Packager,2,2,4,0,-1,-1
6419,Fresh,Bakery Lead,1,0,1,0,0,0
6419,Fresh,Café,2,3,5,0,-1,-1
6419,Fresh,Cake Decorator,2,1,3,0,0,0
6419,Fresh,Freezer/Cooler/Deli,3,1,4,0,0,0
6419,Fresh,HMS/Rotisserie,3,2,5,0,0,0
6419,Fresh,Meat Cutter/Wrapper,1,1,2,0,0,0
6419,Fresh,Meat Lead,1,0,1,0,0,0
6419,Fresh,Prepared Food Lead,1,0,1,0,0,0
6419,Fresh,Produce,2,3,5,0,1,1
6419,Fresh,Produce Lead,1,0,1,0,0,0
6419,Fresh,Senior Meat Cutter,3,1,4,0,0,0
6419,Member Team,Member Assist,4,3,7,0,0,0
6419,Member Team,Member Frontline,6,16,22,0,0,0
6419,Member Team,Member Specialist,6,2,8,0,0,0
6419,Member Team,Member Support,0,0,0,0,0,0
6419,Member Team,Member Team Lead,4,0,4,0,0,0
6419,Merchandising Team,Backroom Associate,4,0,4,0,0,0
6419,Merchandising Team,Forklift Driver,5,0,5,0,0,0
6419,Merchandising Team,Merchandising,10,9,19,0,0,0
6419,Merchandising Team,Merchandising Lead,4,0,4,0,0,0
6419,Personal Shopper,Personal Shopper,4,2,6,-1,2,1
6419,Personal Shopper,Personal Shopper Lead,1,0,1,0,0,0
6419,Specialty,Fuel/Car Wash,2,1,3,0,0,0
6419,Specialty,Maintenance,2,2,4,0,0,0
6419,Specialty,Optical,2,1,3,0,0,0
6419,Specialty,Pharmacy Tech,2,1,3,0,0,0
6419,Specialty,TBC Lead,1,0,1,0,0,0
6419,Specialty,TBC Tire Tech,4,2,6,0,0,0
6429,Fresh,Baker/Packager,2,3,5,0,2,2
6429,Fresh,Bakery Lead,1,0,1,0,0,0
6429,Fresh,Café,2,5,7,0,1,1
6429,Fresh,Cake Decorator,2,1,3,0,0,0
6429,Fresh,Freezer/Cooler/Deli,3,1,4,0,0,0
6429,Fresh,HMS/Rotisserie,2,3,5,0,1,1
6429,Fresh,Meat Cutter/Wrapper,1,1,2,0,0,0
6429,Fresh,Meat Lead,1,0,1,0,0,0
6429,Fresh,Prepared Food Lead,1,0,1,0,0,0
6429,Fresh,Produce,2,2,4,0,0,0
6429,Fresh,Produce Lead,1,0,1,0,0,0
6429,Fresh,Senior Meat Cutter,3,1,4,0,0,0
6429,Member Team,Member Assist,2,4,6,0,1,1
6429,Member Team,Member Frontline,6,15,21,0,0,0
6429,Member Team,Member Specialist,5,2,7,0,0,0
6429,Member Team,Member Support,0,0,0,0,0,0
6429,Member Team,Member Team Lead,4,0,4,0,0,0
6429,Merchandising Team,Backroom Associate,4,0,4,0,0,0
6429,Merchandising Team,Forklift Driver,3,0,3,0,0,0
6429,Merchandising Team,Merchandising,8,8,16,0,0,0
6429,Merchandising Team,Merchandising Lead,4,0,4,0,0,0
6429,Personal Shopper,Personal Shopper,3,2,5,0,1,1
6429,Personal Shopper,Personal Shopper Lead,1,0,1,0,0,0
6429,Specialty,Fuel/Car Wash,2,2,4,0,0,0
6429,Specialty,Maintenance,2,2,4,0,0,0
6429,Specialty,Optical,1,1,2,0,0,0
6429,Specialty,Pharmacy Tech,2,1,3,0,0,0
6429,Specialty,TBC Lead,1,0,1,0,0,0
6429,Specialty,TBC Tire Tech,3,2,5,0,0,0
6562,Fresh,Baker/Packager,2,3,5,0,2,2
6562,Fresh,Bakery Lead,1,0,1,0,0,0
6562,Fresh,Café,2,4,6,0,0,0
6562,Fresh,Cake Decorator,2,2,4,0,0,0
6562,Fresh,Freezer/Cooler/Deli,3,1,4,0,0,0
6562,Fresh,HMS/Rotisserie,2,3,5,0,0,0
6562,Fresh,Meat Cutter/Wrapper,1,1,2,0,0,0
6562,Fresh,Meat Lead,1,0,1,0,0,0
6562,Fresh,Prepared Food Lead,1,0,1,0,0,0
6562,Fresh,Produce,2,3,5,0,1,1
6562,Fresh,Produce Lead,1,0,1,0,0,0
6562,Fresh,Senior Meat Cutter,3,1,4,0,0,0
6562,Member Team,Member Assist,3,4,7,0,1,1
6562,Member Team,Member Frontline,6,16,22,0,0,0
6562,Member Team,Member Specialist,5,3,8,0,1,1
6562,Member Team,Member Support,0,0,0,0,0,0
6562,Member Team,Member Team Lead,4,0,4,0,0,0
6562,Merchandising Team,Backroom Associate,4,0,4,0,0,0
6562,Merchandising Team,Forklift Driver,3,0,3,0,0,0
6562,Merchandising Team,Merchandising,8,9,17,0,0,0
6562,Merchandising Team,Merchandising Lead,4,0,4,0,0,0
6562,Personal Shopper,Personal Shopper,4,1,5,0,0,0
6562,Personal Shopper,Personal Shopper Lead,1,0,1,0,0,0
6562,Specialty,Fuel/Car Wash,2,1,3,0,0,0
6562,Specialty,Maintenance,2,2,4,0,0,0
6562,Specialty,Optical,2,1,3,0,0,0
6562,Specialty,Pharmacy Tech,1,2,3,0,0,0
6562,Specialty,TBC Lead,1,0,1,0,0,0
6562,Specialty,TBC Tire Tech,4,2,6,0,0,0
6658,Fresh,Baker/Packager,2,3,5,0,2,2
6658,Fresh,Bakery Lead,1,0,1,0,0,0
6658,Fresh,Café,3,4,7,1,-1,0
6658,Fresh,Cake Decorator,3,0,3,0,0,0
6658,Fresh,Freezer/Cooler/Deli,3,1,4,0,0,0
6658,Fresh,HMS/Rotisserie,2,5,7,0,1,1
6658,Fresh,Meat Cutter/Wrapper,1,1,2,0,0,0
6658,Fresh,Meat Lead,1,0,1,0,0,0
6658,Fresh,Prepared Food Lead,1,0,1,0,0,0
6658,Fresh,Produce,2,3,5,0,1,1
6658,Fresh,Produce Lead,1,0,1,0,0,0
6658,Fresh,Senior Meat Cutter,3,1,4,0,0,0
6658,Member Team,Member Assist,3,4,7,0,0,0
6658,Member Team,Member Frontline,6,18,24,0,0,0
6658,Member Team,Member Specialist,6,3,9,0,1,1
6658,Member Team,Member Support,0,0,0,0,0,0
6658,Member Team,Member Team Lead,5,0,5,0,0,0
6658,Merchandising Team,Backroom Associate,4,0,4,0,0,0
6658,Merchandising Team,Forklift Driver,4,0,4,0,0,0
6658,Merchandising Team,Merchandising,9,10,19,0,1,1
6658,Merchandising Team,Merchandising Lead,4,0,4,0,0,0
6658,Personal Shopper,Personal Shopper,5,2,7,-1,2,1
6658,Personal Shopper,Personal Shopper Lead,1,0,1,0,0,0
6658,Specialty,Fuel/Car Wash,2,1,3,0,0,0
6658,Specialty,Maintenance,3,1,4,0,0,0
6658,Specialty,Optical,1,1,2,0,0,0
6658,Specialty,Pharmacy Tech,2,1,3,0,0,0
6658,Specialty,TBC Lead,1,0,1,0,0,0
6658,Specialty,TBC Tire Tech,3,3,6,0,0,0
6661,Fresh,Baker/Packager,2,4,6,0,1,1
6661,Fresh,Bakery Lead,1,0,1,0,0,0
6661,Fresh,Café,3,5,8,1,0,1
6661,Fresh,Cake Decorator,2,2,4,0,0,0
6661,Fresh,Freezer/Cooler/Deli,3,1,4,0,0,0
6661,Fresh,HMS/Rotisserie,2,4,6,0,1,1
6661,Fresh,Meat Cutter/Wrapper,1,1,2,0,0,0
6661,Fresh,Meat Lead,1,0,1,0,0,0
6661,Fresh,Prepared Food Lead,1,0,1,0,0,0
6661,Fresh,Produce,2,3,5,0,1,1
6661,Fresh,Produce Lead,1,0,1,0,0,0
6661,Fresh,Senior Meat Cutter,3,1,4,0,0,0
6661,Member Team,Member Assist,3,4,7,0,0,0
6661,Member Team,Member Frontline,6,15,21,0,0,0
6661,Member Team,Member Specialist,6,3,9,0,0,0
6661,Member Team,Member Support,0,0,0,0,0,0
6661,Member Team,Member Team Lead,4,0,4,0,0,0
6661,Merchandising Team,Backroom Associate,4,0,4,0,0,0
6661,Merchandising Team,Forklift Driver,4,0,4,1,0,1
6661,Merchandising Team,Merchandising,8,8,16,0,1,1
6661,Merchandising Team,Merchandising Lead,4,0,4,0,0,0
6661,Personal Shopper,Personal Shopper,4,3,7,-1,2,1
6661,Personal Shopper,Personal Shopper Lead,1,0,1,0,0,0
6661,Specialty,Fuel/Car Wash,2,1,3,0,0,0
6661,Specialty,Maintenance,2,3,5,0,0,0
6661,Specialty,Optical,1,1,2,0,0,0
6661,Specialty,Pharmacy Tech,2,1,3,0,0,0
6661,Specialty,TBC Lead,1,0,1,0,0,0
6661,Specialty,TBC Tire Tech,3,3,6,0,0,0
6663,Fresh,Baker/Packager,2,4,6,0,1,1
6663,Fresh,Bakery Lead,1,0,1,0,0,0
6663,Fresh,Café,3,4,7,0,0,0
6663,Fresh,Cake Decorator,3,1,4,0,0,0
6663,Fresh,Freezer/Cooler/Deli,3,1,4,0,0,0
6663,Fresh,HMS/Rotisserie,3,3,6,0,0,0
6663,Fresh,Meat Cutter/Wrapper,1,2,3,0,0,0
6663,Fresh,Meat Lead,1,0,1,0,0,0
6663,Fresh,Prepared Food Lead,1,0,1,0,0,0
6663,Fresh,Produce,2,3,5,0,1,1
6663,Fresh,Produce Lead,1,0,1,0,0,0
6663,Fresh,Senior Meat Cutter,3,1,4,0,0,0
6663,Member Team,Member Assist,3,6,9,0,0,0
6663,Member Team,Member Frontline,7,16,23,0,0,0
6663,Member Team,Member Specialist,7,3,10,0,0,0
6663,Member Team,Member Support,0,0,0,0,0,0
6663,Member Team,Member Team Lead,5,0,5,0,0,0
6663,Merchandising Team,Backroom Associate,4,0,4,0,0,0
6663,Merchandising Team,Forklift Driver,5,0,5,0,0,0
6663,Merchandising Team,Merchandising,12,11,23,0,2,2
6663,Merchandising Team,Merchandising Lead,4,0,4,0,0,0
6663,Personal Shopper,Personal Shopper,4,3,7,-1,2,1
6663,Personal Shopper,Personal Shopper Lead,1,0,1,0,0,0
6663,Specialty,Fuel/Car Wash,2,1,3,0,0,0
6663,Specialty,Maintenance,3,2,5,0,0,0
6663,Specialty,Optical,2,0,2,0,0,0
6663,Specialty,Pharmacy Tech,1,2,3,0,0,0
6663,Specialty,TBC Lead,1,0,1,0,0,0
6663,Specialty,TBC Tire Tech,3,3,6,0,0,0
8291,Fresh,Baker/Packager,2,3,5,0,0,0
8291,Fresh,Bakery Lead,1,0,1,0,0,0
8291,Fresh,Café,3,4,7,1,-1,0
8291,Fresh,Cake Decorator,2,2,4,0,0,0
8291,Fresh,Freezer/Cooler/Deli,3,1,4,0,0,0
8291,Fresh,HMS/Rotisserie,3,2,5,0,0,0
8291,Fresh,Meat Cutter/Wrapper,1,1,2,0,0,0
8291,Fresh,Meat Lead,1,0,1,0,0,0
8291,Fresh,Prepared Food Lead,1,0,1,0,0,0
8291,Fresh,Produce,2,3,5,0,1,1
8291,Fresh,Produce Lead,1,0,1,0,0,0
8291,Fresh,Senior Meat Cutter,3,1,4,0,0,0
8291,Member Team,Member Assist,3,4,7,0,0,0
8291,Member Team,Member Frontline,7,20,27,0,0,0
8291,Member Team,Member Specialist,7,3,10,0,0,0
8291,Member Team,Member Support,0,0,0,0,0,0
8291,Member Team,Member Team Lead,5,0,5,0,0,0
8291,Merchandising Team,Backroom Associate,4,0,4,0,0,0
8291,Merchandising Team,Forklift Driver,4,0,4,0,0,0
8291,Merchandising Team,Merchandising,9,10,19,0,2,2
8291,Merchandising Team,Merchandising Lead,4,0,4,0,0,0
8291,Personal Shopper,Personal Shopper,3,3,6,-1,3,2
8291,Personal Shopper,Personal Shopper Lead,1,0,1,0,0,0
8291,Specialty,Asset Protection,1,0,1,0,0,0
8291,Specialty,Fuel/Car Wash,2,1,3,0,0,0
8291,Specialty,Maintenance,3,1,4,0,0,0
8291,Specialty,Optical,2,1,3,0,0,0
8291,Specialty,Pharmacy Tech,2,1,3,0,0,0
8291,Specialty,TBC Lead,1,0,1,0,0,0
8291,Specialty,TBC Tire Tech,4,1,5,0,0,0
4778,Fresh,Baker/Packager,3,3,6,1,0,1
4778,Fresh,Bakery Lead,1,0,1,0,0,0
4778,Fresh,Café,3,6,9,1,0,1
4778,Fresh,Cake Decorator,3,1,4,0,0,0
4778,Fresh,Freezer/Cooler/Deli,3,2,5,0,0,0
4778,Fresh,HMS/Rotisserie,4,2,6,0,0,0
4778,Fresh,Meat Cutter/Wrapper,1,2,3,0,0,0
4778,Fresh,Meat Lead,1,0,1,0,0,0
4778,Fresh,Prepared Food Lead,1,0,1,0,0,0
4778,Fresh,Produce,3,3,6,1,0,1
4778,Fresh,Produce Lead,1,0,1,0,0,0
4778,Fresh,Senior Meat Cutter,3,1,4,0,0,0
4778,Member Team,Member Assist,3,5,8,0,0,0
4778,Member Team,Member Frontline,6,17,23,0,0,0
4778,Member Team,Member Specialist,8,2,10,0,0,0
4778,Member Team,Member Support,0,0,0,0,0,0
4778,Member Team,Member Team Lead,5,0,5,0,0,0
4778,Merchandising Team,Backroom Associate,4,0,4,0,0,0
4778,Merchandising Team,Forklift Driver,4,0,4,0,0,0
4778,Merchandising Team,Merchandising,9,10,19,0,0,0
4778,Merchandising Team,Merchandising Lead,4,0,4,0,0,0
4778,Personal Shopper,Personal Shopper,5,2,7,0,1,1
4778,Personal Shopper,Personal Shopper Lead,1,0,1,0,0,0
4778,Specialty,Fuel/Car Wash,2,1,3,0,0,0
4778,Specialty,Maintenance,3,2,5,0,0,0
4778,Specialty,Optical,2,1,3,0,0,0
4778,Specialty,Pharmacy Tech,2,1,3,0,0,0
4778,Specialty,TBC Lead,1,0,1,0,0,0
4778,Specialty,TBC Tire Tech,3,3,6,0,0,0
4962,Fresh,Baker/Packager,2,3,5,0,2,2
4962,Fresh,Bakery Lead,1,0,1,0,0,0
4962,Fresh,Café,2,3,5,0,0,0
4962,Fresh,Cake Decorator,2,1,3,0,0,0
4962,Fresh,Freezer/Cooler/Deli,3,1,4,0,0,0
4962,Fresh,HMS/Rotisserie,2,3,5,0,1,1
4962,Fresh,Meat Cutter/Wrapper,1,1,2,0,0,0
4962,Fresh,Meat Lead,1,0,1,0,0,0
4962,Fresh,Prepared Food Lead,1,0,1,0,0,0
4962,Fresh,Produce,2,2,4,0,0,0
4962,Fresh,Produce Lead,1,0,1,0,0,0
4962,Fresh,Senior Meat Cutter,3,1,4,0,0,0
4962,Member Team,Member Assist,2,4,6,0,1,1
4962,Member Team,Member Frontline,5,14,19,0,0,0
4962,Member Team,Member Specialist,5,2,7,0,0,0
4962,Member Team,Member Support,0,0,0,0,0,0
4962,Member Team,Member Team Lead,4,0,4,0,0,0
4962,Merchandising Team,Backroom Associate,4,0,4,0,0,0
4962,Merchandising Team,Forklift Driver,4,0,4,0,0,0
4962,Merchandising Team,Merchandising,8,7,15,0,0,0
4962,Merchandising Team,Merchandising Lead,4,0,4,0,0,0
4962,Personal Shopper,Personal Shopper Lead,1,0,1,0,0,0
4962,Specialty,Fuel/Car Wash,2,1,3,0,0,0
4962,Specialty,Maintenance,2,2,4,0,0,0
4962,Specialty,Optical,1,1,2,0,0,0
4962,Specialty,Pharmacy Tech,2,1,3,0,0,0
4962,Specialty,TBC Lead,1,0,1,0,0,0
4962,Specialty,TBC Tire Tech,4,2,6,0,0,0
6412,Fresh,Baker/Packager,3,4,7,0,1,1
6412,Fresh,Bakery Lead,1,0,1,0,0,0
6412,Fresh,Café,4,6,10,0,0,0
6412,Fresh,Cake Decorator,3,1,4,0,0,0
6412,Fresh,Freezer/Cooler/Deli,4,4,8,1,0,1
6412,Fresh,HMS/Rotisserie,4,3,7,0,0,0
6412,Fresh,Meat Cutter/Wrapper,2,1,3,0,0,0
6412,Fresh,Meat Lead,1,0,1,0,0,0
6412,Fresh,Prepared Food Lead,1,0,1,0,0,0
6412,Fresh,Produce,3,4,7,0,1,1
6412,Fresh,Produce Lead,1,0,1,0,0,0
6412,Fresh,Senior Meat Cutter,5,1,6,0,1,1
6412,Member Team,Member Assist,5,6,11,0,0,0
6412,Member Team,Member Frontline,10,29,39,0,0,0
6412,Member Team,Member Specialist,9,5,14,0,1,1
6412,Member Team,Member Support,0,0,0,0,0,0
6412,Member Team,Member Team Lead,6,0,6,0,0,0
6412,Merchandising Team,Backroom Associate,6,0,6,0,0,0
6412,Merchandising Team,Forklift Driver,6,0,6,0,0,0
6412,Merchandising Team,Merchandising,17,16,33,5,0,5
6412,Merchandising Team,Merchandising Lead,4,0,4,0,0,0
6412,Personal Shopper,Personal Shopper,7,4,11,-1,2,1
6412,Personal Shopper,Personal Shopper Lead,1,0,1,0,0,0
6412,Specialty,Asset Protection,1,0,1,0,0,0
6412,Specialty,Fuel/Car Wash,2,1,3,0,0,0
6412,Specialty,Maintenance,4,2,6,0,0,0
6412,Specialty,Optical,2,0,2,0,0,0
6412,Specialty,Pharmacy Tech,2,1,3,0,0,0
6412,Specialty,TBC Lead,1,0,1,0,0,0
6412,Specialty,TBC Tire Tech,4,3,7,0,0,0
6454,Fresh,Baker/Packager,3,2,5,0,0,0
6454,Fresh,Bakery Lead,1,0,1,0,0,0
6454,Fresh,Café,3,3,6,0,-1,-1
6454,Fresh,Cake Decorator,3,1,4,0,-1,-1
6454,Fresh,Freezer/Cooler/Deli,3,3,6,0,0,0
6454,Fresh,HMS/Rotisserie,3,4,7,0,0,0
6454,Fresh,Meat Cutter/Wrapper,1,2,3,0,0,0
6454,Fresh,Meat Lead,1,0,1,0,0,0
6454,Fresh,Prepared Food Lead,1,0,1,0,0,0
6454,Fresh,Produce,2,4,6,0,1,1
6454,Fresh,Produce Lead,1,0,1,0,0,0
6454,Fresh,Senior Meat Cutter,3,1,4,0,0,0
6454,Member Team,Member Assist,3,6,9,0,0,0
6454,Member Team,Member Frontline,7,20,27,0,0,0
6454,Member Team,Member Specialist,7,4,11,0,1,1
6454,Member Team,Member Support,0,0,0,0,0,0
6454,Member Team,Member Team Lead,5,0,5,0,0,0
6454,Merchandising Team,Backroom Associate,5,0,5,0,0,0
6454,Merchandising Team,Forklift Driver,5,0,5,1,0,1
6454,Merchandising Team,Merchandising,12,11,23,1,0,1
6454,Merchandising Team,Merchandising Lead,4,0,4,0,0,0
6454,Personal Shopper,Personal Shopper,5,3,8,-1,2,1
6454,Personal Shopper,Personal Shopper Lead,1,0,1,0,0,0
6454,Specialty,Asset Protection,1,0,1,0,0,0
6454,Specialty,Fuel/Car Wash,2,1,3,0,0,0
6454,Specialty,Maintenance,3,2,5,0,0,0
6454,Specialty,Optical,1,1,2,0,0,0
6454,Specialty,Pharmacy Tech,2,1,3,0,0,0
6454,Specialty,TBC Lead,1,0,1,0,0,0
6454,Specialty,TBC Tire Tech,3,2,5,0,0,0
6657,Fresh,Baker/Packager,3,3,6,0,2,2
6657,Fresh,Bakery Lead,1,0,1,0,0,0
6657,Fresh,Café,3,2,5,0,-1,-1
6657,Fresh,Cake Decorator,2,2,4,0,0,0
6657,Fresh,Freezer/Cooler/Deli,3,2,5,0,0,0
6657,Fresh,HMS/Rotisserie,3,3,6,0,1,1
6657,Fresh,Meat Cutter/Wrapper,1,2,3,0,0,0
6657,Fresh,Meat Lead,1,0,1,0,0,0
6657,Fresh,Prepared Food Lead,1,0,1,0,0,0
6657,Fresh,Produce,3,5,8,0,1,1
6657,Fresh,Produce Lead,1,0,1,0,0,0
6657,Fresh,Senior Meat Cutter,3,1,4,0,0,0
6657,Member Team,Member Assist,3,4,7,0,0,0
6657,Member Team,Member Frontline,8,24,32,0,0,0
6657,Member Team,Member Specialist,8,3,11,0,0,0
6657,Member Team,Member Support,0,0,0,0,0,0
6657,Member Team,Member Team Lead,5,0,5,0,0,0
6657,Merchandising Team,Backroom Associate,4,0,4,0,0,0
6657,Merchandising Team,Forklift Driver,4,0,4,0,0,0
6657,Merchandising Team,Merchandising,9,12,21,1,0,1
6657,Merchandising Team,Merchandising Lead,4,0,4,0,0,0
6657,Personal Shopper,Personal Shopper,6,3,9,0,2,2
6657,Personal Shopper,Personal Shopper Lead,1,0,1,0,0,0
6657,Specialty,Fuel/Car Wash,2,1,3,0,0,0
6657,Specialty,Maintenance,3,2,5,0,0,0
6657,Specialty,Optical,2,0,2,0,0,0
6657,Specialty,Pharmacy Tech,1,2,3,0,0,0
6657,Specialty,TBC Lead,1,0,1,0,0,0
6657,Specialty,TBC Tire Tech,3,2,5,0,0,0
6659,Fresh,Baker/Packager,4,2,6,1,0,1
6659,Fresh,Bakery Lead,1,0,1,0,0,0
6659,Fresh,Café,3,4,7,0,0,0
6659,Fresh,Cake Decorator,3,2,5,0,0,0
6659,Fresh,Freezer/Cooler/Deli,3,3,6,0,1,1
6659,Fresh,HMS/Rotisserie,3,3,6,0,0,0
6659,Fresh,Meat Cutter/Wrapper,2,1,3,0,0,0
6659,Fresh,Meat Lead,1,0,1,0,0,0
6659,Fresh,Prepared Food Lead,1,0,1,0,0,0
6659,Fresh,Produce,3,4,7,0,1,1
6659,Fresh,Produce Lead,1,0,1,0,0,0
6659,Fresh,Senior Meat Cutter,5,1,6,0,1,1
6659,Member Team,Member Assist,4,6,10,0,0,0
6659,Member Team,Member Frontline,8,26,34,0,2,2
6659,Member Team,Member Specialist,8,5,13,0,2,2
6659,Member Team,Member Support,0,0,0,0,0,0
6659,Member Team,Member Team Lead,6,0,6,0,0,0
6659,Merchandising Team,Backroom Associate,5,0,5,0,0,0
6659,Merchandising Team,Forklift Driver,6,0,6,1,0,1
6659,Merchandising Team,Merchandising,12,13,25,-1,0,-1
6659,Merchandising Team,Merchandising Lead,4,0,4,0,0,0
6659,Personal Shopper,Personal Shopper,9,4,13,2,1,3
6659,Personal Shopper,Personal Shopper Lead,1,0,1,0,0,0
6659,Specialty,Fuel/Car Wash,2,1,3,0,0,0
6659,Specialty,Maintenance,3,3,6,0,0,0
6659,Specialty,Optical,1,1,2,0,0,0
6659,Specialty,Pharmacy Tech,3,2,5,0,0,0
6659,Specialty,TBC Lead,1,0,1,0,0,0
6659,Specialty,TBC Tire Tech,3,2,5,0,0,0
6660,Fresh,Baker/Packager,2,3,5,0,2,2
6660,Fresh,Bakery Lead,1,0,1,0,0,0
6660,Fresh,Café,2,5,7,0,1,1
6660,Fresh,Cake Decorator,2,2,4,0,0,0
6660,Fresh,Freezer/Cooler/Deli,3,1,4,0,0,0
6660,Fresh,HMS/Rotisserie,3,2,5,0,0,0
6660,Fresh,Meat Cutter/Wrapper,1,1,2,0,0,0
6660,Fresh,Meat Lead,1,0,1,0,0,0
6660,Fresh,Prepared Food Lead,1,0,1,0,0,0
6660,Fresh,Produce,2,3,5,0,1,1
6660,Fresh,Produce Lead,1,0,1,0,0,0
6660,Fresh,Senior Meat Cutter,3,1,4,0,0,0
6660,Member Team,Member Assist,3,4,7,0,0,0
6660,Member Team,Member Frontline,6,15,21,0,0,0
6660,Member Team,Member Specialist,5,3,8,0,0,0
6660,Member Team,Member Support,0,0,0,0,0,0
6660,Member Team,Member Team Lead,4,0,4,0,0,0
6660,Merchandising Team,Backroom Associate,4,0,4,0,0,0
6660,Merchandising Team,Forklift Driver,4,0,4,0,0,0
6660,Merchandising Team,Merchandising,9,9,18,0,0,0
6660,Merchandising Team,Merchandising Lead,4,0,4,0,0,0
6660,Personal Shopper,Personal Shopper,3,2,5,0,1,1
6660,Personal Shopper,Personal Shopper Lead,1,0,1,0,0,0
6660,Specialty,Fuel/Car Wash,2,1,3,0,0,0
6660,Specialty,Maintenance,2,2,4,0,0,0
6660,Specialty,Optical,2,0,2,0,0,0
6660,Specialty,Pharmacy Tech,3,2,5,0,0,0
6660,Specialty,TBC Lead,1,0,1,0,0,0
6660,Specialty,TBC Tire Tech,3,2,5,0,0,0
6662,Fresh,Baker/Packager,3,3,6,0,0,0
6662,Fresh,Bakery Lead,1,0,1,0,0,0
6662,Fresh,Café,3,3,6,0,0,0
6662,Fresh,Cake Decorator,3,2,5,0,0,0
6662,Fresh,Freezer/Cooler/Deli,3,3,6,0,0,0
6662,Fresh,HMS/Rotisserie,4,4,8,0,0,0
6662,Fresh,Meat Cutter/Wrapper,4,1,5,0,0,0
6662,Fresh,Meat Lead,1,0,1,0,0,0
6662,Fresh,Prepared Food Lead,1,0,1,0,0,0
6662,Fresh,Produce,3,3,6,1,0,1
6662,Fresh,Produce Lead,1,0,1,0,0,0
6662,Fresh,Senior Meat Cutter,4,1,5,0,0,0
6662,Member Team,Member Assist,3,6,9,0,0,0
6662,Member Team,Member Frontline,8,21,29,0,0,0
6662,Member Team,Member Specialist,6,5,11,1,1,2
6662,Member Team,Member Support,0,0,0,0,0,0
6662,Member Team,Member Team Lead,5,0,5,0,0,0
6662,Merchandising Team,Backroom Associate,5,0,5,0,0,0
6662,Merchandising Team,Forklift Driver,5,0,5,0,0,0
6662,Merchandising Team,Merchandising,11,11,22,1,0,1
6662,Merchandising Team,Merchandising Lead,4,0,4,0,0,0
6662,Personal Shopper,Personal Shopper,8,3,11,-1,2,1
6662,Personal Shopper,Personal Shopper Lead,1,0,1,0,0,0
6662,Specialty,Asset Protection,1,0,1,0,0,0
6662,Specialty,Fuel/Car Wash,2,1,3,0,0,0
6662,Specialty,Maintenance,3,2,5,0,0,0
6662,Specialty,Optical,2,0,2,0,0,0
6662,Specialty,Pharmacy Tech,3,1,4,0,0,0
6662,Specialty,TBC Lead,1,0,1,0,0,0
6662,Specialty,TBC Tire Tech,3,3,6,0,0,0
6664,Fresh,Baker/Packager,4,2,6,1,0,1
6664,Fresh,Bakery Lead,1,0,1,0,0,0
6664,Fresh,Café,3,4,7,0,0,0
6664,Fresh,Cake Decorator,3,1,4,0,0,0
6664,Fresh,Freezer/Cooler/Deli,3,2,5,0,0,0
6664,Fresh,HMS/Rotisserie,3,4,7,0,0,0
6664,Fresh,Meat Cutter/Wrapper,2,1,3,0,0,0
6664,Fresh,Meat Lead,1,0,1,0,0,0
6664,Fresh,Prepared Food Lead,1,0,1,0,0,0
6664,Fresh,Produce,3,4,7,0,1,1
6664,Fresh,Produce Lead,1,0,1,0,0,0
6664,Fresh,Senior Meat Cutter,5,1,6,0,1,1
6664,Member Team,Member Assist,5,5,10,0,0,0
6664,Member Team,Member Frontline,8,26,34,0,0,0
6664,Member Team,Member Specialist,8,5,13,0,1,1
6664,Member Team,Member Support,0,0,0,0,0,0
6664,Member Team,Member Team Lead,6,0,6,0,0,0
6664,Merchandising Team,Backroom Associate,5,0,5,0,0,0
6664,Merchandising Team,Forklift Driver,6,0,6,1,0,1
6664,Merchandising Team,Merchandising,13,14,27,2,1,3
6664,Merchandising Team,Merchandising Lead,4,0,4,0,0,0
6664,Personal Shopper,Personal Shopper,13,6,19,4,3,7
6664,Personal Shopper,Personal Shopper Lead,1,0,1,0,0,0
6664,Specialty,Asset Protection,1,0,1,0,0,0
6664,Specialty,Fuel/Car Wash,2,1,3,0,0,0
6664,Specialty,Maintenance,3,4,7,0,0,0
6664,Specialty,Optical,2,1,3,0,0,0
6664,Specialty,Pharmacy Tech,3,2,5,0,0,0
6664,Specialty,TBC Lead,1,0,1,0,0,0
6664,Specialty,TBC Tire Tech,4,1,5,0,0,0
6666,Fresh,Baker/Packager,4,4,8,1,2,3
6666,Fresh,Bakery Lead,1,0,1,0,0,0
6666,Fresh,Café,4,3,7,0,0,0
6666,Fresh,Cake Decorator,3,1,4,0,0,0
6666,Fresh,Freezer/Cooler/Deli,4,3,7,1,1,2
6666,Fresh,HMS/Rotisserie,4,3,7,0,0,0
6666,Fresh,Meat Cutter/Wrapper,4,1,5,0,0,0
6666,Fresh,Meat Lead,1,0,1,0,0,0
6666,Fresh,Prepared Food Lead,1,0,1,0,0,0
6666,Fresh,Produce,4,3,7,1,0,1
6666,Fresh,Produce Lead,1,0,1,0,0,0
6666,Fresh,Senior Meat Cutter,3,1,4,0,0,0
6666,Member Team,Member Assist,3,7,10,0,0,0
6666,Member Team,Member Frontline,7,18,25,0,0,0
6666,Member Team,Member Specialist,8,5,13,0,1,1
6666,Member Team,Member Support,0,0,0,0,0,0
6666,Member Team,Member Team Lead,5,0,5,0,0,0
6666,Merchandising Team,Backroom Associate,5,0,5,0,0,0
6666,Merchandising Team,Forklift Driver,5,0,5,0,0,0
6666,Merchandising Team,Merchandising,12,12,24,1,0,1
6666,Merchandising Team,Merchandising Lead,4,0,4,0,0,0
6666,Personal Shopper,Personal Shopper,7,4,11,-1,2,1
6666,Personal Shopper,Personal Shopper Lead,1,0,1,0,0,0
6666,Specialty,Asset Protection,0,0,0,0,0,0
6666,Specialty,Maintenance,3,3,6,0,0,0
6666,Specialty,Optical,2,1,3,0,0,0
6666,Specialty,Pharmacy Tech,3,2,5,0,0,0
6666,Specialty,TBC Lead,1,0,1,0,0,0
6666,Specialty,TBC Tire Tech,4,3,7,0,0,0
6667,Fresh,Baker/Packager,3,3,6,1,0,1
6667,Fresh,Bakery Lead,1,0,1,0,0,0
6667,Fresh,Café,2,5,7,0,1,1
6667,Fresh,Cake Decorator,2,1,3,0,0,0
6667,Fresh,Freezer/Cooler/Deli,3,1,4,0,0,0
6667,Fresh,HMS/Rotisserie,2,3,5,0,0,0
6667,Fresh,Meat Cutter/Wrapper,1,2,3,0,0,0
6667,Fresh,Meat Lead,1,0,1,0,0,0
6667,Fresh,Prepared Food Lead,1,0,1,0,0,0
6667,Fresh,Produce,2,4,6,0,1,1
6667,Fresh,Produce Lead,1,0,1,0,0,0
6667,Fresh,Senior Meat Cutter,3,1,4,0,0,0
6667,Member Team,Member Assist,4,3,7,0,0,0
6667,Member Team,Member Frontline,5,15,20,0,0,0
6667,Member Team,Member Specialist,6,3,9,0,1,1
6667,Member Team,Member Support,0,0,0,0,0,0
6667,Member Team,Member Team Lead,5,0,5,0,0,0
6667,Merchandising Team,Backroom Associate,4,0,4,0,0,0
6667,Merchandising Team,Forklift Driver,4,0,4,0,0,0
6667,Merchandising Team,Merchandising,8,8,16,0,0,0
6667,Merchandising Team,Merchandising Lead,4,0,4,0,0,0
6667,Personal Shopper,Personal Shopper,4,3,7,-1,2,1
6667,Personal Shopper,Personal Shopper Lead,1,0,1,0,0,0
6667,Specialty,Fuel/Car Wash,2,1,3,0,0,0
6667,Specialty,Maintenance,2,2,4,0,0,0
6667,Specialty,Optical,1,1,2,0,0,0
6667,Specialty,Pharmacy Tech,2,1,3,0,0,0
6667,Specialty,TBC Lead,1,0,1,0,0,0
6667,Specialty,TBC Tire Tech,4,2,6,0,0,0
8139,Fresh,Baker/Packager,3,1,4,0,0,0
8139,Fresh,Bakery Lead,1,0,1,0,0,0
8139,Fresh,Café,3,2,5,0,-1,-1
8139,Fresh,Cake Decorator,3,1,4,0,0,0
8139,Fresh,Freezer/Cooler/Deli,3,2,5,0,0,0
8139,Fresh,HMS/Rotisserie,4,2,6,0,0,0
8139,Fresh,Meat Cutter/Wrapper,2,3,5,0,0,0
8139,Fresh,Meat Lead,1,0,1,0,0,0
8139,Fresh,Prepared Food Lead,1,0,1,0,0,0
8139,Fresh,Produce,2,3,5,0,1,1
8139,Fresh,Produce Lead,1,0,1,0,0,0
8139,Fresh,Senior Meat Cutter,3,1,4,0,0,0
8139,Member Team,Member Assist,3,5,8,0,1,1
8139,Member Team,Member Frontline,6,18,24,0,0,0
8139,Member Team,Member Specialist,6,4,10,0,1,1
8139,Member Team,Member Support,0,0,0,0,0,0
8139,Member Team,Member Team Lead,5,0,5,0,0,0
8139,Merchandising Team,Backroom Associate,4,0,4,0,0,0
8139,Merchandising Team,Forklift Driver,5,0,5,1,0,1
8139,Merchandising Team,Merchandising,10,10,20,-1,0,-1
8139,Merchandising Team,Merchandising Lead,4,0,4,0,0,0
8139,Personal Shopper,Personal Shopper,6,4,10,-1,2,1
8139,Personal Shopper,Personal Shopper Lead,1,0,1,0,0,0
8139,Specialty,Fuel/Car Wash,2,1,3,0,0,0
8139,Specialty,Maintenance,3,1,4,0,0,0
8139,Specialty,Optical,2,1,3,0,0,0
8139,Specialty,Pharmacy Tech,2,1,3,0,0,0
8139,Specialty,TBC Lead,1,0,1,0,0,0
8139,Specialty,TBC Tire Tech,4,2,6,0,0,0
4750,Fresh,Baker/Packager,2,3,5,0,0,0
4750,Fresh,Bakery Lead,1,0,1,0,0,0
4750,Fresh,Café,2,3,5,0,-1,-1
4750,Fresh,Cake Decorator,2,1,3,0,0,0
4750,Fresh,Freezer/Cooler/Deli,3,1,4,0,0,0
4750,Fresh,HMS/Rotisserie,2,3,5,0,0,0
4750,Fresh,Meat Cutter/Wrapper,1,1,2,0,0,0
4750,Fresh,Meat Lead,1,0,1,0,0,0
4750,Fresh,Prepared Food Lead,1,0,1,0,0,0
4750,Fresh,Produce,2,3,5,0,1,1
4750,Fresh,Produce Lead,1,0,1,0,0,0
4750,Fresh,Senior Meat Cutter,3,1,4,0,0,0
4750,Member Team,Member Assist,2,4,6,0,1,1
4750,Member Team,Member Frontline,5,15,20,0,0,0
4750,Member Team,Member Specialist,5,3,8,0,0,0
4750,Member Team,Member Support,0,0,0,0,0,0
4750,Member Team,Member Team Lead,4,0,4,0,0,0
4750,Merchandising Team,Backroom Associate,4,0,4,0,0,0
4750,Merchandising Team,Forklift Driver,3,0,3,0,0,0
4750,Merchandising Team,Merchandising,8,8,16,0,0,0
4750,Merchandising Team,Merchandising Lead,4,0,4,0,0,0
4750,Personal Shopper,Personal Shopper,4,1,5,0,1,1
4750,Personal Shopper,Personal Shopper Lead,1,0,1,0,0,0
4750,Specialty,Fuel/Car Wash,2,1,3,0,0,0
4750,Specialty,Maintenance,2,2,4,0,0,0
4750,Specialty,Optical,2,0,2,0,0,0
4750,Specialty,Pharmacy Tech,1,2,3,0,0,0
4750,Specialty,TBC Lead,1,0,1,0,0,0
4750,Specialty,TBC Tire Tech,3,3,6,0,0,0
4846,Fresh,Baker/Packager,4,2,6,1,1,2
4846,Fresh,Bakery Lead,1,0,1,0,0,0
4846,Fresh,Café,3,3,6,0,-1,-1
4846,Fresh,Cake Decorator,2,3,5,0,1,1
4846,Fresh,Freezer/Cooler/Deli,4,2,6,1,0,1
4846,Fresh,HMS/Rotisserie,4,3,7,0,0,0
4846,Fresh,Meat Cutter/Wrapper,2,1,3,0,0,0
4846,Fresh,Meat Lead,1,0,1,0,0,0
4846,Fresh,Prepared Food Lead,1,0,1,0,0,0
4846,Fresh,Produce,3,3,6,0,1,1
4846,Fresh,Produce Lead,1,0,1,0,0,0
4846,Fresh,Senior Meat Cutter,4,1,5,0,1,1
4846,Member Team,Member Assist,3,5,8,0,1,1
4846,Member Team,Member Frontline,6,18,24,0,0,0
4846,Member Team,Member Specialist,6,4,10,0,1,1
4846,Member Team,Member Support,0,0,0,0,0,0
4846,Member Team,Member Team Lead,5,0,5,0,0,0
4846,Merchandising Team,Backroom Associate,4,0,4,0,0,0
4846,Merchandising Team,Forklift Driver,5,0,5,0,0,0
4846,Merchandising Team,Merchandising,10,10,20,0,0,0
4846,Merchandising Team,Merchandising Lead,4,0,4,0,0,0
4846,Personal Shopper,Personal Shopper,6,3,9,0,1,1
4846,Personal Shopper,Personal Shopper Lead,1,0,1,0,0,0
4846,Specialty,Fuel/Car Wash,2,1,3,0,0,0
4846,Specialty,Maintenance,3,2,5,0,0,0
4846,Specialty,Optical,1,1,2,0,0,0
4846,Specialty,Pharmacy Tech,2,1,3,0,0,0
4846,Specialty,TBC Lead,1,0,1,0,0,0
4846,Specialty,TBC Tire Tech,4,3,7,0,0,0
4847,Fresh,Baker/Packager,4,2,6,1,0,1
4847,Fresh,Bakery Lead,1,0,1,0,0,0
4847,Fresh,Café,3,4,7,0,0,0
4847,Fresh,Cake Decorator,3,2,5,0,0,0
4847,Fresh,Freezer/Cooler/Deli,4,2,6,1,0,1
4847,Fresh,HMS/Rotisserie,4,3,7,0,0,0
4847,Fresh,Meat Cutter/Wrapper,2,1,3,0,0,0
4847,Fresh,Meat Lead,1,0,1,0,0,0
4847,Fresh,Prepared Food Lead,1,0,1,0,0,0
4847,Fresh,Produce,4,3,7,0,1,1
4847,Fresh,Produce Lead,1,0,1,0,0,0
4847,Fresh,Senior Meat Cutter,4,1,5,0,0,0
4847,Member Team,Member Assist,4,4,8,0,0,0
4847,Member Team,Member Frontline,6,19,25,0,2,2
4847,Member Team,Member Specialist,6,5,11,0,1,1
4847,Member Team,Member Support,0,0,0,0,0,0
4847,Member Team,Member Team Lead,5,0,5,0,0,0
4847,Merchandising Team,Backroom Associate,5,0,5,1,0,1
4847,Merchandising Team,Forklift Driver,6,0,6,1,0,1
4847,Merchandising Team,Merchandising,13,12,25,0,0,0
4847,Merchandising Team,Merchandising Lead,4,0,4,0,0,0
4847,Personal Shopper,Personal Shopper,6,4,10,0,2,2
4847,Personal Shopper,Personal Shopper Lead,1,0,1,0,0,0
4847,Specialty,Fuel/Car Wash,2,1,3,0,0,0
4847,Specialty,Maintenance,3,2,5,0,0,0
4847,Specialty,Optical,1,1,2,0,0,0
4847,Specialty,Pharmacy Tech,1,2,3,0,0,0
4847,Specialty,TBC Lead,1,0,1,0,0,0
4847,Specialty,TBC Tire Tech,5,2,7,0,0,0
4936,Fresh,Baker/Packager,2,4,6,0,1,1
4936,Fresh,Bakery Lead,1,0,1,0,0,0
4936,Fresh,Café,3,3,6,1,-1,0
4936,Fresh,Cake Decorator,3,0,3,0,0,0
4936,Fresh,Freezer/Cooler/Deli,3,1,4,0,0,0
4936,Fresh,HMS/Rotisserie,3,3,6,0,0,0
4936,Fresh,Meat Cutter/Wrapper,1,2,3,0,0,0
4936,Fresh,Meat Lead,1,0,1,0,0,0
4936,Fresh,Prepared Food Lead,1,0,1,0,0,0
4936,Fresh,Produce,2,3,5,0,0,0
4936,Fresh,Produce Lead,1,0,1,0,0,0
4936,Fresh,Senior Meat Cutter,3,1,4,0,0,0
4936,Member Team,Member Assist,3,4,7,0,0,0
4936,Member Team,Member Frontline,6,16,22,0,0,0
4936,Member Team,Member Specialist,6,3,9,0,1,1
4936,Member Team,Member Support,0,0,0,0,0,0
4936,Member Team,Member Team Lead,5,0,5,0,0,0
4936,Merchandising Team,Backroom Associate,4,0,4,0,0,0
4936,Merchandising Team,Forklift Driver,5,0,5,1,0,1
4936,Merchandising Team,Merchandising,10,9,19,-1,1,0
4936,Merchandising Team,Merchandising Lead,4,0,4,0,0,0
4936,Personal Shopper,Personal Shopper,5,3,8,-1,2,1
4936,Personal Shopper,Personal Shopper Lead,1,0,1,0,0,0
4936,Specialty,Fuel/Car Wash,2,1,3,0,0,0
4936,Specialty,Maintenance,3,1,4,0,0,0
4936,Specialty,Optical,1,1,2,0,0,0
4936,Specialty,Pharmacy Tech,2,1,3,0,0,0
4936,Specialty,TBC Lead,1,0,1,0,0,0
4936,Specialty,TBC Tire Tech,5,2,7,0,0,0
6302,Fresh,Baker/Packager,3,2,5,0,1,1
6302,Fresh,Bakery Lead,1,0,1,0,0,0
6302,Fresh,Café,3,3,6,1,-1,0
6302,Fresh,Cake Decorator,3,1,4,0,0,0
6302,Fresh,Freezer/Cooler/Deli,3,2,5,0,1,1
6302,Fresh,HMS/Rotisserie,3,3,6,0,0,0
6302,Fresh,Meat Cutter/Wrapper,1,2,3,0,0,0
6302,Fresh,Meat Lead,1,0,1,0,0,0
6302,Fresh,Prepared Food Lead,1,0,1,0,0,0
6302,Fresh,Produce,2,4,6,0,1,1
6302,Fresh,Produce Lead,1,0,1,0,0,0
6302,Fresh,Senior Meat Cutter,4,1,5,0,0,0
6302,Member Team,Member Assist,3,4,7,0,1,1
6302,Member Team,Member Frontline,5,17,22,0,0,0
6302,Member Team,Member Specialist,6,3,9,0,0,0
6302,Member Team,Member Support,0,0,0,0,0,0
6302,Member Team,Member Team Lead,5,0,5,0,0,0
6302,Merchandising Team,Backroom Associate,4,0,4,0,0,0
6302,Merchandising Team,Forklift Driver,4,0,4,0,0,0
6302,Merchandising Team,Merchandising,10,7,17,0,0,0
6302,Merchandising Team,Merchandising Lead,4,0,4,0,0,0
6302,Personal Shopper,Personal Shopper,3,2,5,0,1,1
6302,Personal Shopper,Personal Shopper Lead,1,0,1,0,0,0
6302,Specialty,Asset Protection,1,0,1,0,0,0
6302,Specialty,Fuel/Car Wash,2,1,3,0,0,0
6302,Specialty,Maintenance,2,2,4,0,0,0
6302,Specialty,Optical,1,1,2,0,0,0
6302,Specialty,Pharmacy Tech,1,1,2,0,0,0
6302,Specialty,TBC Lead,1,0,1,0,0,0
6302,Specialty,TBC Tire Tech,3,3,6,0,0,0
6305,Fresh,Baker/Packager,4,4,8,1,1,2
6305,Fresh,Bakery Lead,1,0,1,0,0,0
6305,Fresh,Café,3,6,9,0,1,1
6305,Fresh,Cake Decorator,3,2,5,0,0,0
6305,Fresh,Freezer/Cooler/Deli,4,3,7,1,1,2
6305,Fresh,HMS/Rotisserie,4,2,6,0,0,0
6305,Fresh,Meat Cutter/Wrapper,2,1,3,0,0,0
6305,Fresh,Meat Lead,1,0,1,0,0,0
6305,Fresh,Prepared Food Lead,1,0,1,0,0,0
6305,Fresh,Produce,2,5,7,0,1,1
6305,Fresh,Produce Lead,1,0,1,0,0,0
6305,Fresh,Senior Meat Cutter,4,1,5,0,0,0
6305,Member Team,Member Assist,2,7,9,0,1,1
6305,Member Team,Member Frontline,7,19,26,0,0,0
6305,Member Team,Member Specialist,7,4,11,0,0,0
6305,Member Team,Member Support,0,0,0,0,0,0
6305,Member Team,Member Team Lead,5,0,5,0,0,0
6305,Merchandising Team,Backroom Associate,5,0,5,0,0,0
6305,Merchandising Team,Forklift Driver,6,0,6,1,0,1
6305,Merchandising Team,Merchandising,12,11,23,2,0,2
6305,Merchandising Team,Merchandising Lead,4,0,4,0,0,0
6305,Personal Shopper,Personal Shopper,6,4,10,-1,2,1
6305,Personal Shopper,Personal Shopper Lead,1,0,1,0,0,0
6305,Specialty,Fuel/Car Wash,2,1,3,0,0,0
6305,Specialty,Maintenance,3,3,6,0,0,0
6305,Specialty,Optical,1,1,2,0,0,0
6305,Specialty,Pharmacy Tech,2,0,2,0,0,0
6305,Specialty,TBC Lead,1,0,1,0,0,0
6305,Specialty,TBC Tire Tech,4,2,6,0,0,0
6314,Fresh,Baker/Packager,3,3,6,1,0,1
6314,Fresh,Bakery Lead,1,0,1,0,0,0
6314,Fresh,Café,3,4,7,0,-1,-1
6314,Fresh,Cake Decorator,3,1,4,0,0,0
6314,Fresh,Freezer/Cooler/Deli,3,2,5,0,0,0
6314,Fresh,HMS/Rotisserie,3,4,7,0,0,0
6314,Fresh,Meat Cutter/Wrapper,2,1,3,0,0,0
6314,Fresh,Meat Lead,1,0,1,0,0,0
6314,Fresh,Prepared Food Lead,1,0,1,0,0,0
6314,Fresh,Produce,2,4,6,0,1,1
6314,Fresh,Produce Lead,1,0,1,0,0,0
6314,Fresh,Senior Meat Cutter,4,1,5,0,0,0
6314,Member Team,Member Assist,3,4,7,0,1,1
6314,Member Team,Member Frontline,6,16,22,0,0,0
6314,Member Team,Member Specialist,6,3,9,0,0,0
6314,Member Team,Member Support,0,0,0,0,0,0
6314,Member Team,Member Team Lead,5,0,5,0,0,0
6314,Merchandising Team,Backroom Associate,4,0,4,0,0,0
6314,Merchandising Team,Forklift Driver,4,0,4,0,0,0
6314,Merchandising Team,Merchandising,10,9,19,0,1,1
6314,Merchandising Team,Merchandising Lead,4,0,4,0,0,0
6314,Personal Shopper,Personal Shopper,5,2,7,-1,2,1
6314,Personal Shopper,Personal Shopper Lead,1,0,1,0,0,0
6314,Specialty,Fuel/Car Wash,2,1,3,0,0,0
6314,Specialty,Maintenance,2,3,5,0,0,0
6314,Specialty,Optical,1,1,2,0,0,0
6314,Specialty,Pharmacy Tech,3,1,4,0,0,0
6314,Specialty,TBC Lead,1,0,1,0,0,0
6314,Specialty,TBC Tire Tech,4,1,5,0,0,0
6317,Fresh,Baker/Packager,4,4,8,1,2,3
6317,Fresh,Bakery Lead,1,0,1,0,0,0
6317,Fresh,Café,3,5,8,0,-1,-1
6317,Fresh,Cake Decorator,3,2,5,1,0,1
6317,Fresh,Freezer/Cooler/Deli,4,3,7,1,0,1
6317,Fresh,HMS/Rotisserie,5,5,10,0,0,0
6317,Fresh,Meat Cutter/Wrapper,4,1,5,0,0,0
6317,Fresh,Meat Lead,1,0,1,0,0,0
6317,Fresh,Prepared Food Lead,1,0,1,0,0,0
6317,Fresh,Produce,3,5,8,0,1,1
6317,Fresh,Produce Lead,1,0,1,0,0,0
6317,Fresh,Senior Meat Cutter,4,1,5,0,1,1
6317,Member Team,Member Assist,3,7,10,0,0,0
6317,Member Team,Member Frontline,7,20,27,0,3,3
6317,Member Team,Member Specialist,9,4,13,0,1,1
6317,Member Team,Member Support,0,0,0,0,0,0
6317,Member Team,Member Team Lead,6,0,6,0,0,0
6317,Merchandising Team,Backroom Associate,5,0,5,0,0,0
6317,Merchandising Team,Forklift Driver,6,0,6,0,0,0
6317,Merchandising Team,Merchandising,14,13,27,2,0,2
6317,Merchandising Team,Merchandising Lead,4,0,4,0,0,0
6317,Personal Shopper,Personal Shopper,10,4,14,-1,3,2
6317,Personal Shopper,Personal Shopper Lead,1,0,1,0,0,0
6317,Specialty,Fuel/Car Wash,2,1,3,0,0,0
6317,Specialty,Maintenance,3,3,6,0,0,0
6317,Specialty,Optical,2,0,2,0,0,0
6317,Specialty,Pharmacy Tech,3,1,4,0,0,0
6317,Specialty,TBC Lead,1,0,1,0,0,0
6317,Specialty,TBC Tire Tech,4,3,7,0,0,0
6322,Fresh,Baker/Packager,3,5,8,1,2,3
6322,Fresh,Bakery Lead,1,0,1,0,0,0
6322,Fresh,Café,3,5,8,0,1,1
6322,Fresh,Cake Decorator,3,1,4,0,1,1
6322,Fresh,Freezer/Cooler/Deli,4,2,6,1,0,1
6322,Fresh,HMS/Rotisserie,3,4,7,0,0,0
6322,Fresh,Meat Cutter/Wrapper,2,1,3,0,0,0
6322,Fresh,Meat Lead,1,0,1,0,0,0
6322,Fresh,Prepared Food Lead,1,0,1,0,0,0
6322,Fresh,Produce,2,4,6,0,1,1
6322,Fresh,Produce Lead,1,0,1,0,0,0
6322,Fresh,Senior Meat Cutter,4,1,5,0,0,0
6322,Member Team,Member Assist,3,5,8,0,0,0
6322,Member Team,Member Frontline,7,17,24,0,0,0
6322,Member Team,Member Specialist,7,4,11,0,0,0
6322,Member Team,Member Support,0,0,0,0,0,0
6322,Member Team,Member Team Lead,5,0,5,0,0,0
6322,Merchandising Team,Backroom Associate,5,0,5,0,0,0
6322,Merchandising Team,Forklift Driver,6,0,6,1,0,1
6322,Merchandising Team,Merchandising,13,12,25,0,1,1
6322,Merchandising Team,Merchandising Lead,4,0,4,0,0,0
6322,Personal Shopper,Personal Shopper,12,5,17,2,2,4
6322,Personal Shopper,Personal Shopper Lead,1,0,1,0,0,0
6322,Specialty,Fuel/Car Wash,2,1,3,0,0,0
6322,Specialty,Maintenance,3,2,5,0,0,0
6322,Specialty,Optical,1,1,2,0,0,0
6322,Specialty,Pharmacy Tech,1,2,3,0,0,0
6322,Specialty,TBC Lead,1,0,1,0,0,0
6322,Specialty,TBC Tire Tech,4,2,6,0,0,0
6327,Fresh,Baker/Packager,4,3,7,1,2,3
6327,Fresh,Bakery Lead,1,0,1,0,0,0
6327,Fresh,Café,3,3,6,0,0,0
6327,Fresh,Cake Decorator,3,1,4,0,0,0
6327,Fresh,Freezer/Cooler/Deli,4,2,6,1,0,1
6327,Fresh,HMS/Rotisserie,4,3,7,0,0,0
6327,Fresh,Meat Cutter/Wrapper,2,1,3,0,0,0
6327,Fresh,Meat Lead,1,0,1,0,0,0
6327,Fresh,Prepared Food Lead,1,0,1,0,0,0
6327,Fresh,Produce,2,5,7,0,1,1
6327,Fresh,Produce Lead,1,0,1,0,0,0
6327,Fresh,Senior Meat Cutter,4,1,5,0,0,0
6327,Member Team,Member Assist,3,6,9,0,1,1
6327,Member Team,Member Frontline,7,20,27,0,0,0
6327,Member Team,Member Specialist,6,3,9,0,0,0
6327,Member Team,Member Support,0,0,0,0,0,0
6327,Member Team,Member Team Lead,5,0,5,0,0,0
6327,Merchandising Team,Backroom Associate,5,0,5,1,0,1
6327,Merchandising Team,Forklift Driver,5,0,5,0,0,0
6327,Merchandising Team,Merchandising,12,11,23,1,0,1
6327,Merchandising Team,Merchandising Lead,4,0,4,0,0,0
6327,Personal Shopper,Personal Shopper,5,3,8,-1,2,1
6327,Personal Shopper,Personal Shopper Lead,1,0,1,0,0,0
6327,Specialty,Fuel/Car Wash,2,1,3,0,0,0
6327,Specialty,Maintenance,3,2,5,0,0,0
6327,Specialty,Optical,1,1,2,0,0,0
6327,Specialty,Pharmacy Tech,3,2,5,0,0,0
6327,Specialty,TBC Lead,1,0,1,0,0,0
6327,Specialty,TBC Tire Tech,5,3,8,0,0,0
6404,Fresh,Baker/Packager,3,3,6,1,0,1
6404,Fresh,Bakery Lead,1,0,1,0,0,0
6404,Fresh,Café,2,3,5,0,-1,-1
6404,Fresh,Cake Decorator,2,3,5,0,1,1
6404,Fresh,Freezer/Cooler/Deli,3,1,4,0,0,0
6404,Fresh,HMS/Rotisserie,3,4,7,0,0,0
6404,Fresh,Meat Cutter/Wrapper,1,1,2,0,0,0
6404,Fresh,Meat Lead,1,0,1,0,0,0
6404,Fresh,Prepared Food Lead,1,0,1,0,0,0
6404,Fresh,Produce,3,3,6,0,1,1
6404,Fresh,Produce Lead,1,0,1,0,0,0
6404,Fresh,Senior Meat Cutter,4,1,5,0,0,0
6404,Member Team,Member Assist,3,4,7,0,0,0
6404,Member Team,Member Frontline,5,17,22,0,0,0
6404,Member Team,Member Specialist,6,2,8,0,0,0
6404,Member Team,Member Support,0,0,0,0,0,0
6404,Member Team,Member Team Lead,5,0,5,0,0,0
6404,Merchandising Team,Backroom Associate,4,0,4,0,0,0
6404,Merchandising Team,Forklift Driver,5,0,5,1,0,1
6404,Merchandising Team,Merchandising,10,9,19,-1,0,-1
6404,Merchandising Team,Merchandising Lead,4,0,4,0,0,0
6404,Personal Shopper,Personal Shopper,4,2,6,0,1,1
6404,Personal Shopper,Personal Shopper Lead,1,0,1,0,0,0
6404,Specialty,Maintenance,3,0,3,0,0,0
6404,Specialty,Optical,2,0,2,0,0,0
6404,Specialty,Pharmacy Tech,2,0,2,0,0,0
6404,Specialty,TBC Lead,1,0,1,0,0,0
6404,Specialty,TBC Tire Tech,4,2,6,0,0,0
6575,Fresh,Baker/Packager,4,2,6,1,0,1
6575,Fresh,Bakery Lead,1,0,1,0,0,0
6575,Fresh,Café,3,2,5,0,-1,-1
6575,Fresh,Cake Decorator,2,2,4,0,0,0
6575,Fresh,Freezer/Cooler/Deli,4,2,6,1,0,1
6575,Fresh,HMS/Rotisserie,3,4,7,0,1,1
6575,Fresh,Meat Cutter/Wrapper,2,1,3,0,0,0
6575,Fresh,Meat Lead,1,0,1,0,0,0
6575,Fresh,Prepared Food Lead,1,0,1,0,0,0
6575,Fresh,Produce,3,3,6,0,1,1
6575,Fresh,Produce Lead,1,0,1,0,0,0
6575,Fresh,Senior Meat Cutter,4,1,5,0,0,0
6575,Member Team,Member Assist,4,4,8,0,0,0
6575,Member Team,Member Frontline,5,17,22,0,0,0
6575,Member Team,Member Specialist,6,3,9,0,0,0
6575,Member Team,Member Support,0,0,0,0,0,0
6575,Member Team,Member Team Lead,5,0,5,0,0,0
6575,Merchandising Team,Backroom Associate,4,0,4,0,0,0
6575,Merchandising Team,Forklift Driver,5,0,5,0,0,0
6575,Merchandising Team,Merchandising,11,10,21,0,0,0
6575,Merchandising Team,Merchandising Lead,4,0,4,0,0,0
6575,Personal Shopper,Personal Shopper,8,4,12,-1,2,1
6575,Personal Shopper,Personal Shopper Lead,1,0,1,0,0,0
6575,Specialty,Fuel/Car Wash,2,1,3,0,0,0
6575,Specialty,Maintenance,3,2,5,0,0,0
6575,Specialty,Optical,1,1,2,0,0,0
6575,Specialty,Pharmacy Tech,1,2,3,0,0,0
6575,Specialty,TBC Lead,1,0,1,0,0,0
6575,Specialty,TBC Tire Tech,4,3,7,0,0,0
6677,Fresh,Baker/Packager,3,2,5,0,0,0
6677,Fresh,Bakery Lead,1,0,1,0,0,0
6677,Fresh,Café,2,4,6,0,-1,-1
6677,Fresh,Cake Decorator,3,2,5,0,0,0
6677,Fresh,Freezer/Cooler/Deli,3,2,5,0,0,0
6677,Fresh,HMS/Rotisserie,3,4,7,0,0,0
6677,Fresh,Meat Cutter/Wrapper,2,1,3,0,0,0
6677,Fresh,Meat Lead,1,0,1,0,0,0
6677,Fresh,Prepared Food Lead,1,0,1,0,0,0
6677,Fresh,Produce,3,3,6,0,1,1
6677,Fresh,Produce Lead,1,0,1,0,0,0
6677,Fresh,Senior Meat Cutter,3,1,4,0,0,0
6677,Member Team,Member Assist,3,5,8,0,1,1
6677,Member Team,Member Frontline,5,17,22,0,0,0
6677,Member Team,Member Specialist,6,4,10,0,0,0
6677,Member Team,Member Support,0,0,0,0,0,0
6677,Member Team,Member Team Lead,5,0,5,0,0,0
6677,Merchandising Team,Backroom Associate,4,0,4,0,0,0
6677,Merchandising Team,Forklift Driver,5,0,5,1,0,1
6677,Merchandising Team,Merchandising,10,9,19,-1,0,-1
6677,Merchandising Team,Merchandising Lead,4,0,4,0,0,0
6677,Personal Shopper,Personal Shopper,4,3,7,-1,2,1
6677,Personal Shopper,Personal Shopper Lead,1,0,1,0,0,0
6677,Specialty,Fuel/Car Wash,2,1,3,0,0,0
6677,Specialty,Maintenance,3,1,4,0,0,0
6677,Specialty,Optical,1,1,2,0,0,0
6677,Specialty,Pharmacy Tech,1,2,3,0,0,0
6677,Specialty,TBC Lead,1,0,1,0,0,0
6677,Specialty,TBC Tire Tech,4,2,6,0,0,0
6678,Fresh,Baker/Packager,3,2,5,0,1,1
6678,Fresh,Bakery Lead,1,0,1,0,0,0
6678,Fresh,Café,3,5,8,0,-1,-1
6678,Fresh,Cake Decorator,3,1,4,0,0,0
6678,Fresh,Freezer/Cooler/Deli,3,2,5,0,0,0
6678,Fresh,HMS/Rotisserie,4,2,6,0,0,0
6678,Fresh,Meat Cutter/Wrapper,2,1,3,0,0,0
6678,Fresh,Meat Lead,1,0,1,0,0,0
6678,Fresh,Prepared Food Lead,1,0,1,0,0,0
6678,Fresh,Produce,3,4,7,0,1,1
6678,Fresh,Produce Lead,1,0,1,0,0,0
6678,Fresh,Senior Meat Cutter,4,1,5,0,0,0
6678,Member Team,Member Assist,4,4,8,0,0,0
6678,Member Team,Member Frontline,6,16,22,0,0,0
6678,Member Team,Member Specialist,8,2,10,0,0,0
6678,Member Team,Member Support,0,0,0,0,0,0
6678,Member Team,Member Team Lead,5,0,5,0,0,0
6678,Merchandising Team,Backroom Associate,4,0,4,0,0,0
6678,Merchandising Team,Forklift Driver,5,0,5,0,0,0
6678,Merchandising Team,Merchandising,11,10,21,0,0,0
6678,Merchandising Team,Merchandising Lead,4,0,4,0,0,0
6678,Personal Shopper,Personal Shopper,7,3,10,0,1,1
6678,Personal Shopper,Personal Shopper Lead,1,0,1,0,0,0
6678,Specialty,Fuel/Car Wash,2,1,3,0,0,0
6678,Specialty,Maintenance,3,2,5,0,0,0
6678,Specialty,Optical,2,0,2,0,0,0
6678,Specialty,Pharmacy Tech,3,1,4,0,0,0
6678,Specialty,TBC Lead,1,0,1,0,0,0
6678,Specialty,TBC Tire Tech,4,2,6,0,0,0
6679,Fresh,Baker/Packager,3,3,6,0,0,0
6679,Fresh,Bakery Lead,1,0,1,0,0,0
6679,Fresh,Café,4,3,7,0,-1,-1
6679,Fresh,Cake Decorator,3,2,5,0,0,0
6679,Fresh,Freezer/Cooler/Deli,4,3,7,1,1,2
6679,Fresh,HMS/Rotisserie,3,4,7,0,0,0
6679,Fresh,Meat Cutter/Wrapper,2,1,3,0,0,0
6679,Fresh,Meat Lead,1,0,1,0,0,0
6679,Fresh,Prepared Food Lead,1,0,1,0,0,0
6679,Fresh,Produce,3,3,6,0,1,1
6679,Fresh,Produce Lead,1,0,1,0,0,0
6679,Fresh,Senior Meat Cutter,4,1,5,0,0,0
6679,Member Team,Member Assist,3,5,8,0,0,0
6679,Member Team,Member Frontline,6,17,23,0,0,0
6679,Member Team,Member Specialist,8,4,12,0,1,1
6679,Member Team,Member Support,0,0,0,0,0,0
6679,Member Team,Member Team Lead,5,0,5,0,0,0
6679,Merchandising Team,Backroom Associate,5,0,5,1,0,1
6679,Merchandising Team,Forklift Driver,6,0,6,1,0,1
6679,Merchandising Team,Merchandising,12,11,23,-1,1,0
6679,Merchandising Team,Merchandising Lead,4,0,4,0,0,0
6679,Personal Shopper,Personal Shopper,4,2,6,0,0,0
6679,Personal Shopper,Personal Shopper Lead,1,0,1,0,0,0
6679,Specialty,Asset Protection,1,0,1,0,0,0
6679,Specialty,Fuel/Car Wash,2,1,3,0,0,0
6679,Specialty,Maintenance,3,1,4,0,0,0
6679,Specialty,Optical,1,1,2,0,0,0
6679,Specialty,Pharmacy Tech,3,1,4,0,0,0
6679,Specialty,TBC Lead,1,0,1,0,0,0
6679,Specialty,TBC Tire Tech,4,2,6,0,0,0
8189,Fresh,Baker/Packager,0,1,1,0,1,1
8189,Fresh,Café,2,4,6,0,0,0
8189,Fresh,Cake Decorator,0,0,0,0,0,0
8189,Fresh,Freezer/Cooler/Deli,3,1,4,0,0,0
8189,Fresh,HMS/Rotisserie,2,3,5,0,0,0
8189,Fresh,Meat Cutter/Wrapper,1,2,3,0,0,0
8189,Fresh,Meat Lead,1,0,1,0,0,0
8189,Fresh,Prepared Food Lead,1,0,1,0,0,0
8189,Fresh,Produce,2,3,5,0,1,1
8189,Fresh,Produce Lead,1,0,1,0,0,0
8189,Fresh,Senior Meat Cutter,3,1,4,0,0,0
8189,Member Team,Member Assist,3,4,7,0,0,0
8189,Member Team,Member Frontline,6,17,23,0,0,0
8189,Member Team,Member Specialist,6,2,8,0,0,0
8189,Member Team,Member Support,0,0,0,0,0,0
8189,Member Team,Member Team Lead,5,0,5,0,0,0
8189,Merchandising Team,Backroom Associate,4,0,4,0,0,0
8189,Merchandising Team,Forklift Driver,4,0,4,0,0,0
8189,Merchandising Team,Merchandising,9,9,18,0,0,0
8189,Merchandising Team,Merchandising Lead,4,0,4,0,0,0
8189,Personal Shopper,Personal Shopper,6,4,10,-1,2,1
8189,Personal Shopper,Personal Shopper Lead,1,0,1,0,0,0
8189,Specialty,Fuel/Car Wash,2,1,3,0,0,0
8189,Specialty,Maintenance,3,0,3,0,0,0
8189,Specialty,Optical,1,1,2,0,0,0
8189,Specialty,Pharmacy Tech,1,2,3,0,0,0
8189,Specialty,TBC Lead,1,0,1,0,0,0
8189,Specialty,TBC Tire Tech,6,3,9,0,0,0
4710,Fresh,Baker/Packager,2,2,4,0,1,1
4710,Fresh,Bakery Lead,1,0,1,0,0,0
4710,Fresh,Café,2,5,7,0,0,0
4710,Fresh,Cake Decorator,2,1,3,0,0,0
4710,Fresh,Freezer/Cooler/Deli,3,1,4,0,0,0
4710,Fresh,HMS/Rotisserie,3,3,6,0,0,0
4710,Fresh,Meat Cutter/Wrapper,1,1,2,0,0,0
4710,Fresh,Meat Lead,1,0,1,0,0,0
4710,Fresh,Prepared Food Lead,1,0,1,0,0,0
4710,Fresh,Produce,2,2,4,0,0,0
4710,Fresh,Produce Lead,1,0,1,0,0,0
4710,Fresh,Senior Meat Cutter,3,1,4,0,0,0
4710,Member Team,Member Assist,2,4,6,0,0,0
4710,Member Team,Member Frontline,5,14,19,0,0,0
4710,Member Team,Member Specialist,5,3,8,0,0,0
4710,Member Team,Member Support,0,0,0,0,0,0
4710,Member Team,Member Team Lead,4,0,4,0,0,0
4710,Merchandising Team,Backroom Associate,4,0,4,0,0,0
4710,Merchandising Team,Forklift Driver,4,0,4,0,0,0
4710,Merchandising Team,Merchandising,8,9,17,0,1,1
4710,Merchandising Team,Merchandising Lead,4,0,4,0,0,0
4710,Personal Shopper,Personal Shopper,3,2,5,0,1,1
4710,Personal Shopper,Personal Shopper Lead,1,0,1,0,0,0
4710,Specialty,Fuel/Car Wash,2,1,3,0,0,0
4710,Specialty,Maintenance,2,2,4,0,0,0
4710,Specialty,Optical,1,1,2,0,0,0
4710,Specialty,Pharmacy Tech,2,1,3,0,0,0
4710,Specialty,TBC Lead,1,0,1,0,0,0
4710,Specialty,TBC Tire Tech,4,2,6,0,0,0
4711,Fresh,Baker/Packager,2,3,5,0,0,0
4711,Fresh,Bakery Lead,1,0,1,0,0,0
4711,Fresh,Café,3,6,9,0,0,0
4711,Fresh,Cake Decorator,3,1,4,0,0,0
4711,Fresh,Freezer/Cooler/Deli,3,2,5,0,0,0
4711,Fresh,HMS/Rotisserie,5,3,8,0,0,0
4711,Fresh,Meat Cutter/Wrapper,4,1,5,0,0,0
4711,Fresh,Meat Lead,1,0,1,0,0,0
4711,Fresh,Prepared Food Lead,1,0,1,0,0,0
4711,Fresh,Produce,3,3,6,0,1,1
4711,Fresh,Produce Lead,1,0,1,0,0,0
4711,Fresh,Senior Meat Cutter,3,1,4,0,0,0
4711,Member Team,Member Assist,3,5,8,0,1,1
4711,Member Team,Member Frontline,6,16,22,0,0,0
4711,Member Team,Member Specialist,6,4,10,0,0,0
4711,Member Team,Member Support,0,0,0,0,0,0
4711,Member Team,Member Team Lead,5,0,5,0,0,0
4711,Merchandising Team,Backroom Associate,4,0,4,0,0,0
4711,Merchandising Team,Forklift Driver,4,0,4,0,0,0
4711,Merchandising Team,Merchandising,10,10,20,0,2,2
4711,Merchandising Team,Merchandising Lead,4,0,4,0,0,0
4711,Personal Shopper,Personal Shopper,6,4,10,-1,2,1
4711,Personal Shopper,Personal Shopper Lead,1,0,1,0,0,0
4711,Specialty,Fuel/Car Wash,2,1,3,0,0,0
4711,Specialty,Maintenance,3,1,4,0,0,0
4711,Specialty,Optical,2,0,2,0,0,0
4711,Specialty,Pharmacy Tech,3,2,5,0,0,0
4711,Specialty,TBC Lead,1,0,1,0,0,0
4711,Specialty,TBC Tire Tech,5,4,9,0,0,0
4711,Specialty,Wholesale Trading,4,0,4,0,0,0
4711,Specialty,Wholesale Trading Lead,2,0,2,0,0,0
4798,Fresh,Baker/Packager,2,2,4,0,1,1
4798,Fresh,Bakery Lead,1,0,1,0,0,0
4798,Fresh,Café,2,5,7,0,1,1
4798,Fresh,Cake Decorator,2,1,3,0,0,0
4798,Fresh,Freezer/Cooler/Deli,3,1,4,0,0,0
4798,Fresh,HMS/Rotisserie,2,3,5,0,0,0
4798,Fresh,Meat Cutter/Wrapper,1,2,3,0,0,0
4798,Fresh,Meat Lead,1,0,1,0,0,0
4798,Fresh,Prepared Food Lead,1,0,1,0,0,0
4798,Fresh,Produce,2,3,5,0,1,1
4798,Fresh,Produce Lead,1,0,1,0,0,0
4798,Fresh,Senior Meat Cutter,3,2,5,0,0,0
4798,Member Team,Member Assist,3,3,6,0,0,0
4798,Member Team,Member Frontline,6,16,22,0,0,0
4798,Member Team,Member Specialist,5,3,8,0,0,0
4798,Member Team,Member Support,0,0,0,0,0,0
4798,Member Team,Member Team Lead,4,0,4,0,0,0
4798,Merchandising Team,Backroom Associate,4,0,4,0,0,0
4798,Merchandising Team,Forklift Driver,4,0,4,0,0,0
4798,Merchandising Team,Merchandising,10,9,19,0,0,0
4798,Merchandising Team,Merchandising Lead,4,0,4,0,0,0
4798,Personal Shopper,Personal Shopper Lead,1,0,1,0,0,0
4798,Specialty,Fuel/Car Wash,2,1,3,0,0,0
4798,Specialty,Maintenance,2,2,4,0,0,0
4798,Specialty,Optical,2,0,2,0,0,0
4798,Specialty,Pharmacy Tech,3,2,5,0,0,0
4798,Specialty,TBC Lead,1,0,1,0,0,0
4798,Specialty,TBC Tire Tech,3,2,5,0,0,0
4860,Fresh,Baker/Packager,2,3,5,0,2,2
4860,Fresh,Bakery Lead,1,0,1,0,0,0
4860,Fresh,Café,2,5,7,0,2,2
4860,Fresh,Cake Decorator,2,1,3,0,0,0
4860,Fresh,Freezer/Cooler/Deli,3,1,4,0,0,0
4860,Fresh,HMS/Rotisserie,2,2,4,0,0,0
4860,Fresh,Meat Cutter/Wrapper,1,2,3,0,0,0
4860,Fresh,Meat Lead,1,0,1,0,0,0
4860,Fresh,Prepared Food Lead,1,0,1,0,0,0
4860,Fresh,Produce,2,2,4,0,0,0
4860,Fresh,Produce Lead,1,0,1,0,0,0
4860,Fresh,Senior Meat Cutter,3,1,4,0,0,0
4860,Member Team,Member Assist,2,5,7,0,1,1
4860,Member Team,Member Frontline,5,17,22,0,0,0
4860,Member Team,Member Specialist,5,3,8,0,0,0
4860,Member Team,Member Support,0,0,0,0,0,0
4860,Member Team,Member Team Lead,4,0,4,0,0,0
4860,Merchandising Team,Backroom Associate,4,0,4,0,0,0
4860,Merchandising Team,Forklift Driver,4,0,4,0,0,0
4860,Merchandising Team,Merchandising,9,8,17,0,0,0
4860,Merchandising Team,Merchandising Lead,4,0,4,0,0,0
4860,Personal Shopper,Personal Shopper,4,1,5,0,0,0
4860,Personal Shopper,Personal Shopper Lead,1,0,1,0,0,0
4860,Specialty,Fuel/Car Wash,2,1,3,0,0,0
4860,Specialty,Maintenance,2,2,4,0,0,0
4860,Specialty,Optical,1,1,2,0,0,0
4860,Specialty,Pharmacy Tech,2,1,3,0,0,0
4860,Specialty,TBC Lead,1,0,1,0,0,0
4860,Specialty,TBC Tire Tech,3,3,6,0,0,0
4996,Fresh,Baker/Packager,2,3,5,0,2,2
4996,Fresh,Bakery Lead,1,0,1,0,0,0
4996,Fresh,Café,3,3,6,1,-1,0
4996,Fresh,Cake Decorator,3,0,3,0,0,0
4996,Fresh,Freezer/Cooler/Deli,3,1,4,0,0,0
4996,Fresh,HMS/Rotisserie,2,3,5,0,0,0
4996,Fresh,Meat Cutter/Wrapper,1,2,3,0,0,0
4996,Fresh,Meat Lead,1,0,1,0,0,0
4996,Fresh,Prepared Food Lead,1,0,1,0,0,0
4996,Fresh,Produce,2,2,4,0,0,0
4996,Fresh,Produce Lead,1,0,1,0,0,0
4996,Fresh,Senior Meat Cutter,3,1,4,0,0,0
4996,Member Team,Member Assist,2,4,6,0,0,0
4996,Member Team,Member Frontline,5,14,19,0,0,0
4996,Member Team,Member Specialist,8,2,10,0,0,0
4996,Member Team,Member Support,0,0,0,0,0,0
4996,Member Team,Member Team Lead,4,0,4,0,0,0
4996,Merchandising Team,Backroom Associate,4,0,4,0,0,0
4996,Merchandising Team,Forklift Driver,4,0,4,0,0,0
4996,Merchandising Team,Merchandising,9,8,17,0,1,1
4996,Merchandising Team,Merchandising Lead,4,0,4,0,0,0
4996,Personal Shopper,Personal Shopper,3,2,5,-1,2,1
4996,Personal Shopper,Personal Shopper Lead,1,0,1,0,0,0
4996,Specialty,Fuel/Car Wash,2,2,4,0,0,0
4996,Specialty,Maintenance,2,2,4,0,0,0
4996,Specialty,Optical,1,1,2,0,0,0
4996,Specialty,Pharmacy Tech,5,3,8,0,0,0
4996,Specialty,TBC Lead,1,0,1,0,0,0
4996,Specialty,TBC Tire Tech,3,2,5,0,0,0
6343,Fresh,Baker/Packager,2,3,5,0,0,0
6343,Fresh,Bakery Lead,1,0,1,0,0,0
6343,Fresh,Café,3,4,7,1,-1,0
6343,Fresh,Cake Decorator,3,0,3,0,-1,-1
6343,Fresh,Freezer/Cooler/Deli,3,1,4,0,0,0
6343,Fresh,HMS/Rotisserie,3,3,6,0,0,0
6343,Fresh,Meat Cutter/Wrapper,1,1,2,0,0,0
6343,Fresh,Meat Lead,1,0,1,0,0,0
6343,Fresh,Prepared Food Lead,1,0,1,0,0,0
6343,Fresh,Produce,2,3,5,0,0,0
6343,Fresh,Produce Lead,1,0,1,0,0,0
6343,Fresh,Senior Meat Cutter,3,1,4,0,0,0
6343,Member Team,Member Assist,4,3,7,0,0,0
6343,Member Team,Member Frontline,5,16,21,0,0,0
6343,Member Team,Member Specialist,7,4,11,0,0,0
6343,Member Team,Member Support,0,0,0,0,0,0
6343,Member Team,Member Team Lead,5,0,5,0,0,0
6343,Merchandising Team,Backroom Associate,4,0,4,0,0,0
6343,Merchandising Team,Forklift Driver,4,0,4,0,0,0
6343,Merchandising Team,Merchandising,9,10,19,0,0,0
6343,Merchandising Team,Merchandising Lead,4,0,4,0,0,0
6343,Personal Shopper,Personal Shopper,6,4,10,-1,2,1
6343,Personal Shopper,Personal Shopper Lead,1,0,1,0,0,0
6343,Specialty,Fuel/Car Wash,2,3,5,0,0,0
6343,Specialty,Maintenance,3,1,4,0,0,0
6343,Specialty,Optical,1,1,2,0,0,0
6343,Specialty,Pharmacy Tech,2,1,3,0,0,0
6343,Specialty,TBC Lead,1,0,1,0,0,0
6343,Specialty,TBC Tire Tech,5,2,7,0,0,0
6351,Fresh,Baker/Packager,3,3,6,1,0,1
6351,Fresh,Bakery Lead,1,0,1,0,0,0
6351,Fresh,Café,4,4,8,0,-1,-1
6351,Fresh,Cake Decorator,2,2,4,0,0,0
6351,Fresh,Freezer/Cooler/Deli,3,2,5,0,0,0
6351,Fresh,HMS/Rotisserie,3,4,7,0,0,0
6351,Fresh,Meat Cutter/Wrapper,1,2,3,0,0,0
6351,Fresh,Meat Lead,1,0,1,0,0,0
6351,Fresh,Prepared Food Lead,1,0,1,0,0,0
6351,Fresh,Produce,3,2,5,0,0,0
6351,Fresh,Produce Lead,1,0,1,0,0,0
6351,Fresh,Senior Meat Cutter,4,1,5,0,0,0
6351,Member Team,Member Assist,3,5,8,0,0,0
6351,Member Team,Member Frontline,7,17,24,0,0,0
6351,Member Team,Member Specialist,7,3,10,0,0,0
6351,Member Team,Member Support,0,0,0,0,0,0
6351,Member Team,Member Team Lead,5,0,5,0,0,0
6351,Merchandising Team,Backroom Associate,4,0,4,0,0,0
6351,Merchandising Team,Forklift Driver,5,0,5,0,0,0
6351,Merchandising Team,Merchandising,11,9,20,0,0,0
6351,Merchandising Team,Merchandising Lead,4,0,4,0,0,0
6351,Personal Shopper,Personal Shopper,8,5,13,2,3,5
6351,Personal Shopper,Personal Shopper Lead,1,0,1,0,0,0
6351,Specialty,Fuel/Car Wash,2,1,3,0,0,0
6351,Specialty,Maintenance,3,2,5,0,0,0
6351,Specialty,Optical,2,2,4,0,0,0
6351,Specialty,Pharmacy Tech,2,1,3,0,0,0
6351,Specialty,TBC Lead,1,0,1,0,0,0
6351,Specialty,TBC Tire Tech,5,1,6,0,0,0
6354,Fresh,Baker/Packager,2,3,5,0,0,0
6354,Fresh,Bakery Lead,1,0,1,0,0,0
6354,Fresh,Café,2,4,6,0,0,0
6354,Fresh,Cake Decorator,2,2,4,0,0,0
6354,Fresh,Freezer/Cooler/Deli,3,1,4,0,0,0
6354,Fresh,HMS/Rotisserie,3,3,6,0,0,0
6354,Fresh,Meat Cutter/Wrapper,4,1,5,0,0,0
6354,Fresh,Meat Lead,1,0,1,0,0,0
6354,Fresh,Prepared Food Lead,1,0,1,0,0,0
6354,Fresh,Produce,2,4,6,0,1,1
6354,Fresh,Produce Lead,1,0,1,0,0,0
6354,Fresh,Senior Meat Cutter,3,1,4,0,0,0
6354,Member Team,Member Assist,3,4,7,0,0,0
6354,Member Team,Member Frontline,5,16,21,0,0,0
6354,Member Team,Member Specialist,6,3,9,0,0,0
6354,Member Team,Member Support,0,0,0,0,0,0
6354,Member Team,Member Team Lead,5,0,5,0,0,0
6354,Merchandising Team,Backroom Associate,4,0,4,0,0,0
6354,Merchandising Team,Forklift Driver,4,0,4,0,0,0
6354,Merchandising Team,Merchandising,9,9,18,0,1,1
6354,Merchandising Team,Merchandising Lead,4,0,4,0,0,0
6354,Personal Shopper,Personal Shopper,6,2,8,0,0,0
6354,Personal Shopper,Personal Shopper Lead,1,0,1,0,0,0
6354,Specialty,Fuel/Car Wash,2,1,3,0,0,0
6354,Specialty,Maintenance,2,2,4,0,0,0
6354,Specialty,Optical,2,0,2,0,0,0
6354,Specialty,Pharmacy Tech,1,1,2,0,0,0
6354,Specialty,TBC Lead,1,0,1,0,0,0
6354,Specialty,TBC Tire Tech,4,3,7,0,0,0
6365,Fresh,Baker/Packager,2,3,5,0,0,0
6365,Fresh,Bakery Lead,1,0,1,0,0,0
6365,Fresh,Café,3,5,8,0,1,1
6365,Fresh,Cake Decorator,1,2,3,-1,1,0
6365,Fresh,Freezer/Cooler/Deli,3,1,4,0,0,0
6365,Fresh,HMS/Rotisserie,2,3,5,0,0,0
6365,Fresh,Meat Cutter/Wrapper,1,1,2,0,0,0
6365,Fresh,Meat Lead,1,0,1,0,0,0
6365,Fresh,Prepared Food Lead,1,0,1,0,0,0
6365,Fresh,Produce,3,2,5,0,0,0
6365,Fresh,Produce Lead,1,0,1,0,0,0
6365,Fresh,Senior Meat Cutter,3,1,4,0,0,0
6365,Member Team,Member Assist,3,4,7,0,0,0
6365,Member Team,Member Frontline,5,15,20,0,0,0
6365,Member Team,Member Specialist,6,3,9,0,0,0
6365,Member Team,Member Support,0,0,0,0,0,0
6365,Member Team,Member Team Lead,5,0,5,0,0,0
6365,Merchandising Team,Backroom Associate,4,0,4,0,0,0
6365,Merchandising Team,Forklift Driver,4,0,4,0,0,0
6365,Merchandising Team,Merchandising,9,9,18,0,0,0
6365,Merchandising Team,Merchandising Lead,4,0,4,0,0,0
6365,Personal Shopper,Personal Shopper,6,2,8,0,0,0
6365,Personal Shopper,Personal Shopper Lead,1,0,1,0,0,0
6365,Specialty,Fuel/Car Wash,2,1,3,0,0,0
6365,Specialty,Maintenance,2,3,5,0,0,0
6365,Specialty,Optical,2,0,2,0,0,0
6365,Specialty,Pharmacy Tech,3,2,5,0,0,0
6365,Specialty,TBC Lead,1,0,1,0,0,0
6365,Specialty,TBC Tire Tech,4,2,6,0,0,0
6368,Fresh,Baker/Packager,3,3,6,0,2,2
6368,Fresh,Bakery Lead,1,0,1,0,0,0
6368,Fresh,Café,3,5,8,0,0,0
6368,Fresh,Cake Decorator,3,1,4,0,0,0
6368,Fresh,Freezer/Cooler/Deli,4,2,6,1,0,1
6368,Fresh,HMS/Rotisserie,4,3,7,0,0,0
6368,Fresh,Meat Cutter/Wrapper,2,1,3,0,0,0
6368,Fresh,Meat Lead,1,0,1,0,0,0
6368,Fresh,Prepared Food Lead,1,0,1,0,0,0
6368,Fresh,Produce,3,2,5,0,0,0
6368,Fresh,Produce Lead,1,0,1,0,0,0
6368,Fresh,Senior Meat Cutter,3,1,4,0,0,0
6368,Member Team,Member Assist,2,7,9,0,1,1
6368,Member Team,Member Frontline,6,18,24,0,0,0
6368,Member Team,Member Specialist,8,5,13,0,0,0
6368,Member Team,Member Support,0,0,0,0,0,0
6368,Member Team,Member Team Lead,5,0,5,0,0,0
6368,Merchandising Team,Backroom Associate,4,0,4,0,0,0
6368,Merchandising Team,Forklift Driver,4,0,4,0,0,0
6368,Merchandising Team,Merchandising,10,12,22,0,0,0
6368,Merchandising Team,Merchandising Lead,4,0,4,0,0,0
6368,Personal Shopper,Personal Shopper,6,3,9,-1,2,1
6368,Personal Shopper,Personal Shopper Lead,1,0,1,0,0,0
6368,Specialty,Fuel/Car Wash,2,1,3,0,0,0
6368,Specialty,Maintenance,3,3,6,0,0,0
6368,Specialty,Optical,2,2,4,0,0,0
6368,Specialty,Pharmacy Tech,3,1,4,0,0,0
6368,Specialty,TBC Lead,1,0,1,0,0,0
6368,Specialty,TBC Tire Tech,5,2,7,0,0,0
6402,Fresh,Baker/Packager,4,2,6,1,0,1
6402,Fresh,Bakery Lead,1,0,1,0,0,0
6402,Fresh,Café,4,5,9,0,0,0
6402,Fresh,Cake Decorator,3,2,5,0,0,0
6402,Fresh,Freezer/Cooler/Deli,4,3,7,1,1,2
6402,Fresh,HMS/Rotisserie,3,4,7,0,0,0
6402,Fresh,Meat Cutter/Wrapper,3,1,4,0,0,0
6402,Fresh,Meat Lead,1,0,1,0,0,0
6402,Fresh,Prepared Food Lead,1,0,1,0,0,0
6402,Fresh,Produce,3,2,5,0,0,0
6402,Fresh,Produce Lead,1,0,1,0,0,0
6402,Fresh,Senior Meat Cutter,3,1,4,0,0,0
6402,Member Team,Member Assist,2,8,10,0,1,1
6402,Member Team,Member Frontline,7,20,27,0,0,0
6402,Member Team,Member Specialist,9,4,13,0,1,1
6402,Member Team,Member Support,0,0,0,0,0,0
6402,Member Team,Member Team Lead,6,0,6,0,0,0
6402,Merchandising Team,Backroom Associate,5,0,5,0,0,0
6402,Merchandising Team,Forklift Driver,6,0,6,0,0,0
6402,Merchandising Team,Merchandising,14,12,26,2,1,3
6402,Merchandising Team,Merchandising Lead,4,0,4,0,0,0
6402,Personal Shopper,Personal Shopper,8,4,12,-1,2,1
6402,Personal Shopper,Personal Shopper Lead,1,0,1,0,0,0
6402,Specialty,Fuel/Car Wash,2,1,3,0,0,0
6402,Specialty,Maintenance,3,3,6,0,0,0
6402,Specialty,Optical,2,0,2,0,0,0
6402,Specialty,Pharmacy Tech,2,1,3,0,0,0
6402,Specialty,TBC Lead,1,0,1,0,0,0
6402,Specialty,TBC Tire Tech,3,2,5,0,0,0
6458,Fresh,Baker/Packager,2,3,5,0,2,2
6458,Fresh,Bakery Lead,1,0,1,0,0,0
6458,Fresh,Café,3,6,9,0,1,1
6458,Fresh,Cake Decorator,2,1,3,0,0,0
6458,Fresh,Freezer/Cooler/Deli,3,1,4,0,0,0
6458,Fresh,HMS/Rotisserie,3,3,6,0,1,1
6458,Fresh,Meat Cutter/Wrapper,1,2,3,0,0,0
6458,Fresh,Meat Lead,1,0,1,0,0,0
6458,Fresh,Prepared Food Lead,1,0,1,0,0,0
6458,Fresh,Produce,2,3,5,0,1,1
6458,Fresh,Produce Lead,1,0,1,0,0,0
6458,Fresh,Senior Meat Cutter,4,1,5,0,0,0
6458,Member Team,Member Assist,3,4,7,0,0,0
6458,Member Team,Member Frontline,5,16,21,0,0,0
6458,Member Team,Member Specialist,6,3,9,0,0,0
6458,Member Team,Member Support,0,0,0,0,0,0
6458,Member Team,Member Team Lead,5,0,5,0,0,0
6458,Merchandising Team,Backroom Associate,4,0,4,0,0,0
6458,Merchandising Team,Forklift Driver,5,0,5,0,0,0
6458,Merchandising Team,Merchandising,11,9,20,0,0,0
6458,Merchandising Team,Merchandising Lead,4,0,4,0,0,0
6458,Personal Shopper,Personal Shopper,5,2,7,-1,2,1
6458,Personal Shopper,Personal Shopper Lead,1,0,1,0,0,0
6458,Specialty,Fuel/Car Wash,2,1,3,0,0,0
6458,Specialty,Maintenance,3,0,3,0,0,0
6458,Specialty,Optical,1,1,2,0,0,0
6458,Specialty,Pharmacy Tech,2,1,3,0,0,0
6458,Specialty,TBC Lead,1,0,1,0,0,0
6458,Specialty,TBC Tire Tech,4,3,7,0,0,0
6524,Fresh,Baker/Packager,2,4,6,0,1,1
6524,Fresh,Bakery Lead,1,0,1,0,0,0
6524,Fresh,Café,3,7,10,0,1,1
6524,Fresh,Cake Decorator,2,2,4,0,0,0
6524,Fresh,Freezer/Cooler/Deli,4,2,6,1,0,1
6524,Fresh,HMS/Rotisserie,4,2,6,0,0,0
6524,Fresh,Meat Cutter/Wrapper,2,1,3,0,0,0
6524,Fresh,Meat Lead,1,0,1,0,0,0
6524,Fresh,Prepared Food Lead,1,0,1,0,0,0
6524,Fresh,Produce,3,2,5,0,0,0
6524,Fresh,Produce Lead,1,0,1,0,0,0
6524,Fresh,Senior Meat Cutter,3,1,4,0,0,0
6524,Member Team,Member Assist,3,6,9,0,1,1
6524,Member Team,Member Frontline,6,18,24,0,0,0
6524,Member Team,Member Specialist,8,4,12,0,0,0
6524,Member Team,Member Support,0,0,0,0,0,0
6524,Member Team,Member Team Lead,5,0,5,0,0,0
6524,Merchandising Team,Backroom Associate,4,0,4,0,0,0
6524,Merchandising Team,Forklift Driver,5,0,5,1,0,1
6524,Merchandising Team,Merchandising,10,10,20,0,1,1
6524,Merchandising Team,Merchandising Lead,4,0,4,0,0,0
6524,Personal Shopper,Personal Shopper,5,2,7,-1,2,1
6524,Personal Shopper,Personal Shopper Lead,1,0,1,0,0,0
6524,Specialty,Fuel/Car Wash,2,1,3,0,0,0
6524,Specialty,Maintenance,3,2,5,0,0,0
6524,Specialty,Optical,1,1,2,0,0,0
6524,Specialty,Pharmacy Tech,2,0,2,0,0,0
6524,Specialty,TBC Lead,1,0,1,0,0,0
6524,Specialty,TBC Tire Tech,5,2,7,0,0,0
6569,Fresh,Baker/Packager,2,1,3,0,0,0
6569,Fresh,Bakery Lead,1,0,1,0,0,0
6569,Fresh,Café,3,4,7,1,1,2
6569,Fresh,Cake Decorator,3,0,3,0,-1,-1
6569,Fresh,Freezer/Cooler/Deli,3,1,4,0,0,0
6569,Fresh,HMS/Rotisserie,2,2,4,0,0,0
6569,Fresh,Meat Cutter/Wrapper,1,1,2,0,0,0
6569,Fresh,Meat Lead,1,0,1,0,0,0
6569,Fresh,Prepared Food Lead,1,0,1,0,0,0
6569,Fresh,Produce,2,2,4,0,0,0
6569,Fresh,Produce Lead,1,0,1,0,0,0
6569,Fresh,Senior Meat Cutter,2,1,3,0,0,0
6569,Member Team,Member Assist,2,4,6,0,0,0
6569,Member Team,Member Frontline,5,15,20,0,0,0
6569,Member Team,Member Specialist,5,2,7,0,0,0
6569,Member Team,Member Support,0,0,0,0,0,0
6569,Member Team,Member Team Lead,4,0,4,0,0,0
6569,Merchandising Team,Backroom Associate,4,0,4,0,0,0
6569,Merchandising Team,Forklift Driver,4,0,4,0,0,0
6569,Merchandising Team,Merchandising,9,6,15,0,0,0
6569,Merchandising Team,Merchandising Lead,4,0,4,0,0,0
6569,Personal Shopper,Personal Shopper Lead,1,0,1,0,0,0
6569,Specialty,Fuel/Car Wash,2,1,3,0,0,0
6569,Specialty,Maintenance,2,2,4,0,0,0
6569,Specialty,Pharmacy Tech,4,1,5,0,0,0
6569,Specialty,TBC Lead,1,0,1,0,0,0
6569,Specialty,TBC Tire Tech,4,2,6,0,0,0
8220,Fresh,Baker/Packager,2,4,6,0,1,1
8220,Fresh,Bakery Lead,1,0,1,0,0,0
8220,Fresh,Café,3,6,9,0,2,2
8220,Fresh,Cake Decorator,3,1,4,0,0,0
8220,Fresh,Freezer/Cooler/Deli,4,2,6,1,0,1
8220,Fresh,HMS/Rotisserie,3,3,6,0,0,0
8220,Fresh,Meat Cutter/Wrapper,2,1,3,0,0,0
8220,Fresh,Meat Lead,1,0,1,0,0,0
8220,Fresh,Prepared Food Lead,1,0,1,0,0,0
8220,Fresh,Produce,3,2,5,0,0,0
8220,Fresh,Produce Lead,1,0,1,0,0,0
8220,Fresh,Senior Meat Cutter,4,1,5,0,0,0
8220,Member Team,Member Assist,3,6,9,0,0,0
8220,Member Team,Member Frontline,7,17,24,0,0,0
8220,Member Team,Member Specialist,8,3,11,0,0,0
8220,Member Team,Member Support,0,0,0,0,0,0
8220,Member Team,Member Team Lead,5,0,5,0,0,0
8220,Merchandising Team,Backroom Associate,4,0,4,0,0,0
8220,Merchandising Team,Forklift Driver,6,0,6,0,0,0
8220,Merchandising Team,Merchandising,12,12,24,0,0,0
8220,Merchandising Team,Merchandising Lead,4,0,4,0,0,0
8220,Personal Shopper,Personal Shopper,6,4,10,-1,2,1
8220,Personal Shopper,Personal Shopper Lead,1,0,1,0,0,0
8220,Specialty,Fuel/Car Wash,2,1,3,0,0,0
8220,Specialty,Maintenance,3,1,4,0,0,0
8220,Specialty,Optical,2,2,4,0,0,0
8220,Specialty,Pharmacy Tech,2,0,2,0,0,0
8220,Specialty,TBC Lead,1,0,1,0,0,0
8220,Specialty,TBC Tire Tech,5,2,7,0,0,0
8228,Fresh,Baker/Packager,3,3,6,1,0,1
8228,Fresh,Bakery Lead,1,0,1,0,0,0
8228,Fresh,Café,3,5,8,0,1,1
8228,Fresh,Cake Decorator,3,0,3,0,0,0
8228,Fresh,Freezer/Cooler/Deli,3,2,5,0,0,0
8228,Fresh,HMS/Rotisserie,3,2,5,0,1,1
8228,Fresh,Meat Cutter/Wrapper,2,1,3,0,0,0
8228,Fresh,Meat Lead,1,0,1,0,0,0
8228,Fresh,Prepared Food Lead,1,0,1,0,0,0
8228,Fresh,Produce,3,2,5,0,0,0
8228,Fresh,Produce Lead,1,0,1,0,0,0
8228,Fresh,Senior Meat Cutter,4,1,5,0,0,0
8228,Member Team,Member Assist,3,5,8,0,0,0
8228,Member Team,Member Frontline,6,17,23,0,0,0
8228,Member Team,Member Specialist,8,5,13,0,0,0
8228,Member Team,Member Support,0,0,0,0,0,0
8228,Member Team,Member Team Lead,5,0,5,0,0,0
8228,Merchandising Team,Backroom Associate,4,0,4,0,0,0
8228,Merchandising Team,Forklift Driver,5,0,5,0,0,0
8228,Merchandising Team,Merchandising,11,11,22,1,1,2
8228,Merchandising Team,Merchandising Lead,4,0,4,0,0,0
8228,Personal Shopper,Personal Shopper,5,2,7,-1,2,1
8228,Personal Shopper,Personal Shopper Lead,1,0,1,0,0,0
8228,Specialty,Fuel/Car Wash,2,1,3,0,0,0
8228,Specialty,Maintenance,3,2,5,0,0,0
8228,Specialty,Optical,2,1,3,0,0,0
8228,Specialty,Pharmacy Tech,2,1,3,0,0,0
8228,Specialty,TBC Lead,1,0,1,0,0,0
8228,Specialty,TBC Tire Tech,3,3,6,0,0,0
4859,Fresh,Baker/Packager,2,4,6,0,1,1
4859,Fresh,Bakery Lead,1,0,1,0,0,0
4859,Fresh,Café,2,4,6,0,0,0
4859,Fresh,Cake Decorator,3,1,4,0,0,0
4859,Fresh,Freezer/Cooler/Deli,3,1,4,0,0,0
4859,Fresh,HMS/Rotisserie,3,3,6,0,0,0
4859,Fresh,Meat Cutter/Wrapper,1,2,3,0,0,0
4859,Fresh,Meat Lead,1,0,1,0,0,0
4859,Fresh,Prepared Food Lead,1,0,1,0,0,0
4859,Fresh,Produce,2,4,6,0,1,1
4859,Fresh,Produce Lead,1,0,1,0,0,0
4859,Fresh,Senior Meat Cutter,3,1,4,0,0,0
4859,Member Team,Member Assist,3,4,7,0,0,0
4859,Member Team,Member Frontline,5,18,23,0,1,1
4859,Member Team,Member Specialist,6,3,9,0,0,0
4859,Member Team,Member Support,0,0,0,0,0,0
4859,Member Team,Member Team Lead,5,0,5,0,0,0
4859,Merchandising Team,Backroom Associate,4,0,4,0,0,0
4859,Merchandising Team,Forklift Driver,4,0,4,0,0,0
4859,Merchandising Team,Merchandising,10,10,20,0,0,0
4859,Merchandising Team,Merchandising Lead,4,0,4,0,0,0
4859,Personal Shopper,Personal Shopper,4,3,7,0,1,1
4859,Personal Shopper,Personal Shopper Lead,1,0,1,0,0,0
4859,Specialty,Fuel/Car Wash,2,1,3,0,0,0
4859,Specialty,Maintenance,3,0,3,0,0,0
4859,Specialty,Optical,1,1,2,0,0,0
4859,Specialty,Pharmacy Tech,3,2,5,0,0,0
4859,Specialty,TBC Lead,1,0,1,0,0,0
4859,Specialty,TBC Tire Tech,3,3,6,0,0,0
4952,Fresh,Baker/Packager,2,4,6,0,1,1
4952,Fresh,Bakery Lead,1,0,1,0,0,0
4952,Fresh,Café,3,3,6,0,0,0
4952,Fresh,Cake Decorator,2,2,4,0,0,0
4952,Fresh,Freezer/Cooler/Deli,3,1,4,0,0,0
4952,Fresh,HMS/Rotisserie,3,3,6,0,1,1
4952,Fresh,Meat Cutter/Wrapper,2,1,3,0,0,0
4952,Fresh,Meat Lead,1,0,1,0,0,0
4952,Fresh,Prepared Food Lead,1,0,1,0,0,0
4952,Fresh,Produce,2,4,6,0,1,1
4952,Fresh,Produce Lead,1,0,1,0,0,0
4952,Fresh,Senior Meat Cutter,3,1,4,0,0,0
4952,Member Team,Member Assist,3,4,7,0,0,0
4952,Member Team,Member Frontline,5,16,21,0,0,0
4952,Member Team,Member Specialist,6,3,9,0,0,0
4952,Member Team,Member Support,0,0,0,0,0,0
4952,Member Team,Member Team Lead,5,0,5,0,0,0
4952,Merchandising Team,Backroom Associate,4,0,4,0,0,0
4952,Merchandising Team,Forklift Driver,4,0,4,0,0,0
4952,Merchandising Team,Merchandising,10,10,20,0,0,0
4952,Merchandising Team,Merchandising Lead,4,0,4,0,0,0
4952,Personal Shopper,Personal Shopper,5,2,7,-1,2,1
4952,Personal Shopper,Personal Shopper Lead,1,0,1,0,0,0
4952,Specialty,Fuel/Car Wash,2,1,3,0,0,0
4952,Specialty,Maintenance,3,0,3,0,0,0
4952,Specialty,Optical,1,1,2,0,0,0
4952,Specialty,Pharmacy Tech,1,2,3,0,0,0
4952,Specialty,TBC Lead,1,0,1,0,0,0
4952,Specialty,TBC Tire Tech,3,3,6,0,0,0
6201,Fresh,Baker/Packager,2,3,5,0,0,0
6201,Fresh,Bakery Lead,1,0,1,0,0,0
6201,Fresh,Café,2,3,5,0,0,0
6201,Fresh,Cake Decorator,2,1,3,0,0,0
6201,Fresh,Freezer/Cooler/Deli,3,1,4,0,0,0
6201,Fresh,HMS/Rotisserie,3,2,5,0,0,0
6201,Fresh,Meat Cutter/Wrapper,1,1,2,0,0,0
6201,Fresh,Meat Lead,1,0,1,0,0,0
6201,Fresh,Prepared Food Lead,1,0,1,0,0,0
6201,Fresh,Produce,2,4,6,0,1,1
6201,Fresh,Produce Lead,1,0,1,0,0,0
6201,Fresh,Senior Meat Cutter,3,1,4,0,0,0
6201,Member Team,Member Assist,3,4,7,0,0,0
6201,Member Team,Member Frontline,5,15,20,0,0,0
6201,Member Team,Member Specialist,6,2,8,0,1,1
6201,Member Team,Member Support,0,0,0,0,0,0
6201,Member Team,Member Team Lead,4,0,4,0,0,0
6201,Merchandising Team,Backroom Associate,4,0,4,0,0,0
6201,Merchandising Team,Forklift Driver,4,0,4,0,0,0
6201,Merchandising Team,Merchandising,9,8,17,0,0,0
6201,Merchandising Team,Merchandising Lead,4,0,4,0,0,0
6201,Personal Shopper,Personal Shopper,3,2,5,0,0,0
6201,Personal Shopper,Personal Shopper Lead,1,0,1,0,0,0
6201,Specialty,Maintenance,2,3,5,0,0,0
6201,Specialty,TBC Lead,1,0,1,0,0,0
6201,Specialty,TBC Tire Tech,4,2,6,0,0,0
6366,Fresh,Baker/Packager,4,3,7,1,1,2
6366,Fresh,Bakery Lead,1,0,1,0,0,0
6366,Fresh,Café,3,5,8,0,0,0
6366,Fresh,Cake Decorator,2,2,4,0,0,0
6366,Fresh,Freezer/Cooler/Deli,3,2,5,0,0,0
6366,Fresh,HMS/Rotisserie,4,2,6,0,0,0
6366,Fresh,Meat Cutter/Wrapper,2,1,3,0,0,0
6366,Fresh,Meat Lead,1,0,1,0,0,0
6366,Fresh,Prepared Food Lead,1,0,1,0,0,0
6366,Fresh,Produce,4,2,6,0,0,0
6366,Fresh,Produce Lead,1,0,1,0,0,0
6366,Fresh,Senior Meat Cutter,4,1,5,0,0,0
6366,Member Team,Member Assist,3,5,8,0,0,0
6366,Member Team,Member Frontline,6,17,23,0,1,1
6366,Member Team,Member Specialist,7,4,11,0,0,0
6366,Member Team,Member Support,0,0,0,0,0,0
6366,Member Team,Member Team Lead,5,0,5,0,0,0
6366,Merchandising Team,Backroom Associate,4,0,4,0,0,0
6366,Merchandising Team,Forklift Driver,5,0,5,0,0,0
6366,Merchandising Team,Merchandising,12,10,22,0,0,0
6366,Merchandising Team,Merchandising Lead,4,0,4,0,0,0
6366,Personal Shopper,Personal Shopper,4,2,6,0,2,2
6366,Personal Shopper,Personal Shopper Lead,1,0,1,0,0,0
6366,Specialty,Maintenance,3,2,5,0,0,0
6366,Specialty,Optical,2,0,2,0,0,0
6366,Specialty,Pharmacy Tech,1,2,3,0,0,0
6366,Specialty,TBC Lead,1,0,1,0,0,0
6366,Specialty,TBC Tire Tech,4,2,6,0,0,0
6406,Fresh,Baker/Packager,2,3,5,0,0,0
6406,Fresh,Bakery Lead,1,0,1,0,0,0
6406,Fresh,Café,2,5,7,0,0,0
6406,Fresh,Cake Decorator,3,0,3,0,-1,-1
6406,Fresh,Freezer/Cooler/Deli,3,2,5,0,0,0
6406,Fresh,HMS/Rotisserie,3,3,6,0,1,1
6406,Fresh,Meat Cutter/Wrapper,1,1,2,0,0,0
6406,Fresh,Meat Lead,1,0,1,0,0,0
6406,Fresh,Prepared Food Lead,1,0,1,0,0,0
6406,Fresh,Produce,2,3,5,0,1,1
6406,Fresh,Produce Lead,1,0,1,0,0,0
6406,Fresh,Senior Meat Cutter,3,1,4,0,0,0
6406,Member Team,Member Assist,2,5,7,0,1,1
6406,Member Team,Member Frontline,5,17,22,0,0,0
6406,Member Team,Member Specialist,6,3,9,0,0,0
6406,Member Team,Member Support,0,0,0,0,0,0
6406,Member Team,Member Team Lead,5,0,5,0,0,0
6406,Merchandising Team,Backroom Associate,4,0,4,0,0,0
6406,Merchandising Team,Forklift Driver,4,0,4,0,0,0
6406,Merchandising Team,Merchandising,9,9,18,0,1,1
6406,Merchandising Team,Merchandising Lead,4,0,4,0,0,0
6406,Personal Shopper,Personal Shopper,3,2,5,0,0,0
6406,Personal Shopper,Personal Shopper Lead,1,0,1,0,0,0
6406,Specialty,Fuel/Car Wash,2,1,3,0,0,0
6406,Specialty,Maintenance,3,0,3,0,0,0
6406,Specialty,Optical,1,1,2,0,0,0
6406,Specialty,Pharmacy Tech,2,0,2,0,0,0
6406,Specialty,TBC Lead,1,0,1,0,0,0
6406,Specialty,TBC Tire Tech,3,3,6,0,0,0
6431,Fresh,Baker/Packager,2,4,6,0,1,1
6431,Fresh,Bakery Lead,1,0,1,0,0,0
6431,Fresh,Café,3,6,9,0,1,1
6431,Fresh,Cake Decorator,2,1,3,0,0,0
6431,Fresh,Freezer/Cooler/Deli,3,1,4,0,0,0
6431,Fresh,HMS/Rotisserie,3,2,5,0,0,0
6431,Fresh,Meat Cutter/Wrapper,2,1,3,0,0,0
6431,Fresh,Meat Lead,1,0,1,0,0,0
6431,Fresh,Prepared Food Lead,1,0,1,0,0,0
6431,Fresh,Produce,2,3,5,0,1,1
6431,Fresh,Produce Lead,1,0,1,0,0,0
6431,Fresh,Senior Meat Cutter,4,1,5,0,0,0
6431,Member Team,Member Assist,3,4,7,0,0,0
6431,Member Team,Member Frontline,6,15,21,0,0,0
6431,Member Team,Member Specialist,6,2,8,0,1,1
6431,Member Team,Member Support,0,0,0,0,0,0
6431,Member Team,Member Team Lead,5,0,5,0,0,0
6431,Merchandising Team,Backroom Associate,4,0,4,0,0,0
6431,Merchandising Team,Forklift Driver,5,0,5,1,0,1
6431,Merchandising Team,Merchandising,10,9,19,-1,0,-1
6431,Merchandising Team,Merchandising Lead,4,0,4,0,0,0
6431,Personal Shopper,Personal Shopper,5,2,7,-1,2,1
6431,Personal Shopper,Personal Shopper Lead,1,0,1,0,0,0
6431,Specialty,Maintenance,3,2,5,0,0,0
6431,Specialty,Optical,1,1,2,0,0,0
6431,Specialty,Pharmacy Tech,3,2,5,0,0,0
6431,Specialty,TBC Lead,1,0,1,0,0,0
6431,Specialty,TBC Tire Tech,3,3,6,0,0,0
6440,Fresh,Baker/Packager,2,3,5,0,0,0
6440,Fresh,Bakery Lead,1,0,1,0,0,0
6440,Fresh,Café,2,4,6,0,0,0
6440,Fresh,Cake Decorator,2,2,4,0,0,0
6440,Fresh,Freezer/Cooler/Deli,3,1,4,0,0,0
6440,Fresh,HMS/Rotisserie,3,3,6,0,0,0
6440,Fresh,Meat Cutter/Wrapper,1,1,2,0,0,0
6440,Fresh,Meat Lead,1,0,1,0,0,0
6440,Fresh,Prepared Food Lead,1,0,1,0,0,0
6440,Fresh,Produce,2,5,7,0,1,1
6440,Fresh,Produce Lead,1,0,1,0,0,0
6440,Fresh,Senior Meat Cutter,4,1,5,0,0,0
6440,Member Team,Member Assist,3,4,7,0,0,0
6440,Member Team,Member Frontline,5,15,20,0,0,0
6440,Member Team,Member Specialist,6,4,10,0,1,1
6440,Member Team,Member Support,0,0,0,0,0,0
6440,Member Team,Member Team Lead,5,0,5,0,0,0
6440,Merchandising Team,Backroom Associate,4,0,4,0,0,0
6440,Merchandising Team,Forklift Driver,5,0,5,0,0,0
6440,Merchandising Team,Merchandising,11,10,21,0,0,0
6440,Merchandising Team,Merchandising Lead,4,0,4,0,0,0
6440,Personal Shopper,Personal Shopper,3,3,6,-1,3,2
6440,Personal Shopper,Personal Shopper Lead,1,0,1,0,0,0
6440,Specialty,Maintenance,3,2,5,0,0,0
6440,Specialty,Optical,1,1,2,0,0,0
6440,Specialty,Pharmacy Tech,1,1,2,0,0,0
6440,Specialty,TBC Lead,1,0,1,0,0,0
6440,Specialty,TBC Tire Tech,3,3,6,0,0,0
6456,Fresh,Baker/Packager,2,3,5,0,2,2
6456,Fresh,Bakery Lead,1,0,1,0,0,0
6456,Fresh,Café,3,2,5,0,-1,-1
6456,Fresh,Cake Decorator,2,1,3,0,0,0
6456,Fresh,Freezer/Cooler/Deli,3,2,5,0,0,0
6456,Fresh,HMS/Rotisserie,3,2,5,0,0,0
6456,Fresh,Meat Cutter/Wrapper,2,1,3,0,0,0
6456,Fresh,Meat Lead,1,0,1,0,0,0
6456,Fresh,Prepared Food Lead,1,0,1,0,0,0
6456,Fresh,Produce,2,3,5,0,1,1
6456,Fresh,Produce Lead,1,0,1,0,0,0
6456,Fresh,Senior Meat Cutter,3,2,5,0,0,0
6456,Member Team,Member Assist,3,4,7,0,0,0
6456,Member Team,Member Frontline,5,15,20,0,0,0
6456,Member Team,Member Specialist,6,2,8,0,0,0
6456,Member Team,Member Support,0,0,0,0,0,0
6456,Member Team,Member Team Lead,5,0,5,0,0,0
6456,Merchandising Team,Backroom Associate,4,0,4,0,0,0
6456,Merchandising Team,Forklift Driver,4,0,4,0,0,0
6456,Merchandising Team,Merchandising,9,9,18,0,0,0
6456,Merchandising Team,Merchandising Lead,4,0,4,0,0,0
6456,Personal Shopper,Personal Shopper,4,2,6,0,1,1
6456,Personal Shopper,Personal Shopper Lead,1,0,1,0,0,0
6456,Specialty,Fuel/Car Wash,2,1,3,0,0,0
6456,Specialty,Maintenance,3,1,4,0,0,0
6456,Specialty,TBC Lead,1,0,1,0,0,0
6456,Specialty,TBC Tire Tech,4,2,6,0,0,0
6460,Fresh,Baker/Packager,4,2,6,1,1,2
6460,Fresh,Bakery Lead,1,0,1,0,0,0
6460,Fresh,Café,3,5,8,0,0,0
6460,Fresh,Cake Decorator,2,2,4,0,0,0
6460,Fresh,Freezer/Cooler/Deli,4,2,6,1,0,1
6460,Fresh,HMS/Rotisserie,3,2,5,0,0,0
6460,Fresh,Meat Cutter/Wrapper,1,2,3,0,0,0
6460,Fresh,Meat Lead,1,0,1,0,0,0
6460,Fresh,Prepared Food Lead,1,0,1,0,0,0
6460,Fresh,Produce,2,3,5,0,0,0
6460,Fresh,Produce Lead,1,0,1,0,0,0
6460,Fresh,Senior Meat Cutter,3,1,4,0,0,0
6460,Member Team,Member Assist,3,5,8,0,0,0
6460,Member Team,Member Frontline,6,19,25,0,0,0
6460,Member Team,Member Specialist,6,3,9,0,0,0
6460,Member Team,Member Support,0,0,0,0,0,0
6460,Member Team,Member Team Lead,5,0,5,0,0,0
6460,Merchandising Team,Backroom Associate,5,0,5,1,0,1
6460,Merchandising Team,Forklift Driver,6,0,6,1,0,1
6460,Merchandising Team,Merchandising,14,13,27,0,0,0
6460,Merchandising Team,Merchandising Lead,4,0,4,0,0,0
6460,Personal Shopper,Personal Shopper,10,6,16,3,4,7
6460,Personal Shopper,Personal Shopper Lead,1,0,1,0,0,0
6460,Specialty,Fuel/Car Wash,2,1,3,0,0,0
6460,Specialty,Maintenance,3,3,6,0,0,0
6460,Specialty,Optical,1,1,2,0,0,0
6460,Specialty,Pharmacy Tech,2,0,2,0,0,0
6460,Specialty,TBC Lead,1,0,1,0,0,0
6460,Specialty,TBC Tire Tech,4,3,7,0,0,0
6533,Fresh,Baker/Packager,0,1,1,0,1,1
6533,Fresh,Café,3,3,6,1,-1,0
6533,Fresh,Cake Decorator,0,0,0,0,0,0
6533,Fresh,Freezer/Cooler/Deli,3,1,4,0,0,0
6533,Fresh,HMS/Rotisserie,2,3,5,0,0,0
6533,Fresh,Meat Cutter/Wrapper,1,2,3,0,0,0
6533,Fresh,Meat Lead,1,0,1,0,0,0
6533,Fresh,Prepared Food Lead,1,0,1,0,0,0
6533,Fresh,Produce,2,3,5,0,0,0
6533,Fresh,Produce Lead,1,0,1,0,0,0
6533,Fresh,Senior Meat Cutter,3,1,4,0,0,0
6533,Member Team,Member Assist,3,3,6,0,0,0
6533,Member Team,Member Frontline,5,15,20,0,0,0
6533,Member Team,Member Specialist,5,3,8,0,0,0
6533,Member Team,Member Support,0,0,0,0,0,0
6533,Member Team,Member Team Lead,4,0,4,0,0,0
6533,Merchandising Team,Backroom Associate,4,0,4,0,0,0
6533,Merchandising Team,Forklift Driver,4,0,4,0,0,0
6533,Merchandising Team,Merchandising,8,8,16,0,0,0
6533,Merchandising Team,Merchandising Lead,4,0,4,0,0,0
6533,Personal Shopper,Personal Shopper,11,5,16,2,2,4
6533,Personal Shopper,Personal Shopper Lead,1,0,1,0,0,0
6533,Specialty,Fuel/Car Wash,2,1,3,0,0,0
6533,Specialty,Maintenance,2,2,4,0,0,0
6533,Specialty,Pharmacy Tech,2,1,3,0,0,0
6533,Specialty,TBC Lead,1,0,1,0,0,0
6533,Specialty,TBC Tire Tech,4,2,6,0,0,0
6539,Fresh,Baker/Packager,2,2,4,0,1,1
6539,Fresh,Bakery Lead,1,0,1,0,0,0
6539,Fresh,Café,3,3,6,1,-1,0
6539,Fresh,Cake Decorator,2,1,3,0,0,0
6539,Fresh,Freezer/Cooler/Deli,3,1,4,0,0,0
6539,Fresh,HMS/Rotisserie,2,3,5,0,0,0
6539,Fresh,Meat Cutter/Wrapper,1,1,2,0,0,0
6539,Fresh,Meat Lead,1,0,1,0,0,0
6539,Fresh,Prepared Food Lead,1,0,1,0,0,0
6539,Fresh,Produce,2,3,5,0,1,1
6539,Fresh,Produce Lead,1,0,1,0,0,0
6539,Fresh,Senior Meat Cutter,3,1,4,0,0,0
6539,Member Team,Member Assist,2,4,6,0,0,0
6539,Member Team,Member Frontline,5,16,21,0,0,0
6539,Member Team,Member Specialist,6,2,8,0,1,1
6539,Member Team,Member Support,0,0,0,0,0,0
6539,Member Team,Member Team Lead,4,0,4,0,0,0
6539,Merchandising Team,Backroom Associate,4,0,4,0,0,0
6539,Merchandising Team,Forklift Driver,4,0,4,0,0,0
6539,Merchandising Team,Merchandising,9,9,18,0,0,0
6539,Merchandising Team,Merchandising Lead,4,0,4,0,0,0
6539,Personal Shopper,Personal Shopper,4,1,5,0,0,0
6539,Personal Shopper,Personal Shopper Lead,1,0,1,0,0,0
6539,Specialty,Maintenance,2,2,4,0,0,0
6539,Specialty,TBC Lead,1,0,1,0,0,0
6539,Specialty,TBC Tire Tech,4,2,6,0,0,0
6547,Fresh,Baker/Packager,3,2,5,1,1,2
6547,Fresh,Bakery Lead,1,0,1,0,0,0
6547,Fresh,Café,3,6,9,0,1,1
6547,Fresh,Cake Decorator,2,1,3,0,0,0
6547,Fresh,Freezer/Cooler/Deli,4,2,6,1,1,2
6547,Fresh,HMS/Rotisserie,3,3,6,0,1,1
6547,Fresh,Meat Cutter/Wrapper,2,1,3,0,0,0
6547,Fresh,Meat Lead,1,0,1,0,0,0
6547,Fresh,Prepared Food Lead,1,0,1,0,0,0
6547,Fresh,Produce,2,3,5,0,0,0
6547,Fresh,Produce Lead,1,0,1,0,0,0
6547,Fresh,Senior Meat Cutter,4,1,5,0,0,0
6547,Member Team,Member Assist,3,5,8,0,0,0
6547,Member Team,Member Frontline,6,16,22,0,0,0
6547,Member Team,Member Specialist,6,2,8,0,0,0
6547,Member Team,Member Support,0,0,0,0,0,0
6547,Member Team,Member Team Lead,5,0,5,0,0,0
6547,Merchandising Team,Backroom Associate,4,0,4,0,0,0
6547,Merchandising Team,Forklift Driver,5,0,5,0,0,0
6547,Merchandising Team,Merchandising,11,10,21,1,0,1
6547,Merchandising Team,Merchandising Lead,4,0,4,0,0,0
6547,Personal Shopper,Personal Shopper,5,3,8,-1,3,2
6547,Personal Shopper,Personal Shopper Lead,1,0,1,0,0,0
6547,Specialty,Fuel/Car Wash,2,1,3,0,0,0
6547,Specialty,Maintenance,3,1,4,0,0,0
6547,Specialty,Optical,1,1,2,0,0,0
6547,Specialty,Pharmacy Tech,2,0,2,0,0,0
6547,Specialty,TBC Lead,1,0,1,0,0,0
6547,Specialty,TBC Tire Tech,4,4,8,0,0,0
6673,Fresh,Baker/Packager,3,4,7,1,1,2
6673,Fresh,Bakery Lead,1,0,1,0,0,0
6673,Fresh,Café,2,5,7,0,1,1
6673,Fresh,Cake Decorator,2,2,4,0,1,1
6673,Fresh,Freezer/Cooler/Deli,3,1,4,0,0,0
6673,Fresh,HMS/Rotisserie,3,2,5,0,0,0
6673,Fresh,Meat Cutter/Wrapper,1,1,2,0,0,0
6673,Fresh,Meat Lead,1,0,1,0,0,0
6673,Fresh,Prepared Food Lead,1,0,1,0,0,0
6673,Fresh,Produce,2,3,5,0,1,1
6673,Fresh,Produce Lead,1,0,1,0,0,0
6673,Fresh,Senior Meat Cutter,3,1,4,0,0,0
6673,Member Team,Member Assist,3,4,7,0,1,1
6673,Member Team,Member Frontline,6,16,22,0,0,0
6673,Member Team,Member Specialist,6,3,9,0,1,1
6673,Member Team,Member Support,0,0,0,0,0,0
6673,Member Team,Member Team Lead,5,0,5,0,0,0
6673,Merchandising Team,Backroom Associate,4,0,4,0,0,0
6673,Merchandising Team,Forklift Driver,4,0,4,0,0,0
6673,Merchandising Team,Merchandising,9,9,18,0,1,1
6673,Merchandising Team,Merchandising Lead,4,0,4,0,0,0
6673,Personal Shopper,Personal Shopper,7,3,10,1,1,2
6673,Personal Shopper,Personal Shopper Lead,1,0,1,0,0,0
6673,Specialty,Maintenance,3,0,3,0,0,0
6673,Specialty,Optical,1,1,2,0,0,0
6673,Specialty,Pharmacy Tech,1,2,3,0,0,0
6673,Specialty,TBC Lead,1,0,1,0,0,0
6673,Specialty,TBC Tire Tech,4,1,5,0,0,0
6675,Fresh,Baker/Packager,4,3,7,0,2,2
6675,Fresh,Bakery Lead,1,0,1,0,0,0
6675,Fresh,Café,3,5,8,0,1,1
6675,Fresh,Cake Decorator,3,0,3,0,0,0
6675,Fresh,Freezer/Cooler/Deli,4,2,6,1,0,1
6675,Fresh,HMS/Rotisserie,3,3,6,0,1,1
6675,Fresh,Meat Cutter/Wrapper,2,1,3,0,0,0
6675,Fresh,Meat Lead,1,0,1,0,0,0
6675,Fresh,Prepared Food Lead,1,0,1,0,0,0
6675,Fresh,Produce,2,4,6,0,1,1
6675,Fresh,Produce Lead,1,0,1,0,0,0
6675,Fresh,Senior Meat Cutter,4,1,5,0,0,0
6675,Member Team,Member Assist,3,6,9,0,1,1
6675,Member Team,Member Frontline,6,19,25,0,2,2
6675,Member Team,Member Specialist,7,4,11,0,0,0
6675,Member Team,Member Support,0,0,0,0,0,0
6675,Member Team,Member Team Lead,5,0,5,0,0,0
6675,Merchandising Team,Backroom Associate,5,0,5,1,0,1
6675,Merchandising Team,Forklift Driver,6,0,6,1,0,1
6675,Merchandising Team,Merchandising,13,12,25,1,2,3
6675,Merchandising Team,Merchandising Lead,4,0,4,0,0,0
6675,Personal Shopper,Personal Shopper,6,2,8,0,1,1
6675,Personal Shopper,Personal Shopper Lead,1,0,1,0,0,0
6675,Specialty,Fuel/Car Wash,2,1,3,0,0,0
6675,Specialty,Maintenance,3,2,5,0,0,0
6675,Specialty,Optical,1,1,2,0,0,0
6675,Specialty,Pharmacy Tech,1,2,3,0,0,0
6675,Specialty,TBC Lead,1,0,1,0,0,0
6675,Specialty,TBC Tire Tech,5,2,7,0,0,0
4729,Fresh,Baker/Packager,2,3,5,0,0,0
4729,Fresh,Bakery Lead,1,0,1,0,0,0
4729,Fresh,Café,3,3,6,1,-1,0
4729,Fresh,Cake Decorator,2,1,3,-1,1,0
4729,Fresh,Freezer/Cooler/Deli,3,1,4,0,0,0
4729,Fresh,HMS/Rotisserie,2,2,4,0,0,0
4729,Fresh,Meat Cutter/Wrapper,1,1,2,0,0,0
4729,Fresh,Meat Lead,1,0,1,0,0,0
4729,Fresh,Prepared Food Lead,1,0,1,0,0,0
4729,Fresh,Produce,2,4,6,0,1,1
4729,Fresh,Produce Lead,1,0,1,0,0,0
4729,Fresh,Senior Meat Cutter,3,1,4,0,0,0
4729,Member Team,Member Assist,2,4,6,0,0,0
4729,Member Team,Member Frontline,4,15,19,0,0,0
4729,Member Team,Member Specialist,5,3,8,0,2,2
4729,Member Team,Member Support,0,0,0,0,0,0
4729,Member Team,Member Team Lead,4,0,4,0,0,0
4729,Merchandising Team,Backroom Associate,4,0,4,0,0,0
4729,Merchandising Team,Forklift Driver,4,0,4,0,0,0
4729,Merchandising Team,Merchandising,9,9,18,0,0,0
4729,Merchandising Team,Merchandising Lead,4,0,4,0,0,0
4729,Personal Shopper,Personal Shopper,4,3,7,-1,2,1
4729,Personal Shopper,Personal Shopper Lead,1,0,1,0,0,0
4729,Specialty,Fuel/Car Wash,2,1,3,0,0,0
4729,Specialty,Maintenance,2,2,4,0,0,0
4729,Specialty,Optical,1,1,2,0,0,0
4729,Specialty,Pharmacy Tech,1,1,2,0,0,0
4729,Specialty,TBC Lead,1,0,1,0,0,0
4729,Specialty,TBC Tire Tech,4,2,6,0,0,0
4771,Fresh,Baker/Packager,2,4,6,0,1,1
4771,Fresh,Bakery Lead,1,0,1,0,0,0
4771,Fresh,Café,3,7,10,0,2,2
4771,Fresh,Cake Decorator,3,0,3,0,0,0
4771,Fresh,Freezer/Cooler/Deli,3,2,5,0,1,1
4771,Fresh,HMS/Rotisserie,3,3,6,0,0,0
4771,Fresh,Meat Cutter/Wrapper,1,2,3,0,0,0
4771,Fresh,Meat Lead,1,0,1,0,0,0
4771,Fresh,Prepared Food Lead,1,0,1,0,0,0
4771,Fresh,Produce,2,3,5,0,0,0
4771,Fresh,Produce Lead,1,0,1,0,0,0
4771,Fresh,Senior Meat Cutter,3,1,4,0,0,0
4771,Member Team,Member Assist,2,5,7,0,1,1
4771,Member Team,Member Frontline,5,13,18,0,0,0
4771,Member Team,Member Specialist,6,3,9,0,0,0
4771,Member Team,Member Support,0,0,0,0,0,0
4771,Member Team,Member Team Lead,5,0,5,0,0,0
4771,Merchandising Team,Backroom Associate,4,0,4,0,0,0
4771,Merchandising Team,Forklift Driver,4,0,4,0,0,0
4771,Merchandising Team,Merchandising,9,10,19,0,0,0
4771,Merchandising Team,Merchandising Lead,4,0,4,0,0,0
4771,Personal Shopper,Personal Shopper,3,2,5,0,1,1
4771,Personal Shopper,Personal Shopper Lead,1,0,1,0,0,0
4771,Specialty,Fuel/Car Wash,2,1,3,0,0,0
4771,Specialty,Maintenance,2,2,4,0,0,0
4771,Specialty,Optical,1,1,2,0,0,0
4771,Specialty,Pharmacy Tech,1,2,3,0,0,0
4771,Specialty,TBC Lead,1,0,1,0,0,0
4771,Specialty,TBC Tire Tech,4,2,6,0,0,0
4855,Fresh,Baker/Packager,3,2,5,1,1,2
4855,Fresh,Bakery Lead,1,0,1,0,0,0
4855,Fresh,Café,2,4,6,0,-1,-1
4855,Fresh,Cake Decorator,2,2,4,0,1,1
4855,Fresh,Freezer/Cooler/Deli,3,1,4,0,0,0
4855,Fresh,HMS/Rotisserie,4,2,6,0,0,0
4855,Fresh,Meat Cutter/Wrapper,2,2,4,0,0,0
4855,Fresh,Meat Lead,1,0,1,0,0,0
4855,Fresh,Prepared Food Lead,1,0,1,0,0,0
4855,Fresh,Produce,2,3,5,0,1,1
4855,Fresh,Produce Lead,1,0,1,0,0,0
4855,Fresh,Senior Meat Cutter,3,1,4,0,0,0
4855,Member Team,Member Assist,2,4,6,0,0,0
4855,Member Team,Member Frontline,5,14,19,0,0,0
4855,Member Team,Member Specialist,5,3,8,0,1,1
4855,Member Team,Member Support,0,0,0,0,0,0
4855,Member Team,Member Team Lead,4,0,4,0,0,0
4855,Merchandising Team,Backroom Associate,4,0,4,0,0,0
4855,Merchandising Team,Forklift Driver,3,0,3,0,0,0
4855,Merchandising Team,Merchandising,8,7,15,0,3,3
4855,Merchandising Team,Merchandising Lead,4,0,4,0,0,0
4855,Personal Shopper,Personal Shopper,5,3,8,-1,3,2
4855,Personal Shopper,Personal Shopper Lead,1,0,1,0,0,0
4855,Specialty,Fuel/Car Wash,2,1,3,0,0,0
4855,Specialty,Maintenance,2,2,4,0,0,0
4855,Specialty,Optical,2,0,2,0,0,0
4855,Specialty,Pharmacy Tech,1,1,2,0,0,0
4855,Specialty,TBC Lead,1,0,1,0,0,0
4855,Specialty,TBC Tire Tech,3,3,6,0,0,0
6239,Fresh,Baker/Packager,2,3,5,0,0,0
6239,Fresh,Bakery Lead,1,0,1,0,0,0
6239,Fresh,Café,2,3,5,0,-1,-1
6239,Fresh,Cake Decorator,2,2,4,0,0,0
6239,Fresh,Freezer/Cooler/Deli,3,2,5,0,0,0
6239,Fresh,HMS/Rotisserie,4,3,7,0,0,0
6239,Fresh,Meat Cutter/Wrapper,4,1,5,0,0,0
6239,Fresh,Meat Lead,1,0,1,0,0,0
6239,Fresh,Prepared Food Lead,1,0,1,0,0,0
6239,Fresh,Produce,3,4,7,0,1,1
6239,Fresh,Produce Lead,1,0,1,0,0,0
6239,Fresh,Senior Meat Cutter,4,1,5,0,0,0
6239,Member Team,Member Assist,3,4,7,0,0,0
6239,Member Team,Member Frontline,5,15,20,0,0,0
6239,Member Team,Member Specialist,6,4,10,0,0,0
6239,Member Team,Member Support,0,0,0,0,0,0
6239,Member Team,Member Team Lead,5,0,5,0,0,0
6239,Merchandising Team,Backroom Associate,4,0,4,0,0,0
6239,Merchandising Team,Forklift Driver,4,0,4,0,0,0
6239,Merchandising Team,Merchandising,9,8,17,0,0,0
6239,Merchandising Team,Merchandising Lead,4,0,4,0,0,0
6239,Personal Shopper,Personal Shopper,4,3,7,-1,2,1
6239,Personal Shopper,Personal Shopper Lead,1,0,1,0,0,0
6239,Specialty,Asset Protection,1,0,1,0,0,0
6239,Specialty,Maintenance,3,0,3,0,0,0
6239,Specialty,Optical,1,1,2,0,0,0
6239,Specialty,Pharmacy Tech,2,0,2,0,0,0
6239,Specialty,TBC Lead,1,0,1,0,0,0
6239,Specialty,TBC Tire Tech,4,2,6,0,0,0
6357,Fresh,Baker/Packager,3,3,6,0,1,1
6357,Fresh,Bakery Lead,1,0,1,0,0,0
6357,Fresh,Café,4,4,8,0,-1,-1
6357,Fresh,Cake Decorator,2,2,4,0,0,0
6357,Fresh,Freezer/Cooler/Deli,4,3,7,1,0,1
6357,Fresh,HMS/Rotisserie,5,5,10,0,0,0
6357,Fresh,Meat Cutter/Wrapper,2,1,3,0,0,0
6357,Fresh,Meat Lead,1,0,1,0,0,0
6357,Fresh,Prepared Food Lead,1,0,1,0,0,0
6357,Fresh,Produce,3,6,9,0,1,1
6357,Fresh,Produce Lead,1,0,1,0,0,0
6357,Fresh,Senior Meat Cutter,3,1,4,0,0,0
6357,Member Team,Member Assist,4,6,10,0,0,0
6357,Member Team,Member Frontline,6,18,24,0,0,0
6357,Member Team,Member Specialist,8,5,13,0,1,1
6357,Member Team,Member Support,0,0,0,0,0,0
6357,Member Team,Member Team Lead,6,0,6,0,0,0
6357,Merchandising Team,Backroom Associate,5,0,5,0,0,0
6357,Merchandising Team,Forklift Driver,6,0,6,0,0,0
6357,Merchandising Team,Merchandising,16,14,30,0,0,0
6357,Merchandising Team,Merchandising Lead,4,0,4,0,0,0
6357,Personal Shopper,Personal Shopper,6,3,9,-1,2,1
6357,Personal Shopper,Personal Shopper Lead,1,0,1,0,0,0
6357,Specialty,Fuel/Car Wash,2,1,3,0,0,0
6357,Specialty,Maintenance,4,2,6,0,0,0
6357,Specialty,Optical,3,1,4,0,0,0
6357,Specialty,Pharmacy Tech,4,2,6,0,0,0
6357,Specialty,TBC Lead,1,0,1,0,0,0
6357,Specialty,TBC Tire Tech,5,4,9,0,0,0
6371,Fresh,Baker/Packager,2,3,5,0,0,0
6371,Fresh,Bakery Lead,1,0,1,0,0,0
6371,Fresh,Café,3,4,7,1,-1,0
6371,Fresh,Cake Decorator,2,1,3,0,0,0
6371,Fresh,Freezer/Cooler/Deli,3,1,4,0,0,0
6371,Fresh,HMS/Rotisserie,2,3,5,0,0,0
6371,Fresh,Meat Cutter/Wrapper,1,1,2,0,0,0
6371,Fresh,Meat Lead,1,0,1,0,0,0
6371,Fresh,Prepared Food Lead,1,0,1,0,0,0
6371,Fresh,Produce,2,3,5,0,1,1
6371,Fresh,Produce Lead,1,0,1,0,0,0
6371,Fresh,Senior Meat Cutter,3,1,4,0,0,0
6371,Member Team,Member Assist,2,5,7,0,1,1
6371,Member Team,Member Frontline,5,16,21,0,0,0
6371,Member Team,Member Specialist,5,3,8,0,0,0
6371,Member Team,Member Support,0,0,0,0,0,0
6371,Member Team,Member Team Lead,4,0,4,0,0,0
6371,Merchandising Team,Backroom Associate,4,0,4,0,0,0
6371,Merchandising Team,Forklift Driver,4,0,4,0,0,0
6371,Merchandising Team,Merchandising,8,7,15,0,0,0
6371,Merchandising Team,Merchandising Lead,4,0,4,0,0,0
6371,Personal Shopper,Personal Shopper,5,3,8,-1,2,1
6371,Personal Shopper,Personal Shopper Lead,1,0,1,0,0,0
6371,Specialty,Fuel/Car Wash,2,1,3,0,0,0
6371,Specialty,Maintenance,2,2,4,0,0,0
6371,Specialty,Optical,1,1,2,0,0,0
6371,Specialty,Pharmacy Tech,2,1,3,0,0,0
6371,Specialty,TBC Lead,1,0,1,0,0,0
6371,Specialty,TBC Tire Tech,5,2,7,0,0,0
6383,Fresh,Baker/Packager,3,3,6,1,0,1
6383,Fresh,Bakery Lead,1,0,1,0,0,0
6383,Fresh,Café,3,6,9,0,2,2
6383,Fresh,Cake Decorator,2,1,3,0,0,0
6383,Fresh,Freezer/Cooler/Deli,3,2,5,0,0,0
6383,Fresh,HMS/Rotisserie,3,3,6,0,0,0
6383,Fresh,Meat Cutter/Wrapper,2,1,3,0,0,0
6383,Fresh,Meat Lead,1,0,1,0,0,0
6383,Fresh,Prepared Food Lead,1,0,1,0,0,0
6383,Fresh,Produce,2,4,6,0,1,1
6383,Fresh,Produce Lead,1,0,1,0,0,0
6383,Fresh,Senior Meat Cutter,3,1,4,0,0,0
6383,Member Team,Member Assist,3,5,8,0,1,1
6383,Member Team,Member Frontline,6,18,24,0,2,2
6383,Member Team,Member Specialist,6,2,8,0,0,0
6383,Member Team,Member Support,0,0,0,0,0,0
6383,Member Team,Member Team Lead,5,0,5,0,0,0
6383,Merchandising Team,Backroom Associate,4,0,4,0,0,0
6383,Merchandising Team,Forklift Driver,4,0,4,0,0,0
6383,Merchandising Team,Merchandising,10,9,19,0,0,0
6383,Merchandising Team,Merchandising Lead,4,0,4,0,0,0
6383,Personal Shopper,Personal Shopper,5,2,7,-1,2,1
6383,Personal Shopper,Personal Shopper Lead,1,0,1,0,0,0
6383,Specialty,Fuel/Car Wash,2,1,3,0,0,0
6383,Specialty,Maintenance,3,0,3,0,0,0
6383,Specialty,Optical,2,0,2,0,0,0
6383,Specialty,Pharmacy Tech,2,1,3,0,0,0
6383,Specialty,TBC Lead,1,0,1,0,0,0
6383,Specialty,TBC Tire Tech,4,2,6,0,0,0
6434,Fresh,Baker/Packager,3,3,6,1,0,1
6434,Fresh,Bakery Lead,1,0,1,0,0,0
6434,Fresh,Café,3,5,8,0,-1,-1
6434,Fresh,Cake Decorator,3,1,4,0,0,0
6434,Fresh,Freezer/Cooler/Deli,3,2,5,0,0,0
6434,Fresh,HMS/Rotisserie,3,3,6,0,0,0
6434,Fresh,Meat Cutter/Wrapper,1,1,2,0,0,0
6434,Fresh,Meat Lead,1,0,1,0,0,0
6434,Fresh,Prepared Food Lead,1,0,1,0,0,0
6434,Fresh,Produce,3,4,7,0,1,1
6434,Fresh,Produce Lead,1,0,1,0,0,0
6434,Fresh,Senior Meat Cutter,3,1,4,0,0,0
6434,Member Team,Member Assist,3,5,8,0,0,0
6434,Member Team,Member Frontline,6,19,25,0,4,4
6434,Member Team,Member Specialist,6,3,9,0,1,1
6434,Member Team,Member Support,0,0,0,0,0,0
6434,Member Team,Member Team Lead,5,0,5,0,0,0
6434,Merchandising Team,Backroom Associate,4,0,4,0,0,0
6434,Merchandising Team,Forklift Driver,5,0,5,1,0,1
6434,Merchandising Team,Merchandising,10,9,19,0,1,1
6434,Merchandising Team,Merchandising Lead,4,0,4,0,0,0
6434,Personal Shopper,Personal Shopper,11,6,17,3,4,7
6434,Personal Shopper,Personal Shopper Lead,1,0,1,0,0,0
6434,Specialty,Asset Protection,1,0,1,0,0,0
6434,Specialty,Fuel/Car Wash,2,1,3,0,0,0
6434,Specialty,Maintenance,3,2,5,0,0,0
6434,Specialty,Optical,1,1,2,0,0,0
6434,Specialty,Pharmacy Tech,1,1,2,0,0,0
6434,Specialty,TBC Lead,1,0,1,0,0,0
6434,Specialty,TBC Tire Tech,4,3,7,0,0,0
6650,Fresh,Baker/Packager,4,3,7,1,1,2
6650,Fresh,Bakery Lead,1,0,1,0,0,0
6650,Fresh,Café,4,4,8,0,0,0
6650,Fresh,Cake Decorator,3,2,5,0,0,0
6650,Fresh,Freezer/Cooler/Deli,4,3,7,1,1,2
6650,Fresh,HMS/Rotisserie,4,3,7,0,0,0
6650,Fresh,Meat Cutter/Wrapper,2,1,3,0,0,0
6650,Fresh,Meat Lead,1,0,1,0,0,0
6650,Fresh,Prepared Food Lead,1,0,1,0,0,0
6650,Fresh,Produce,3,3,6,0,1,1
6650,Fresh,Produce Lead,1,0,1,0,0,0
6650,Fresh,Senior Meat Cutter,3,1,4,0,0,0
6650,Member Team,Member Assist,3,5,8,0,0,0
6650,Member Team,Member Frontline,6,18,24,0,3,3
6650,Member Team,Member Specialist,7,5,12,0,2,2
6650,Member Team,Member Support,0,0,0,0,0,0
6650,Member Team,Member Team Lead,5,0,5,0,0,0
6650,Merchandising Team,Backroom Associate,5,0,5,1,0,1
6650,Merchandising Team,Forklift Driver,5,0,5,0,0,0
6650,Merchandising Team,Merchandising,10,10,20,0,0,0
6650,Merchandising Team,Merchandising Lead,4,0,4,0,0,0
6650,Personal Shopper,Personal Shopper,5,3,8,-1,2,1
6650,Personal Shopper,Personal Shopper Lead,1,0,1,0,0,0
6650,Specialty,Asset Protection,1,0,1,0,0,0
6650,Specialty,Fuel/Car Wash,2,1,3,0,0,0
6650,Specialty,Maintenance,3,1,4,0,0,0
6650,Specialty,Optical,1,1,2,0,0,0
6650,Specialty,Pharmacy Tech,1,2,3,0,0,0
6650,Specialty,TBC Lead,1,0,1,0,0,0
6650,Specialty,TBC Tire Tech,4,2,6,0,0,0
6651,Fresh,Baker/Packager,4,3,7,0,1,1
6651,Fresh,Bakery Lead,1,0,1,0,0,0
6651,Fresh,Café,4,5,9,0,-1,-1
6651,Fresh,Cake Decorator,3,2,5,0,0,0
6651,Fresh,Freezer/Cooler/Deli,4,4,8,1,1,2
6651,Fresh,HMS/Rotisserie,5,4,9,0,0,0
6651,Fresh,Meat Cutter/Wrapper,1,2,3,0,0,0
6651,Fresh,Meat Lead,1,0,1,0,0,0
6651,Fresh,Prepared Food Lead,1,0,1,0,0,0
6651,Fresh,Produce,3,4,7,0,1,1
6651,Fresh,Produce Lead,1,0,1,0,0,0
6651,Fresh,Senior Meat Cutter,4,1,5,0,0,0
6651,Member Team,Member Assist,4,5,9,0,0,0
6651,Member Team,Member Frontline,7,20,27,1,2,3
6651,Member Team,Member Specialist,9,5,14,0,2,2
6651,Member Team,Member Support,0,0,0,0,0,0
6651,Member Team,Member Team Lead,6,0,6,0,0,0
6651,Merchandising Team,Backroom Associate,5,0,5,0,0,0
6651,Merchandising Team,Forklift Driver,5,0,5,0,0,0
6651,Merchandising Team,Merchandising,11,12,23,1,0,1
6651,Merchandising Team,Merchandising Lead,4,0,4,0,0,0
6651,Personal Shopper,Personal Shopper,5,2,7,-1,2,1
6651,Personal Shopper,Personal Shopper Lead,1,0,1,0,0,0
6651,Specialty,Asset Protection,1,0,1,0,0,0
6651,Specialty,Fuel/Car Wash,2,1,3,0,0,0
6651,Specialty,Maintenance,3,2,5,0,0,0
6651,Specialty,Optical,1,1,2,0,0,0
6651,Specialty,Pharmacy Tech,2,0,2,0,0,0
6651,Specialty,TBC Lead,1,0,1,0,0,0
6651,Specialty,TBC Tire Tech,4,4,8,0,0,0
6652,Fresh,Baker/Packager,2,4,6,0,1,1
6652,Fresh,Bakery Lead,1,0,1,0,0,0
6652,Fresh,Café,3,4,7,0,0,0
6652,Fresh,Cake Decorator,2,2,4,0,0,0
6652,Fresh,Freezer/Cooler/Deli,3,1,4,0,0,0
6652,Fresh,HMS/Rotisserie,3,2,5,0,0,0
6652,Fresh,Meat Cutter/Wrapper,1,1,2,0,0,0
6652,Fresh,Meat Lead,1,0,1,0,0,0
6652,Fresh,Prepared Food Lead,1,0,1,0,0,0
6652,Fresh,Produce,2,4,6,0,1,1
6652,Fresh,Produce Lead,1,0,1,0,0,0
6652,Fresh,Senior Meat Cutter,4,1,5,0,0,0
6652,Member Team,Member Assist,3,3,6,0,0,0
6652,Member Team,Member Frontline,5,15,20,0,0,0
6652,Member Team,Member Specialist,5,4,9,0,0,0
6652,Member Team,Member Support,0,0,0,0,0,0
6652,Member Team,Member Team Lead,5,0,5,0,0,0
6652,Merchandising Team,Backroom Associate,4,0,4,0,0,0
6652,Merchandising Team,Forklift Driver,4,0,4,0,0,0
6652,Merchandising Team,Merchandising,10,10,20,0,0,0
6652,Merchandising Team,Merchandising Lead,4,0,4,0,0,0
6652,Personal Shopper,Personal Shopper,5,3,8,-1,3,2
6652,Personal Shopper,Personal Shopper Lead,1,0,1,0,0,0
6652,Specialty,Fuel/Car Wash,2,1,3,0,0,0
6652,Specialty,Maintenance,2,3,5,0,0,0
6652,Specialty,Optical,1,1,2,0,0,0
6652,Specialty,Pharmacy Tech,1,2,3,0,0,0
6652,Specialty,TBC Lead,1,0,1,0,0,0
6652,Specialty,TBC Tire Tech,4,2,6,0,0,0
6653,Fresh,Baker/Packager,4,3,7,0,1,1
6653,Fresh,Bakery Lead,1,0,1,0,0,0
6653,Fresh,Café,3,2,5,0,-1,-1
6653,Fresh,Cake Decorator,3,2,5,0,0,0
6653,Fresh,Freezer/Cooler/Deli,4,3,7,1,0,1
6653,Fresh,HMS/Rotisserie,3,4,7,0,0,0
6653,Fresh,Meat Cutter/Wrapper,4,1,5,0,0,0
6653,Fresh,Meat Lead,1,0,1,0,0,0
6653,Fresh,Prepared Food Lead,1,0,1,0,0,0
6653,Fresh,Produce,5,5,10,0,1,1
6653,Fresh,Produce Lead,1,0,1,0,0,0
6653,Fresh,Senior Meat Cutter,3,1,4,0,0,0
6653,Member Team,Member Assist,4,5,9,0,0,0
6653,Member Team,Member Frontline,7,18,25,0,0,0
6653,Member Team,Member Specialist,9,3,12,0,0,0
6653,Member Team,Member Support,0,0,0,0,0,0
6653,Member Team,Member Team Lead,6,0,6,0,0,0
6653,Merchandising Team,Backroom Associate,5,0,5,0,0,0
6653,Merchandising Team,Forklift Driver,5,0,5,1,0,1
6653,Merchandising Team,Merchandising,12,11,23,2,0,2
6653,Merchandising Team,Merchandising Lead,4,0,4,0,0,0
6653,Personal Shopper,Personal Shopper,6,4,10,-1,2,1
6653,Personal Shopper,Personal Shopper Lead,1,0,1,0,0,0
6653,Specialty,Maintenance,3,3,6,0,0,0
6653,Specialty,Optical,2,2,4,0,0,0
6653,Specialty,Pharmacy Tech,2,1,3,0,0,0
6653,Specialty,TBC Lead,1,0,1,0,0,0
6653,Specialty,TBC Tire Tech,5,3,8,0,0,0
6653,Specialty,Wholesale Trading Lead,1,0,1,1,0,1
6655,Fresh,Baker/Packager,3,1,4,0,0,0
6655,Fresh,Bakery Lead,1,0,1,0,0,0
6655,Fresh,Café,3,4,7,0,-1,-1
6655,Fresh,Cake Decorator,3,1,4,0,0,0
6655,Fresh,Freezer/Cooler/Deli,3,3,6,0,1,1
6655,Fresh,HMS/Rotisserie,4,3,7,0,0,0
6655,Fresh,Meat Cutter/Wrapper,1,1,2,0,0,0
6655,Fresh,Meat Lead,1,0,1,0,0,0
6655,Fresh,Prepared Food Lead,1,0,1,0,0,0
6655,Fresh,Produce,4,3,7,0,1,1
6655,Fresh,Produce Lead,1,0,1,0,0,0
6655,Fresh,Senior Meat Cutter,4,1,5,0,0,0
6655,Member Team,Member Assist,3,4,7,0,0,0
6655,Member Team,Member Frontline,5,17,22,0,0,0
6655,Member Team,Member Specialist,6,4,10,0,0,0
6655,Member Team,Member Support,0,0,0,0,0,0
6655,Member Team,Member Team Lead,5,0,5,0,0,0
6655,Merchandising Team,Backroom Associate,4,0,4,0,0,0
6655,Merchandising Team,Forklift Driver,5,0,5,1,0,1
6655,Merchandising Team,Merchandising,10,8,18,-1,0,-1
6655,Merchandising Team,Merchandising Lead,4,0,4,0,0,0
6655,Personal Shopper,Personal Shopper,5,3,8,-1,2,1
6655,Personal Shopper,Personal Shopper Lead,1,0,1,0,0,0
6655,Specialty,Fuel/Car Wash,2,1,3,0,0,0
6655,Specialty,Maintenance,3,2,5,0,0,0
6655,Specialty,Optical,1,1,2,0,0,0
6655,Specialty,Pharmacy Tech,1,2,3,0,0,0
6655,Specialty,TBC Lead,1,0,1,0,0,0
6655,Specialty,TBC Tire Tech,5,4,9,0,0,0
8161,Fresh,Baker/Packager,3,3,6,1,0,1
8161,Fresh,Bakery Lead,1,0,1,0,0,0
8161,Fresh,Café,3,6,9,0,2,2
8161,Fresh,Cake Decorator,3,0,3,0,0,0
8161,Fresh,Freezer/Cooler/Deli,4,2,6,1,0,1
8161,Fresh,HMS/Rotisserie,3,3,6,0,0,0
8161,Fresh,Meat Cutter/Wrapper,2,1,3,0,0,0
8161,Fresh,Meat Lead,1,0,1,0,0,0
8161,Fresh,Prepared Food Lead,1,0,1,0,0,0
8161,Fresh,Produce,2,4,6,0,0,0
8161,Fresh,Produce Lead,1,0,1,0,0,0
8161,Fresh,Senior Meat Cutter,4,1,5,0,0,0
8161,Member Team,Member Assist,3,5,8,0,1,1
8161,Member Team,Member Frontline,5,19,24,0,2,2
8161,Member Team,Member Specialist,5,5,10,0,1,1
8161,Member Team,Member Support,0,0,0,0,0,0
8161,Member Team,Member Team Lead,5,0,5,0,0,0
8161,Merchandising Team,Backroom Associate,4,0,4,0,0,0
8161,Merchandising Team,Forklift Driver,5,0,5,0,0,0
8161,Merchandising Team,Merchandising,11,10,21,0,1,1
8161,Merchandising Team,Merchandising Lead,4,0,4,0,0,0
8161,Personal Shopper,Personal Shopper,5,2,7,-1,2,1
8161,Personal Shopper,Personal Shopper Lead,1,0,1,0,0,0
8161,Specialty,Fuel/Car Wash,2,1,3,0,0,0
8161,Specialty,Maintenance,3,1,4,0,0,0
8161,Specialty,Optical,1,1,2,0,0,0
8161,Specialty,Pharmacy Tech,3,1,4,0,0,0
8161,Specialty,TBC Lead,1,0,1,0,0,0
8161,Specialty,TBC Tire Tech,4,2,6,0,0,0
8193,Fresh,Baker/Packager,3,5,8,1,2,3
8193,Fresh,Bakery Lead,1,0,1,0,0,0
8193,Fresh,Café,3,6,9,0,0,0
8193,Fresh,Cake Decorator,2,2,4,0,0,0
8193,Fresh,Freezer/Cooler/Deli,4,2,6,1,0,1
8193,Fresh,HMS/Rotisserie,3,4,7,0,0,0
8193,Fresh,Meat Cutter/Wrapper,2,1,3,0,0,0
8193,Fresh,Meat Lead,1,0,1,0,0,0
8193,Fresh,Prepared Food Lead,1,0,1,0,0,0
8193,Fresh,Produce,3,3,6,0,1,1
8193,Fresh,Produce Lead,1,0,1,0,0,0
8193,Fresh,Senior Meat Cutter,4,1,5,0,0,0
8193,Member Team,Member Assist,4,4,8,0,0,0
8193,Member Team,Member Frontline,6,18,24,0,2,2
8193,Member Team,Member Specialist,6,5,11,0,0,0
8193,Member Team,Member Support,0,0,0,0,0,0
8193,Member Team,Member Team Lead,5,0,5,0,0,0
8193,Merchandising Team,Backroom Associate,5,0,5,1,0,1
8193,Merchandising Team,Forklift Driver,5,0,5,0,0,0
8193,Merchandising Team,Merchandising,12,10,22,0,0,0
8193,Merchandising Team,Merchandising Lead,4,0,4,0,0,0
8193,Personal Shopper,Personal Shopper,8,4,12,-1,2,1
8193,Personal Shopper,Personal Shopper Lead,1,0,1,0,0,0
8193,Specialty,Fuel/Car Wash,2,1,3,0,0,0
8193,Specialty,Maintenance,3,1,4,0,0,0
8193,Specialty,Optical,1,1,2,0,0,0
8193,Specialty,Pharmacy Tech,2,3,5,0,0,0
8193,Specialty,TBC Lead,1,0,1,0,0,0
8193,Specialty,TBC Tire Tech,5,2,7,0,0,0
4722,Fresh,Baker/Packager,3,2,5,0,1,1
4722,Fresh,Bakery Lead,1,0,1,0,0,0
4722,Fresh,Café,3,4,7,1,-1,0
4722,Fresh,Cake Decorator,3,1,4,0,0,0
4722,Fresh,Freezer/Cooler/Deli,3,2,5,0,0,0
4722,Fresh,HMS/Rotisserie,4,2,6,0,0,0
4722,Fresh,Meat Cutter/Wrapper,1,2,3,0,0,0
4722,Fresh,Meat Lead,1,0,1,0,0,0
4722,Fresh,Prepared Food Lead,1,0,1,0,0,0
4722,Fresh,Produce,2,4,6,0,1,1
4722,Fresh,Produce Lead,1,0,1,0,0,0
4722,Fresh,Senior Meat Cutter,4,1,5,0,0,0
4722,Member Team,Member Assist,3,4,7,0,0,0
4722,Member Team,Member Frontline,5,17,22,0,1,1
4722,Member Team,Member Specialist,6,3,9,0,1,1
4722,Member Team,Member Support,0,0,0,0,0,0
4722,Member Team,Member Team Lead,5,0,5,0,0,0
4722,Merchandising Team,Backroom Associate,4,0,4,0,0,0
4722,Merchandising Team,Forklift Driver,4,0,4,0,0,0
4722,Merchandising Team,Merchandising,10,8,18,0,0,0
4722,Merchandising Team,Merchandising Lead,4,0,4,0,0,0
4722,Personal Shopper,Personal Shopper,4,2,6,0,2,2
4722,Personal Shopper,Personal Shopper Lead,1,0,1,0,0,0
4722,Specialty,Fuel/Car Wash,6,8,14,1,4,5
4722,Specialty,Maintenance,2,2,4,0,0,0
4722,Specialty,Optical,2,0,2,0,0,0
4722,Specialty,Pharmacy Tech,2,0,2,0,0,0
4722,Specialty,TBC Lead,1,0,1,0,0,0
4722,Specialty,TBC Tire Tech,4,3,7,0,0,0
4994,Fresh,Baker/Packager,3,2,5,1,1,2
4994,Fresh,Bakery Lead,1,0,1,0,0,0
4994,Fresh,Café,3,4,7,0,1,1
4994,Fresh,Cake Decorator,2,2,4,0,0,0
4994,Fresh,Freezer/Cooler/Deli,3,1,4,0,0,0
4994,Fresh,HMS/Rotisserie,2,3,5,0,0,0
4994,Fresh,Meat Cutter/Wrapper,1,1,2,0,0,0
4994,Fresh,Meat Lead,1,0,1,0,0,0
4994,Fresh,Prepared Food Lead,1,0,1,0,0,0
4994,Fresh,Produce,2,3,5,0,1,1
4994,Fresh,Produce Lead,1,0,1,0,0,0
4994,Fresh,Senior Meat Cutter,3,1,4,0,0,0
4994,Member Team,Member Assist,2,5,7,0,1,1
4994,Member Team,Member Frontline,5,14,19,0,0,0
4994,Member Team,Member Specialist,5,3,8,0,1,1
4994,Member Team,Member Support,0,0,0,0,0,0
4994,Member Team,Member Team Lead,4,0,4,0,0,0
4994,Merchandising Team,Backroom Associate,4,0,4,0,0,0
4994,Merchandising Team,Forklift Driver,4,0,4,1,0,1
4994,Merchandising Team,Merchandising,8,8,16,0,1,1
4994,Merchandising Team,Merchandising Lead,4,0,4,0,0,0
4994,Personal Shopper,Personal Shopper,6,2,8,-1,2,1
4994,Personal Shopper,Personal Shopper Lead,1,0,1,0,0,0
4994,Specialty,Fuel/Car Wash,2,1,3,0,0,0
4994,Specialty,Maintenance,2,2,4,0,0,0
4994,Specialty,Optical,1,1,2,0,0,0
4994,Specialty,Pharmacy Tech,1,2,3,0,0,0
4994,Specialty,TBC Lead,1,0,1,0,0,0
4994,Specialty,TBC Tire Tech,4,2,6,0,0,0
6330,Fresh,Baker/Packager,3,4,7,1,1,2
6330,Fresh,Bakery Lead,1,0,1,0,0,0
6330,Fresh,Café,3,6,9,0,1,1
6330,Fresh,Cake Decorator,2,2,4,0,0,0
6330,Fresh,Freezer/Cooler/Deli,4,3,7,1,1,2
6330,Fresh,HMS/Rotisserie,4,3,7,0,0,0
6330,Fresh,Meat Cutter/Wrapper,2,1,3,0,0,0
6330,Fresh,Meat Lead,1,0,1,0,0,0
6330,Fresh,Prepared Food Lead,1,0,1,0,0,0
6330,Fresh,Produce,2,4,6,0,0,0
6330,Fresh,Produce Lead,1,0,1,0,0,0
6330,Fresh,Senior Meat Cutter,3,1,4,0,0,0
6330,Member Team,Member Assist,3,5,8,0,1,1
6330,Member Team,Member Frontline,6,16,22,0,0,0
6330,Member Team,Member Specialist,7,4,11,0,1,1
6330,Member Team,Member Support,0,0,0,0,0,0
6330,Member Team,Member Team Lead,5,0,5,0,0,0
6330,Merchandising Team,Backroom Associate,4,0,4,0,0,0
6330,Merchandising Team,Forklift Driver,5,0,5,0,0,0
6330,Merchandising Team,Merchandising,11,11,22,0,1,1
6330,Merchandising Team,Merchandising Lead,4,0,4,0,0,0
6330,Personal Shopper,Personal Shopper,4,1,5,0,1,1
6330,Personal Shopper,Personal Shopper Lead,1,0,1,0,0,0
6330,Specialty,Fuel/Car Wash,2,1,3,0,0,0
6330,Specialty,Liquor,2,0,2,0,0,0
6330,Specialty,Maintenance,3,2,5,0,0,0
6330,Specialty,Pharmacy Tech,1,2,3,0,0,0
6330,Specialty,TBC Lead,1,0,1,0,0,0
6330,Specialty,TBC Tire Tech,4,3,7,0,0,0
6332,Fresh,Baker/Packager,3,3,6,0,0,0
6332,Fresh,Bakery Lead,1,0,1,0,0,0
6332,Fresh,Café,3,5,8,0,0,0
6332,Fresh,Cake Decorator,4,1,5,0,0,0
6332,Fresh,Freezer/Cooler/Deli,3,2,5,0,0,0
6332,Fresh,HMS/Rotisserie,4,3,7,0,0,0
6332,Fresh,Meat Cutter/Wrapper,2,1,3,0,0,0
6332,Fresh,Meat Lead,1,0,1,0,0,0
6332,Fresh,Prepared Food Lead,1,0,1,0,0,0
6332,Fresh,Produce,2,4,6,0,1,1
6332,Fresh,Produce Lead,1,0,1,0,0,0
6332,Fresh,Senior Meat Cutter,3,1,4,0,0,0
6332,Member Team,Member Assist,3,5,8,0,1,1
6332,Member Team,Member Frontline,6,19,25,1,2,3
6332,Member Team,Member Specialist,5,4,9,0,2,2
6332,Member Team,Member Support,0,0,0,0,0,0
6332,Member Team,Member Team Lead,5,0,5,0,0,0
6332,Merchandising Team,Backroom Associate,4,0,4,0,0,0
6332,Merchandising Team,Forklift Driver,5,0,5,0,0,0
6332,Merchandising Team,Merchandising,10,10,20,0,1,1
6332,Merchandising Team,Merchandising Lead,4,0,4,0,0,0
6332,Personal Shopper,Personal Shopper,4,2,6,0,0,0
6332,Personal Shopper,Personal Shopper Lead,1,0,1,0,0,0
6332,Specialty,Asset Protection,1,0,1,0,0,0
6332,Specialty,Fuel/Car Wash,2,1,3,0,0,0
6332,Specialty,Maintenance,3,2,5,0,0,0
6332,Specialty,Optical,1,1,2,0,0,0
6332,Specialty,Pharmacy Tech,1,2,3,0,0,0
6332,Specialty,TBC Lead,1,0,1,0,0,0
6332,Specialty,TBC Tire Tech,4,2,6,0,0,0
6536,Fresh,Baker/Packager,4,3,7,1,1,2
6536,Fresh,Bakery Lead,1,0,1,0,0,0
6536,Fresh,Café,3,6,9,0,1,1
6536,Fresh,Cake Decorator,3,2,5,0,0,0
6536,Fresh,Freezer/Cooler/Deli,4,3,7,1,1,2
6536,Fresh,HMS/Rotisserie,3,4,7,0,0,0
6536,Fresh,Meat Cutter/Wrapper,1,2,3,0,0,0
6536,Fresh,Meat Lead,1,0,1,0,0,0
6536,Fresh,Prepared Food Lead,1,0,1,0,0,0
6536,Fresh,Produce,3,3,6,1,0,1
6536,Fresh,Produce Lead,1,0,1,0,0,0
6536,Fresh,Senior Meat Cutter,4,1,5,0,0,0
6536,Member Team,Member Assist,3,5,8,0,1,1
6536,Member Team,Member Frontline,5,19,24,0,2,2
6536,Member Team,Member Specialist,7,5,12,0,0,0
6536,Member Team,Member Support,0,0,0,0,0,0
6536,Member Team,Member Team Lead,5,0,5,0,0,0
6536,Merchandising Team,Backroom Associate,5,0,5,1,0,1
6536,Merchandising Team,Forklift Driver,5,0,5,0,0,0
6536,Merchandising Team,Merchandising,12,11,23,1,2,3
6536,Merchandising Team,Merchandising Lead,4,0,4,0,0,0
6536,Personal Shopper,Personal Shopper,4,2,6,0,2,2
6536,Personal Shopper,Personal Shopper Lead,1,0,1,0,0,0
6536,Specialty,Fuel/Car Wash,2,1,3,0,0,0
6536,Specialty,Maintenance,3,2,5,0,0,0
6536,Specialty,Optical,2,1,3,0,0,0
6536,Specialty,Pharmacy Tech,1,2,3,0,0,0
6536,Specialty,TBC Lead,1,0,1,0,0,0
6536,Specialty,TBC Tire Tech,3,3,6,0,0,0
6567,Fresh,Baker/Packager,0,1,1,0,1,1
6567,Fresh,Café,2,2,4,0,-1,-1
6567,Fresh,Cake Decorator,0,0,0,0,0,0
6567,Fresh,Freezer/Cooler/Deli,3,1,4,0,0,0
6567,Fresh,HMS/Rotisserie,3,3,6,0,0,0
6567,Fresh,Meat Cutter/Wrapper,1,2,3,0,0,0
6567,Fresh,Meat Lead,1,0,1,0,0,0
6567,Fresh,Prepared Food Lead,1,0,1,0,0,0
6567,Fresh,Produce,2,3,5,0,1,1
6567,Fresh,Produce Lead,1,0,1,0,0,0
6567,Fresh,Senior Meat Cutter,4,1,5,0,0,0
6567,Member Team,Member Assist,2,4,6,0,0,0
6567,Member Team,Member Frontline,5,15,20,0,0,0
6567,Member Team,Member Specialist,6,3,9,0,0,0
6567,Member Team,Member Support,0,0,0,0,0,0
6567,Member Team,Member Team Lead,4,0,4,0,0,0
6567,Merchandising Team,Backroom Associate,4,0,4,0,0,0
6567,Merchandising Team,Forklift Driver,4,0,4,0,0,0
6567,Merchandising Team,Merchandising,9,8,17,0,0,0
6567,Merchandising Team,Merchandising Lead,4,0,4,0,0,0
6567,Personal Shopper,Personal Shopper,3,3,6,-1,3,2
6567,Personal Shopper,Personal Shopper Lead,1,0,1,0,0,0
6567,Specialty,Maintenance,2,2,4,0,0,0
6567,Specialty,TBC Lead,1,0,1,0,0,0
6567,Specialty,TBC Tire Tech,4,2,6,0,0,0
6670,Fresh,Baker/Packager,3,2,5,0,1,1
6670,Fresh,Bakery Lead,1,0,1,0,0,0
6670,Fresh,Café,3,3,6,0,0,0
6670,Fresh,Cake Decorator,3,1,4,0,0,0
6670,Fresh,Freezer/Cooler/Deli,3,2,5,0,0,0
6670,Fresh,HMS/Rotisserie,3,3,6,0,0,0
6670,Fresh,Meat Cutter/Wrapper,1,2,3,0,0,0
6670,Fresh,Meat Lead,1,0,1,0,0,0
6670,Fresh,Prepared Food Lead,1,0,1,0,0,0
6670,Fresh,Produce,2,4,6,0,1,1
6670,Fresh,Produce Lead,1,0,1,0,0,0
6670,Fresh,Senior Meat Cutter,4,1,5,0,0,0
6670,Member Team,Member Assist,3,4,7,0,1,1
6670,Member Team,Member Frontline,5,16,21,0,0,0
6670,Member Team,Member Specialist,6,3,9,0,1,1
6670,Member Team,Member Support,0,0,0,0,0,0
6670,Member Team,Member Team Lead,5,0,5,0,0,0
6670,Merchandising Team,Backroom Associate,4,0,4,0,0,0
6670,Merchandising Team,Forklift Driver,4,0,4,0,0,0
6670,Merchandising Team,Merchandising,9,10,19,1,0,1
6670,Merchandising Team,Merchandising Lead,4,0,4,0,0,0
6670,Personal Shopper,Personal Shopper,10,6,16,2,4,6
6670,Personal Shopper,Personal Shopper Lead,1,0,1,0,0,0
6670,Specialty,Fuel/Car Wash,5,6,11,0,0,0
6670,Specialty,Maintenance,3,0,3,0,0,0
6670,Specialty,Optical,1,1,2,0,0,0
6670,Specialty,Pharmacy Tech,1,1,2,0,0,0
6670,Specialty,TBC Lead,1,0,1,0,0,0
6670,Specialty,TBC Tire Tech,4,2,6,0,0,0
6671,Fresh,Baker/Packager,3,3,6,0,1,1
6671,Fresh,Bakery Lead,1,0,1,0,0,0
6671,Fresh,Café,3,3,6,0,-1,-1
6671,Fresh,Cake Decorator,3,1,4,0,0,0
6671,Fresh,Freezer/Cooler/Deli,3,3,6,0,0,0
6671,Fresh,HMS/Rotisserie,4,5,9,0,0,0
6671,Fresh,Meat Cutter/Wrapper,2,1,3,0,0,0
6671,Fresh,Meat Lead,1,0,1,0,0,0
6671,Fresh,Prepared Food Lead,1,0,1,0,0,0
6671,Fresh,Produce,4,5,9,1,0,1
6671,Fresh,Produce Lead,1,0,1,0,0,0
6671,Fresh,Senior Meat Cutter,4,1,5,0,0,0
6671,Member Team,Member Assist,5,5,10,0,0,0
6671,Member Team,Member Frontline,7,20,27,0,0,0
6671,Member Team,Member Specialist,6,4,10,0,0,0
6671,Member Team,Member Support,0,0,0,0,0,0
6671,Member Team,Member Team Lead,6,0,6,0,0,0
6671,Merchandising Team,Backroom Associate,5,0,5,0,0,0
6671,Merchandising Team,Forklift Driver,6,0,6,1,0,1
6671,Merchandising Team,Merchandising,13,12,25,-1,0,-1
6671,Merchandising Team,Merchandising Lead,4,0,4,0,0,0
6671,Personal Shopper,Personal Shopper,6,3,9,0,2,2
6671,Personal Shopper,Personal Shopper Lead,1,0,1,0,0,0
6671,Specialty,Maintenance,3,3,6,0,0,0
6671,Specialty,Optical,2,1,3,0,0,0
6671,Specialty,Pharmacy Tech,2,0,2,0,0,0
6671,Specialty,TBC Lead,1,0,1,0,0,0
6671,Specialty,TBC Tire Tech,5,2,7,0,0,0
6676,Fresh,Baker/Packager,3,2,5,0,1,1
6676,Fresh,Bakery Lead,1,0,1,0,0,0
6676,Fresh,Café,3,1,4,0,-1,-1
6676,Fresh,Cake Decorator,3,1,4,0,0,0
6676,Fresh,Freezer/Cooler/Deli,3,2,5,0,0,0
6676,Fresh,HMS/Rotisserie,4,2,6,0,0,0
6676,Fresh,Meat Cutter/Wrapper,1,1,2,0,0,0
6676,Fresh,Meat Lead,1,0,1,0,0,0
6676,Fresh,Prepared Food Lead,1,0,1,0,0,0
6676,Fresh,Produce,3,3,6,0,1,1
6676,Fresh,Produce Lead,1,0,1,0,0,0
6676,Fresh,Senior Meat Cutter,3,1,4,0,0,0
6676,Member Team,Member Assist,3,4,7,0,0,0
6676,Member Team,Member Frontline,5,17,22,0,1,1
6676,Member Team,Member Specialist,6,4,10,0,0,0
6676,Member Team,Member Support,0,0,0,0,0,0
6676,Member Team,Member Team Lead,5,0,5,0,0,0
6676,Merchandising Team,Backroom Associate,4,0,4,0,0,0
6676,Merchandising Team,Forklift Driver,5,0,5,0,0,0
6676,Merchandising Team,Merchandising,11,10,21,0,0,0
6676,Merchandising Team,Merchandising Lead,4,0,4,0,0,0
6676,Personal Shopper,Personal Shopper,4,3,7,-1,3,2
6676,Personal Shopper,Personal Shopper Lead,1,0,1,0,0,0
6676,Specialty,Fuel/Car Wash,2,1,3,0,0,0
6676,Specialty,Maintenance,3,2,5,0,0,0
6676,Specialty,Optical,2,1,3,0,0,0
6676,Specialty,Pharmacy Tech,2,0,2,0,0,0
6676,Specialty,TBC Lead,1,0,1,0,0,0
6676,Specialty,TBC Tire Tech,4,2,6,0,0,0
6693,Fresh,Baker/Packager,2,4,6,0,1,1
6693,Fresh,Bakery Lead,1,0,1,0,0,0
6693,Fresh,Café,2,5,7,0,1,1
6693,Fresh,Cake Decorator,3,2,5,0,0,0
6693,Fresh,Freezer/Cooler/Deli,3,2,5,0,0,0
6693,Fresh,HMS/Rotisserie,3,3,6,0,0,0
6693,Fresh,Meat Cutter/Wrapper,1,2,3,0,0,0
6693,Fresh,Meat Lead,1,0,1,0,0,0
6693,Fresh,Prepared Food Lead,1,0,1,0,0,0
6693,Fresh,Produce,3,3,6,1,0,1
6693,Fresh,Produce Lead,1,0,1,0,0,0
6693,Fresh,Senior Meat Cutter,3,1,4,0,0,0
6693,Member Team,Member Assist,4,4,8,0,0,0
6693,Member Team,Member Frontline,6,18,24,0,0,0
6693,Member Team,Member Specialist,6,4,10,0,0,0
6693,Member Team,Member Support,0,0,0,0,0,0
6693,Member Team,Member Team Lead,5,0,5,0,0,0
6693,Merchandising Team,Backroom Associate,5,0,5,1,0,1
6693,Merchandising Team,Forklift Driver,5,0,5,1,0,1
6693,Merchandising Team,Merchandising,12,9,21,2,0,2
6693,Merchandising Team,Merchandising Lead,4,0,4,0,0,0
6693,Personal Shopper,Personal Shopper,7,3,10,-1,2,1
6693,Personal Shopper,Personal Shopper Lead,1,0,1,0,0,0
6693,Specialty,Maintenance,3,2,5,0,0,0
6693,Specialty,TBC Lead,1,0,1,0,0,0
6693,Specialty,TBC Tire Tech,3,3,6,0,0,0
8144,Fresh,Baker/Packager,4,2,6,1,0,1
8144,Fresh,Bakery Lead,1,0,1,0,0,0
8144,Fresh,Café,3,5,8,0,1,1
8144,Fresh,Cake Decorator,3,2,5,0,0,0
8144,Fresh,Freezer/Cooler/Deli,4,3,7,1,0,1
8144,Fresh,HMS/Rotisserie,4,3,7,0,0,0
8144,Fresh,Meat Cutter/Wrapper,2,1,3,0,0,0
8144,Fresh,Meat Lead,1,0,1,0,0,0
8144,Fresh,Prepared Food Lead,1,0,1,0,0,0
8144,Fresh,Produce,3,4,7,0,1,1
8144,Fresh,Produce Lead,1,0,1,0,0,0
8144,Fresh,Senior Meat Cutter,4,1,5,0,0,0
8144,Member Team,Member Assist,4,4,8,0,0,0
8144,Member Team,Member Frontline,7,17,24,0,0,0
8144,Member Team,Member Specialist,8,3,11,0,0,0
8144,Member Team,Member Support,0,0,0,0,0,0
8144,Member Team,Member Team Lead,5,0,5,0,0,0
8144,Merchandising Team,Backroom Associate,4,0,4,0,0,0
8144,Merchandising Team,Forklift Driver,5,0,5,0,0,0
8144,Merchandising Team,Merchandising,12,10,22,0,0,0
8144,Merchandising Team,Merchandising Lead,4,0,4,0,0,0
8144,Personal Shopper,Personal Shopper,3,3,6,0,2,2
8144,Personal Shopper,Personal Shopper Lead,1,0,1,0,0,0
8144,Specialty,Fuel/Car Wash,5,5,10,0,0,0
8144,Specialty,Maintenance,3,2,5,0,0,0
8144,Specialty,Optical,1,1,2,0,0,0
8144,Specialty,Pharmacy Tech,3,1,4,0,0,0
8144,Specialty,TBC Lead,1,0,1,0,0,0
8144,Specialty,TBC Tire Tech,5,3,8,0,0,0
8145,Fresh,Baker/Packager,3,3,6,1,0,1
8145,Fresh,Bakery Lead,1,0,1,0,0,0
8145,Fresh,Café,2,5,7,0,1,1
8145,Fresh,Cake Decorator,2,2,4,0,0,0
8145,Fresh,Freezer/Cooler/Deli,3,2,5,0,1,1
8145,Fresh,HMS/Rotisserie,3,3,6,0,0,0
8145,Fresh,Meat Cutter/Wrapper,1,2,3,0,0,0
8145,Fresh,Meat Lead,1,0,1,0,0,0
8145,Fresh,Prepared Food Lead,1,0,1,0,0,0
8145,Fresh,Produce,2,4,6,0,1,1
8145,Fresh,Produce Lead,1,0,1,0,0,0
8145,Fresh,Senior Meat Cutter,4,1,5,0,0,0
8145,Member Team,Member Assist,3,3,6,0,0,0
8145,Member Team,Member Frontline,5,19,24,0,2,2
8145,Member Team,Member Specialist,5,3,8,0,1,1
8145,Member Team,Member Support,0,0,0,0,0,0
8145,Member Team,Member Team Lead,5,0,5,0,0,0
8145,Merchandising Team,Backroom Associate,4,0,4,0,0,0
8145,Merchandising Team,Forklift Driver,4,0,4,1,0,1
8145,Merchandising Team,Merchandising,9,9,18,1,0,1
8145,Merchandising Team,Merchandising Lead,4,0,4,0,0,0
8145,Personal Shopper,Personal Shopper,4,2,6,-1,2,1
8145,Personal Shopper,Personal Shopper Lead,1,0,1,0,0,0
8145,Specialty,Fuel/Car Wash,5,6,11,0,0,0
8145,Specialty,Maintenance,2,3,5,0,0,0
8145,Specialty,Optical,1,1,2,0,0,0
8145,Specialty,Pharmacy Tech,2,2,4,0,0,0
8145,Specialty,TBC Lead,1,0,1,0,0,0
8145,Specialty,TBC Tire Tech,3,3,6,0,0,0
8160,Fresh,Baker/Packager,3,3,6,0,1,1
8160,Fresh,Bakery Lead,1,0,1,0,0,0
8160,Fresh,Café,3,5,8,0,-1,-1
8160,Fresh,Cake Decorator,3,2,5,0,0,0
8160,Fresh,Freezer/Cooler/Deli,4,3,7,1,1,2
8160,Fresh,HMS/Rotisserie,4,3,7,0,0,0
8160,Fresh,Meat Cutter/Wrapper,1,2,3,0,0,0
8160,Fresh,Meat Lead,1,0,1,0,0,0
8160,Fresh,Prepared Food Lead,1,0,1,0,0,0
8160,Fresh,Produce,3,3,6,0,0,0
8160,Fresh,Produce Lead,1,0,1,0,0,0
8160,Fresh,Senior Meat Cutter,3,1,4,0,0,0
8160,Member Team,Member Assist,3,5,8,0,0,0
8160,Member Team,Member Frontline,6,19,25,0,0,0
8160,Member Team,Member Specialist,6,4,10,0,1,1
8160,Member Team,Member Support,0,0,0,0,0,0
8160,Member Team,Member Team Lead,5,0,5,0,0,0
8160,Merchandising Team,Backroom Associate,5,0,5,1,0,1
8160,Merchandising Team,Forklift Driver,5,0,5,0,0,0
8160,Merchandising Team,Merchandising,12,11,23,1,1,2
8160,Merchandising Team,Merchandising Lead,4,0,4,0,0,0
8160,Personal Shopper,Personal Shopper,5,2,7,-1,2,1
8160,Personal Shopper,Personal Shopper Lead,1,0,1,0,0,0
8160,Specialty,Fuel/Car Wash,2,3,5,0,0,0
8160,Specialty,Maintenance,3,2,5,0,0,0
8160,Specialty,Optical,1,1,2,0,0,0
8160,Specialty,Pharmacy Tech,2,1,3,0,0,0
8160,Specialty,TBC Lead,1,0,1,0,0,0
8160,Specialty,TBC Tire Tech,4,2,6,0,0,0
8175,Fresh,Baker/Packager,2,4,6,0,1,1
8175,Fresh,Bakery Lead,1,0,1,0,0,0
8175,Fresh,Café,2,4,6,0,-1,-1
8175,Fresh,Cake Decorator,3,1,4,0,0,0
8175,Fresh,Freezer/Cooler/Deli,3,1,4,0,0,0
8175,Fresh,HMS/Rotisserie,3,2,5,0,0,0
8175,Fresh,Meat Cutter/Wrapper,1,2,3,0,0,0
8175,Fresh,Meat Lead,1,0,1,0,0,0
8175,Fresh,Prepared Food Lead,1,0,1,0,0,0
8175,Fresh,Produce,2,3,5,0,1,1
8175,Fresh,Produce Lead,1,0,1,0,0,0
8175,Fresh,Senior Meat Cutter,3,1,4,0,0,0
8175,Member Team,Member Assist,3,4,7,0,1,1
8175,Member Team,Member Frontline,5,17,22,0,1,1
8175,Member Team,Member Specialist,6,3,9,0,0,0
8175,Member Team,Member Support,0,0,0,0,0,0
8175,Member Team,Member Team Lead,5,0,5,0,0,0
8175,Merchandising Team,Backroom Associate,4,0,4,0,0,0
8175,Merchandising Team,Forklift Driver,4,0,4,0,0,0
8175,Merchandising Team,Merchandising,10,9,19,0,0,0
8175,Merchandising Team,Merchandising Lead,4,0,4,0,0,0
8175,Personal Shopper,Personal Shopper,8,3,11,2,1,3
8175,Personal Shopper,Personal Shopper Lead,1,0,1,0,0,0
8175,Specialty,Fuel/Car Wash,2,1,3,0,0,0
8175,Specialty,Maintenance,2,3,5,0,0,0
8175,Specialty,Optical,1,1,2,0,0,0
8175,Specialty,Pharmacy Tech,1,2,3,0,0,0
8175,Specialty,TBC Lead,1,0,1,0,0,0
8175,Specialty,TBC Tire Tech,4,2,6,0,0,0
4041,Merchandising Team,Backroom Associate,11,0,11,0,0,0
4041,Merchandising Team,Forklift Driver,0,0,0,0,0,0
4041,Merchandising Team,Merchandising,0,0,0,0,0,0
4041,Merchandising Team,Merchandising Lead,0,0,0,0,0,0
4041,Personal Shopper,Personal Shopper,14,8,22,14,8,22
4041,Specialty,18-994-461 Receiving Dock_Day (T),0,0,0,0,0,0
4041,Specialty,18-994-464 O/N Merch A (T),0,0,0,0,0,0
4041,Specialty,Maintenance,1,0,1,0,0,0
4041,Specialty,Wholesale Trading,14,0,14,0,0,0
4041,Specialty,Wholesale Trading Lead,4,0,4,0,0,0
4041,Specialty,Yard Driver,1,0,1,0,0,0
4774,Fresh,Baker/Packager,4,2,6,0,1,1
4774,Fresh,Bakery Lead,1,0,1,0,0,0
4774,Fresh,Café,5,4,9,0,-1,-1
4774,Fresh,Cake Decorator,2,2,4,0,0,0
4774,Fresh,Freezer/Cooler/Deli,3,3,6,0,0,0
4774,Fresh,HMS/Rotisserie,3,3,6,0,0,0
4774,Fresh,Meat Cutter/Wrapper,2,1,3,0,0,0
4774,Fresh,Meat Lead,1,0,1,0,0,0
4774,Fresh,Prepared Food Lead,1,0,1,0,0,0
4774,Fresh,Produce,4,5,9,1,1,2
4774,Fresh,Produce Lead,1,0,1,0,0,0
4774,Fresh,Senior Meat Cutter,4,1,5,0,0,0
4774,Member Team,Member Assist,5,4,9,0,0,0
4774,Member Team,Member Frontline,7,18,25,0,0,0
4774,Member Team,Member Specialist,6,5,11,0,1,1
4774,Member Team,Member Support,0,0,0,0,0,0
4774,Member Team,Member Team Lead,5,0,5,0,0,0
4774,Merchandising Team,Backroom Associate,5,0,5,0,0,0
4774,Merchandising Team,Forklift Driver,6,0,6,1,0,1
4774,Merchandising Team,Merchandising,14,12,26,4,0,4
4774,Merchandising Team,Merchandising Lead,4,0,4,0,0,0
4774,Personal Shopper,Personal Shopper,8,4,12,-1,2,1
4774,Personal Shopper,Personal Shopper Lead,1,0,1,0,0,0
4774,Specialty,Asset Protection,1,0,1,0,0,0
4774,Specialty,Liquor,3,0,3,0,0,0
4774,Specialty,Maintenance,3,3,6,0,0,0
4774,Specialty,Optical,1,1,2,0,0,0
4774,Specialty,Pharmacy Tech,1,2,3,0,0,0
4774,Specialty,TBC Lead,1,0,1,0,0,0
4774,Specialty,TBC Tire Tech,5,4,9,0,0,0
4774,Specialty,Wholesale Trading,1,0,1,0,0,0
4774,Specialty,Wholesale Trading Lead,1,0,1,1,0,1
6333,Fresh,Baker/Packager,2,3,5,0,2,2
6333,Fresh,Bakery Lead,1,0,1,0,0,0
6333,Fresh,Café,2,5,7,0,1,1
6333,Fresh,Cake Decorator,2,1,3,0,0,0
6333,Fresh,Freezer/Cooler/Deli,3,2,5,0,1,1
6333,Fresh,HMS/Rotisserie,3,4,7,0,2,2
6333,Fresh,Meat Cutter/Wrapper,1,1,2,0,0,0
6333,Fresh,Meat Lead,1,0,1,0,0,0
6333,Fresh,Prepared Food Lead,1,0,1,0,0,0
6333,Fresh,Produce,2,4,6,0,1,1
6333,Fresh,Produce Lead,1,0,1,0,0,0
6333,Fresh,Senior Meat Cutter,3,1,4,0,0,0
6333,Member Team,Member Assist,3,5,8,0,0,0
6333,Member Team,Member Frontline,6,16,22,0,0,0
6333,Member Team,Member Specialist,6,3,9,0,1,1
6333,Member Team,Member Support,0,0,0,0,0,0
6333,Member Team,Member Team Lead,5,0,5,0,0,0
6333,Merchandising Team,Backroom Associate,4,0,4,0,0,0
6333,Merchandising Team,Forklift Driver,5,0,5,1,0,1
6333,Merchandising Team,Merchandising,10,9,19,-1,1,0
6333,Merchandising Team,Merchandising Lead,4,0,4,0,0,0
6333,Personal Shopper,Personal Shopper,5,2,7,-1,2,1
6333,Personal Shopper,Personal Shopper Lead,1,0,1,0,0,0
6333,Specialty,Fuel/Car Wash,2,1,3,0,0,0
6333,Specialty,Maintenance,3,2,5,0,0,0
6333,Specialty,Optical,2,1,3,0,0,0
6333,Specialty,Pharmacy Tech,3,1,4,0,0,0
6333,Specialty,TBC Lead,1,0,1,0,0,0
6333,Specialty,TBC Tire Tech,5,2,7,0,0,0
6352,Fresh,Baker/Packager,2,3,5,0,2,2
6352,Fresh,Bakery Lead,1,0,1,0,0,0
6352,Fresh,Café,2,5,7,0,1,1
6352,Fresh,Cake Decorator,2,1,3,0,0,0
6352,Fresh,Freezer/Cooler/Deli,3,1,4,0,0,0
6352,Fresh,HMS/Rotisserie,3,2,5,0,0,0
6352,Fresh,Meat Cutter/Wrapper,1,1,2,0,0,0
6352,Fresh,Meat Lead,1,0,1,0,0,0
6352,Fresh,Prepared Food Lead,1,0,1,0,0,0
6352,Fresh,Produce,2,3,5,0,1,1
6352,Fresh,Produce Lead,1,0,1,0,0,0
6352,Fresh,Senior Meat Cutter,3,1,4,0,0,0
6352,Member Team,Member Assist,2,5,7,0,1,1
6352,Member Team,Member Frontline,5,16,21,0,1,1
6352,Member Team,Member Specialist,5,3,8,0,1,1
6352,Member Team,Member Support,0,0,0,0,0,0
6352,Member Team,Member Team Lead,4,0,4,0,0,0
6352,Merchandising Team,Backroom Associate,4,0,4,0,0,0
6352,Merchandising Team,Forklift Driver,4,0,4,1,0,1
6352,Merchandising Team,Merchandising,8,8,16,0,0,0
6352,Merchandising Team,Merchandising Lead,4,0,4,0,0,0
6352,Personal Shopper,Personal Shopper,6,4,10,-1,2,1
6352,Personal Shopper,Personal Shopper Lead,1,0,1,0,0,0
6352,Specialty,Fuel/Car Wash,2,1,3,0,0,0
6352,Specialty,Maintenance,2,2,4,0,0,0
6352,Specialty,Optical,1,1,2,0,0,0
6352,Specialty,Pharmacy Tech,3,1,4,0,0,0
6352,Specialty,TBC Lead,1,0,1,0,0,0
6352,Specialty,TBC Tire Tech,4,2,6,0,0,0
6356,Fresh,Baker/Packager,2,3,5,0,0,0
6356,Fresh,Bakery Lead,1,0,1,0,0,0
6356,Fresh,Café,2,3,5,0,-1,-1
6356,Fresh,Cake Decorator,1,2,3,-1,0,-1
6356,Fresh,Freezer/Cooler/Deli,3,1,4,0,0,0
6356,Fresh,HMS/Rotisserie,3,2,5,0,0,0
6356,Fresh,Meat Cutter/Wrapper,1,1,2,0,0,0
6356,Fresh,Meat Lead,1,0,1,0,0,0
6356,Fresh,Prepared Food Lead,1,0,1,0,0,0
6356,Fresh,Produce,4,2,6,0,0,0
6356,Fresh,Produce Lead,1,0,1,0,0,0
6356,Fresh,Senior Meat Cutter,4,1,5,0,0,0
6356,Member Team,Member Assist,3,3,6,0,0,0
6356,Member Team,Member Frontline,5,16,21,0,0,0
6356,Member Team,Member Specialist,5,3,8,0,0,0
6356,Member Team,Member Support,0,0,0,0,0,0
6356,Member Team,Member Team Lead,5,0,5,0,0,0
6356,Merchandising Team,Backroom Associate,4,0,4,0,0,0
6356,Merchandising Team,Forklift Driver,4,0,4,0,0,0
6356,Merchandising Team,Merchandising,10,9,19,0,0,0
6356,Merchandising Team,Merchandising Lead,4,0,4,0,0,0
6356,Personal Shopper,Personal Shopper,3,2,5,1,1,2
6356,Personal Shopper,Personal Shopper Lead,1,0,1,0,0,0
6356,Specialty,Maintenance,2,2,4,0,0,0
6356,Specialty,Optical,2,0,2,0,0,0
6356,Specialty,Pharmacy Tech,2,0,2,0,0,0
6356,Specialty,TBC Lead,1,0,1,0,0,0
6356,Specialty,TBC Tire Tech,4,2,6,0,0,0
6369,Fresh,Baker/Packager,4,4,8,0,2,2
6369,Fresh,Bakery Lead,1,0,1,0,0,0
6369,Fresh,Café,3,5,8,0,0,0
6369,Fresh,Cake Decorator,3,0,3,0,0,0
6369,Fresh,Freezer/Cooler/Deli,4,3,7,1,0,1
6369,Fresh,HMS/Rotisserie,3,2,5,0,0,0
6369,Fresh,Meat Cutter/Wrapper,2,1,3,0,0,0
6369,Fresh,Meat Lead,1,0,1,0,0,0
6369,Fresh,Prepared Food Lead,1,0,1,0,0,0
6369,Fresh,Produce,3,6,9,0,0,0
6369,Fresh,Produce Lead,1,0,1,0,0,0
6369,Fresh,Senior Meat Cutter,4,2,6,0,0,0
6369,Member Team,Member Assist,2,8,10,0,0,0
6369,Member Team,Member Frontline,6,17,23,0,0,0
6369,Member Team,Member Specialist,7,4,11,0,0,0
6369,Member Team,Member Support,0,0,0,0,0,0
6369,Member Team,Member Team Lead,5,0,5,0,0,0
6369,Merchandising Team,Backroom Associate,5,0,5,1,0,1
6369,Merchandising Team,Forklift Driver,5,0,5,1,0,1
6369,Merchandising Team,Merchandising,12,13,25,1,0,1
6369,Merchandising Team,Merchandising Lead,4,0,4,0,0,0
6369,Personal Shopper,Personal Shopper,8,3,11,0,1,1
6369,Personal Shopper,Personal Shopper Lead,1,0,1,0,0,0
6369,Specialty,Fuel/Car Wash,6,8,14,1,2,3
6369,Specialty,Maintenance,3,3,6,0,0,0
6369,Specialty,Optical,1,1,2,0,0,0
6369,Specialty,Pharmacy Tech,1,2,3,0,0,0
6369,Specialty,TBC Lead,1,0,1,0,0,0
6369,Specialty,TBC Tire Tech,3,3,6,0,0,0
6369,Specialty,Wholesale Trading Lead,0,0,0,0,0,0
6386,Fresh,Baker/Packager,2,2,4,0,1,1
6386,Fresh,Bakery Lead,1,0,1,0,0,0
6386,Fresh,Café,2,2,4,0,-1,-1
6386,Fresh,Cake Decorator,1,2,3,0,0,0
6386,Fresh,Freezer/Cooler/Deli,3,1,4,0,0,0
6386,Fresh,HMS/Rotisserie,2,3,5,0,0,0
6386,Fresh,Meat Cutter/Wrapper,1,1,2,0,0,0
6386,Fresh,Meat Lead,1,0,1,0,0,0
6386,Fresh,Prepared Food Lead,1,0,1,0,0,0
6386,Fresh,Produce,2,3,5,0,1,1
6386,Fresh,Produce Lead,1,0,1,0,0,0
6386,Fresh,Senior Meat Cutter,3,1,4,0,0,0
6386,Member Team,Member Assist,2,4,6,0,0,0
6386,Member Team,Member Frontline,5,14,19,0,0,0
6386,Member Team,Member Specialist,5,2,7,0,0,0
6386,Member Team,Member Support,0,0,0,0,0,0
6386,Member Team,Member Team Lead,4,0,4,0,0,0
6386,Merchandising Team,Backroom Associate,4,0,4,0,0,0
6386,Merchandising Team,Forklift Driver,3,0,3,0,0,0
6386,Merchandising Team,Merchandising,8,8,16,0,0,0
6386,Merchandising Team,Merchandising Lead,4,0,4,0,0,0
6386,Personal Shopper,Personal Shopper,5,2,7,-1,2,1
6386,Personal Shopper,Personal Shopper Lead,1,0,1,0,0,0
6386,Specialty,Fuel/Car Wash,2,1,3,0,0,0
6386,Specialty,Maintenance,2,2,4,0,0,0
6386,Specialty,Optical,1,1,2,0,0,0
6386,Specialty,Pharmacy Tech,1,2,3,0,0,0
6386,Specialty,TBC Lead,1,0,1,0,0,0
6386,Specialty,TBC Tire Tech,4,3,7,0,0,0
6423,Fresh,Baker/Packager,3,2,5,0,1,1
6423,Fresh,Bakery Lead,1,0,1,0,0,0
6423,Fresh,Café,3,3,6,0,-1,-1
6423,Fresh,Cake Decorator,3,1,4,0,0,0
6423,Fresh,Freezer/Cooler/Deli,3,2,5,0,0,0
6423,Fresh,HMS/Rotisserie,4,3,7,0,0,0
6423,Fresh,Meat Cutter/Wrapper,1,2,3,0,0,0
6423,Fresh,Meat Lead,1,0,1,0,0,0
6423,Fresh,Prepared Food Lead,1,0,1,0,0,0
6423,Fresh,Produce,2,5,7,0,1,1
6423,Fresh,Produce Lead,1,0,1,0,0,0
6423,Fresh,Senior Meat Cutter,4,1,5,0,0,0
6423,Member Team,Member Assist,3,5,8,0,0,0
6423,Member Team,Member Frontline,5,17,22,0,0,0
6423,Member Team,Member Specialist,6,3,9,0,0,0
6423,Member Team,Member Support,0,0,0,0,0,0
6423,Member Team,Member Team Lead,5,0,5,0,0,0
6423,Merchandising Team,Backroom Associate,4,0,4,0,0,0
6423,Merchandising Team,Forklift Driver,5,0,5,0,0,0
6423,Merchandising Team,Merchandising,11,9,20,0,0,0
6423,Merchandising Team,Merchandising Lead,4,0,4,0,0,0
6423,Personal Shopper,Personal Shopper,4,1,5,0,0,0
6423,Personal Shopper,Personal Shopper Lead,1,0,1,0,0,0
6423,Specialty,Fuel/Car Wash,2,1,3,0,0,0
6423,Specialty,Maintenance,3,2,5,0,0,0
6423,Specialty,Optical,1,1,2,0,0,0
6423,Specialty,Pharmacy Tech,2,1,3,0,0,0
6423,Specialty,TBC Lead,1,0,1,0,0,0
6423,Specialty,TBC Tire Tech,3,3,6,0,0,0
6428,Fresh,Baker/Packager,4,2,6,1,0,1
6428,Fresh,Bakery Lead,1,0,1,0,0,0
6428,Fresh,Café,3,4,7,0,-1,-1
6428,Fresh,Cake Decorator,3,2,5,0,0,0
6428,Fresh,Freezer/Cooler/Deli,4,3,7,1,0,1
6428,Fresh,HMS/Rotisserie,4,3,7,0,0,0
6428,Fresh,Meat Cutter/Wrapper,2,1,3,0,0,0
6428,Fresh,Meat Lead,1,0,1,0,0,0
6428,Fresh,Prepared Food Lead,1,0,1,0,0,0
6428,Fresh,Produce,3,6,9,0,1,1
6428,Fresh,Produce Lead,1,0,1,0,0,0
6428,Fresh,Senior Meat Cutter,3,1,4,0,0,0
6428,Member Team,Member Assist,4,5,9,0,0,0
6428,Member Team,Member Frontline,6,20,26,0,3,3
6428,Member Team,Member Specialist,6,5,11,0,2,2
6428,Member Team,Member Support,0,0,0,0,0,0
6428,Member Team,Member Team Lead,5,0,5,0,0,0
6428,Merchandising Team,Backroom Associate,5,0,5,1,0,1
6428,Merchandising Team,Forklift Driver,6,0,6,0,0,0
6428,Merchandising Team,Merchandising,14,12,26,0,0,0
6428,Merchandising Team,Merchandising Lead,4,0,4,0,0,0
6428,Personal Shopper,Personal Shopper,12,5,17,5,3,8
6428,Personal Shopper,Personal Shopper Lead,1,0,1,0,0,0
6428,Specialty,Fuel/Car Wash,2,1,3,0,0,0
6428,Specialty,Maintenance,3,3,6,0,0,0
6428,Specialty,Optical,2,1,3,0,0,0
6428,Specialty,Pharmacy Tech,2,1,3,0,0,0
6428,Specialty,TBC Lead,1,0,1,0,0,0
6428,Specialty,TBC Tire Tech,3,3,6,0,0,0
6462,Fresh,Baker/Packager,2,2,4,0,1,1
6462,Fresh,Bakery Lead,1,0,1,0,0,0
6462,Fresh,Café,2,4,6,0,0,0
6462,Fresh,Cake Decorator,2,1,3,0,0,0
6462,Fresh,Freezer/Cooler/Deli,3,1,4,0,0,0
6462,Fresh,HMS/Rotisserie,3,3,6,0,1,1
6462,Fresh,Meat Cutter/Wrapper,1,1,2,0,0,0
6462,Fresh,Meat Lead,1,0,1,0,0,0
6462,Fresh,Prepared Food Lead,1,0,1,0,0,0
6462,Fresh,Produce,2,3,5,0,1,1
6462,Fresh,Produce Lead,1,0,1,0,0,0
6462,Fresh,Senior Meat Cutter,3,1,4,0,0,0
6462,Member Team,Member Assist,3,4,7,0,0,0
6462,Member Team,Member Frontline,5,16,21,0,0,0
6462,Member Team,Member Specialist,6,2,8,0,0,0
6462,Member Team,Member Support,0,0,0,0,0,0
6462,Member Team,Member Team Lead,5,0,5,0,0,0
6462,Merchandising Team,Backroom Associate,4,0,4,0,0,0
6462,Merchandising Team,Forklift Driver,4,0,4,0,0,0
6462,Merchandising Team,Merchandising,10,9,19,0,1,1
6462,Merchandising Team,Merchandising Lead,4,0,4,0,0,0
6462,Personal Shopper,Personal Shopper,3,2,5,0,0,0
6462,Personal Shopper,Personal Shopper Lead,1,0,1,0,0,0
6462,Specialty,Maintenance,3,0,3,0,0,0
6462,Specialty,TBC Lead,1,0,1,0,0,0
6462,Specialty,TBC Tire Tech,4,2,6,0,0,0
6581,Fresh,Baker/Packager,4,2,6,1,1,2
6581,Fresh,Bakery Lead,1,0,1,0,0,0
6581,Fresh,Café,3,5,8,0,1,1
6581,Fresh,Cake Decorator,2,2,4,0,0,0
6581,Fresh,Freezer/Cooler/Deli,4,2,6,1,1,2
6581,Fresh,HMS/Rotisserie,3,4,7,0,0,0
6581,Fresh,Meat Cutter/Wrapper,1,2,3,0,0,0
6581,Fresh,Meat Lead,1,0,1,0,0,0
6581,Fresh,Prepared Food Lead,1,0,1,0,0,0
6581,Fresh,Produce,3,4,7,0,2,2
6581,Fresh,Produce Lead,1,0,1,0,0,0
6581,Fresh,Senior Meat Cutter,3,1,4,0,0,0
6581,Member Team,Member Assist,3,5,8,0,0,0
6581,Member Team,Member Frontline,7,18,25,1,1,2
6581,Member Team,Member Specialist,7,3,10,0,0,0
6581,Member Team,Member Support,0,0,0,0,0,0
6581,Member Team,Member Team Lead,5,0,5,0,0,0
6581,Merchandising Team,Backroom Associate,5,0,5,1,0,1
6581,Merchandising Team,Forklift Driver,6,0,6,1,0,1
6581,Merchandising Team,Merchandising,13,12,25,-1,1,0
6581,Merchandising Team,Merchandising Lead,4,0,4,0,0,0
6581,Personal Shopper,Personal Shopper,9,4,13,3,2,5
6581,Personal Shopper,Personal Shopper Lead,1,0,1,0,0,0
6581,Specialty,Fuel/Car Wash,2,1,3,0,0,0
6581,Specialty,Maintenance,3,2,5,0,0,0
6581,Specialty,Optical,2,0,2,0,0,0
6581,Specialty,Pharmacy Tech,1,2,3,0,0,0
6581,Specialty,TBC Lead,1,0,1,0,0,0
6581,Specialty,TBC Tire Tech,4,2,6,0,0,0
6636,Fresh,Baker/Packager,4,4,8,1,1,2
6636,Fresh,Bakery Lead,1,0,1,0,0,0
6636,Fresh,Café,3,4,7,0,-1,-1
6636,Fresh,Cake Decorator,2,3,5,0,1,1
6636,Fresh,Freezer/Cooler/Deli,4,3,7,1,1,2
6636,Fresh,HMS/Rotisserie,4,2,6,0,0,0
6636,Fresh,Meat Cutter/Wrapper,2,3,5,0,0,0
6636,Fresh,Meat Lead,1,0,1,0,0,0
6636,Fresh,Prepared Food Lead,1,0,1,0,0,0
6636,Fresh,Produce,3,6,9,0,1,1
6636,Fresh,Produce Lead,1,0,1,0,0,0
6636,Fresh,Senior Meat Cutter,4,1,5,0,0,0
6636,Member Team,Member Assist,4,5,9,0,0,0
6636,Member Team,Member Frontline,6,19,25,0,0,0
6636,Member Team,Member Specialist,8,3,11,0,0,0
6636,Member Team,Member Support,0,0,0,0,0,0
6636,Member Team,Member Team Lead,5,0,5,0,0,0
6636,Merchandising Team,Backroom Associate,5,0,5,1,0,1
6636,Merchandising Team,Forklift Driver,5,0,5,0,0,0
6636,Merchandising Team,Merchandising,11,9,20,0,0,0
6636,Merchandising Team,Merchandising Lead,4,0,4,0,0,0
6636,Personal Shopper,Personal Shopper,4,1,5,0,0,0
6636,Personal Shopper,Personal Shopper Lead,1,0,1,0,0,0
6636,Specialty,Fuel/Car Wash,2,1,3,0,0,0
6636,Specialty,Liquor,2,1,3,0,1,1
6636,Specialty,Maintenance,3,3,6,0,0,0
6636,Specialty,Pharmacy Tech,1,2,3,0,0,0
6674,Fresh,Baker/Packager,4,3,7,0,0,0
6674,Fresh,Bakery Lead,1,0,1,0,0,0
6674,Fresh,Café,4,3,7,0,-1,-1
6674,Fresh,Cake Decorator,3,0,3,0,-1,-1
6674,Fresh,Freezer/Cooler/Deli,5,4,9,1,0,1
6674,Fresh,HMS/Rotisserie,4,3,7,0,0,0
6674,Fresh,Meat Cutter/Wrapper,4,2,6,0,0,0
6674,Fresh,Meat Lead,1,0,1,0,0,0
6674,Fresh,Prepared Food Lead,1,0,1,0,0,0
6674,Fresh,Produce,5,6,11,1,1,2
6674,Fresh,Produce Lead,1,0,1,0,0,0
6674,Fresh,Senior Meat Cutter,4,1,5,0,0,0
6674,Member Team,Member Assist,5,6,11,0,0,0
6674,Member Team,Member Frontline,7,19,26,0,0,0
6674,Member Team,Member Specialist,9,5,14,0,0,0
6674,Member Team,Member Support,0,0,0,0,0,0
6674,Member Team,Member Team Lead,6,0,6,0,0,0
6674,Merchandising Team,Backroom Associate,5,0,5,0,0,0
6674,Merchandising Team,Forklift Driver,6,0,6,0,0,0
6674,Merchandising Team,Merchandising,14,10,24,0,0,0
6674,Merchandising Team,Merchandising Lead,4,0,4,0,0,0
6674,Personal Shopper,Personal Shopper,4,2,6,-1,2,1
6674,Personal Shopper,Personal Shopper Lead,1,0,1,0,0,0
6674,Specialty,Maintenance,4,3,7,0,0,0
6674,Specialty,Optical,2,0,2,0,0,0
6674,Specialty,Pharmacy Tech,2,1,3,0,0,0
6674,Specialty,TBC Lead,1,0,1,0,0,0
6674,Specialty,TBC Tire Tech,4,3,7,0,0,0
8186,Fresh,Baker/Packager,2,2,4,0,-1,-1
8186,Fresh,Bakery Lead,1,0,1,0,0,0
8186,Fresh,Café,2,3,5,0,1,1
8186,Fresh,Cake Decorator,2,1,3,0,0,0
8186,Fresh,Freezer/Cooler/Deli,3,1,4,0,0,0
8186,Fresh,HMS/Rotisserie,3,2,5,0,0,0
8186,Fresh,Meat Cutter/Wrapper,1,1,2,0,0,0
8186,Fresh,Meat Lead,1,0,1,0,0,0
8186,Fresh,Prepared Food Lead,1,0,1,0,0,0
8186,Fresh,Produce,2,4,6,0,1,1
8186,Fresh,Produce Lead,1,0,1,0,0,0
8186,Fresh,Senior Meat Cutter,3,1,4,0,0,0
8186,Member Team,Member Assist,4,3,7,0,0,0
8186,Member Team,Member Frontline,6,15,21,0,0,0
8186,Member Team,Member Specialist,6,3,9,1,1,2
8186,Member Team,Member Support,0,0,0,0,0,0
8186,Member Team,Member Team Lead,5,0,5,0,0,0
8186,Merchandising Team,Backroom Associate,4,0,4,0,0,0
8186,Merchandising Team,Forklift Driver,4,0,4,0,0,0
8186,Merchandising Team,Merchandising,10,9,19,0,1,1
8186,Merchandising Team,Merchandising Lead,4,0,4,0,0,0
8186,Personal Shopper,Personal Shopper,5,2,7,-1,2,1
8186,Personal Shopper,Personal Shopper Lead,1,0,1,0,0,0
8186,Specialty,Fuel/Car Wash,2,1,3,0,0,0
8186,Specialty,Maintenance,3,2,5,0,0,0
8186,Specialty,Optical,1,1,2,0,0,0
8186,Specialty,Pharmacy Tech,1,2,3,0,0,0
8186,Specialty,TBC Lead,1,0,1,0,0,0
8186,Specialty,TBC Tire Tech,3,3,6,0,0,0
8191,Fresh,Baker/Packager,4,5,9,1,2,3
8191,Fresh,Bakery Lead,1,0,1,0,0,0
8191,Fresh,Café,3,5,8,0,1,1
8191,Fresh,Cake Decorator,3,2,5,0,0,0
8191,Fresh,Freezer/Cooler/Deli,4,3,7,1,1,2
8191,Fresh,HMS/Rotisserie,4,3,7,0,0,0
8191,Fresh,Meat Cutter/Wrapper,2,1,3,0,0,0
8191,Fresh,Meat Lead,1,0,1,0,0,0
8191,Fresh,Prepared Food Lead,1,0,1,0,0,0
8191,Fresh,Produce,3,3,6,1,0,1
8191,Fresh,Produce Lead,1,0,1,0,0,0
8191,Fresh,Senior Meat Cutter,4,1,5,0,0,0
8191,Member Team,Member Assist,3,6,9,0,1,1
8191,Member Team,Member Frontline,7,20,27,1,3,4
8191,Member Team,Member Specialist,8,5,13,0,3,3
8191,Member Team,Member Support,0,0,0,0,0,0
8191,Member Team,Member Team Lead,5,0,5,0,0,0
8191,Merchandising Team,Backroom Associate,5,0,5,0,0,0
8191,Merchandising Team,Forklift Driver,6,0,6,1,0,1
8191,Merchandising Team,Merchandising,16,13,29,3,1,4
8191,Merchandising Team,Merchandising Lead,4,0,4,0,0,0
8191,Personal Shopper,Personal Shopper,4,2,6,0,2,2
8191,Personal Shopper,Personal Shopper Lead,1,0,1,0,0,0
8191,Specialty,Asset Protection,1,0,1,0,0,0
8191,Specialty,Fuel/Car Wash,2,1,3,0,0,0
8191,Specialty,Maintenance,3,1,4,0,0,0
8191,Specialty,Optical,1,1,2,0,0,0
8191,Specialty,Pharmacy Tech,3,1,4,0,0,0
8191,Specialty,TBC Lead,1,0,1,0,0,0
8191,Specialty,TBC Tire Tech,4,2,6,0,0,0
4703,Fresh,Baker/Packager,3,3,6,1,0,1
4703,Fresh,Bakery Lead,1,0,1,0,0,0
4703,Fresh,Café,4,5,9,1,0,1
4703,Fresh,Cake Decorator,2,2,4,0,0,0
4703,Fresh,Freezer/Cooler/Deli,4,2,6,1,0,1
4703,Fresh,HMS/Rotisserie,2,3,5,0,0,0
4703,Fresh,Meat Cutter/Wrapper,2,1,3,0,0,0
4703,Fresh,Meat Lead,1,0,1,0,0,0
4703,Fresh,Prepared Food Lead,1,0,1,0,0,0
4703,Fresh,Produce,2,4,6,0,1,1
4703,Fresh,Produce Lead,1,0,1,0,0,0
4703,Fresh,Senior Meat Cutter,4,1,5,0,0,0
4703,Member Team,Member Assist,3,4,7,0,0,0
4703,Member Team,Member Frontline,6,17,23,0,0,0
4703,Member Team,Member Specialist,7,3,10,0,0,0
4703,Member Team,Member Support,0,0,0,0,0,0
4703,Member Team,Member Team Lead,5,0,5,0,0,0
4703,Merchandising Team,Backroom Associate,4,0,4,0,0,0
4703,Merchandising Team,Forklift Driver,4,0,4,0,0,0
4703,Merchandising Team,Merchandising,10,10,20,0,1,1
4703,Merchandising Team,Merchandising Lead,4,0,4,0,0,0
4703,Personal Shopper,Personal Shopper,6,4,10,-1,2,1
4703,Personal Shopper,Personal Shopper Lead,1,0,1,0,0,0
4703,Specialty,Fuel/Car Wash,2,1,3,0,0,0
4703,Specialty,Maintenance,3,2,5,0,0,0
4703,Specialty,Optical,2,1,3,0,0,0
4703,Specialty,Pharmacy Tech,3,1,4,0,0,0
4703,Specialty,TBC Lead,1,0,1,0,0,0
4703,Specialty,TBC Tire Tech,4,1,5,0,0,0
4784,Fresh,Baker/Packager,3,3,6,1,0,1
4784,Fresh,Bakery Lead,1,0,1,0,0,0
4784,Fresh,Café,4,8,12,0,1,1
4784,Fresh,Cake Decorator,2,2,4,0,0,0
4784,Fresh,Freezer/Cooler/Deli,3,2,5,0,0,0
4784,Fresh,HMS/Rotisserie,3,4,7,0,0,0
4784,Fresh,Meat Cutter/Wrapper,3,1,4,0,0,0
4784,Fresh,Meat Lead,1,0,1,0,0,0
4784,Fresh,Prepared Food Lead,1,0,1,0,0,0
4784,Fresh,Produce,3,3,6,0,1,1
4784,Fresh,Produce Lead,1,0,1,0,0,0
4784,Fresh,Senior Meat Cutter,4,1,5,0,1,1
4784,Member Team,Member Assist,3,6,9,0,1,1
4784,Member Team,Member Frontline,6,18,24,0,0,0
4784,Member Team,Member Specialist,8,5,13,0,0,0
4784,Member Team,Member Support,0,0,0,0,0,0
4784,Member Team,Member Team Lead,5,0,5,0,0,0
4784,Merchandising Team,Backroom Associate,5,0,5,1,0,1
4784,Merchandising Team,Forklift Driver,5,0,5,0,0,0
4784,Merchandising Team,Merchandising,12,11,23,1,2,3
4784,Merchandising Team,Merchandising Lead,4,0,4,0,0,0
4784,Personal Shopper,Personal Shopper,5,3,8,-1,2,1
4784,Personal Shopper,Personal Shopper Lead,1,0,1,0,0,0
4784,Specialty,Fuel/Car Wash,2,1,3,0,0,0
4784,Specialty,Maintenance,3,1,4,0,0,0
4784,Specialty,Optical,2,1,3,0,0,0
4784,Specialty,Pharmacy Tech,3,1,4,0,0,0
4784,Specialty,TBC Lead,1,0,1,0,0,0
4784,Specialty,TBC Tire Tech,4,2,6,0,0,0
4938,Fresh,Baker/Packager,2,4,6,0,1,1
4938,Fresh,Bakery Lead,1,0,1,0,0,0
4938,Fresh,Café,4,6,10,0,0,0
4938,Fresh,Cake Decorator,3,1,4,0,0,0
4938,Fresh,Freezer/Cooler/Deli,4,2,6,1,0,1
4938,Fresh,HMS/Rotisserie,3,3,6,0,1,1
4938,Fresh,Meat Cutter/Wrapper,2,2,4,0,0,0
4938,Fresh,Meat Lead,1,0,1,0,0,0
4938,Fresh,Prepared Food Lead,1,0,1,0,0,0
4938,Fresh,Produce,3,3,6,0,1,1
4938,Fresh,Produce Lead,1,0,1,0,0,0
4938,Fresh,Senior Meat Cutter,4,2,6,0,0,0
4938,Member Team,Member Assist,3,6,9,0,0,0
4938,Member Team,Member Frontline,7,16,23,0,0,0
4938,Member Team,Member Specialist,9,3,12,0,0,0
4938,Member Team,Member Support,0,0,0,0,0,0
4938,Member Team,Member Team Lead,5,0,5,0,0,0
4938,Merchandising Team,Backroom Associate,5,0,5,0,0,0
4938,Merchandising Team,Forklift Driver,6,0,6,1,0,1
4938,Merchandising Team,Merchandising,13,12,25,0,1,1
4938,Merchandising Team,Merchandising Lead,4,0,4,0,0,0
4938,Personal Shopper,Personal Shopper,11,5,16,3,3,6
4938,Personal Shopper,Personal Shopper Lead,1,0,1,0,0,0
4938,Specialty,Asset Protection,1,0,1,0,0,0
4938,Specialty,Fuel/Car Wash,2,1,3,0,0,0
4938,Specialty,Maintenance,3,3,6,0,0,0
4938,Specialty,Optical,2,1,3,0,0,0
4938,Specialty,Pharmacy Tech,2,1,3,0,0,0
4938,Specialty,TBC Lead,1,0,1,0,0,0
4938,Specialty,TBC Tire Tech,4,2,6,0,0,0
4961,Fresh,Baker/Packager,2,1,3,0,0,0
4961,Fresh,Bakery Lead,1,0,1,0,0,0
4961,Fresh,Café,3,6,9,1,0,1
4961,Fresh,Cake Decorator,2,1,3,0,0,0
4961,Fresh,Freezer/Cooler/Deli,3,1,4,0,0,0
4961,Fresh,HMS/Rotisserie,2,2,4,0,0,0
4961,Fresh,Meat Cutter/Wrapper,1,2,3,0,0,0
4961,Fresh,Meat Lead,1,0,1,0,0,0
4961,Fresh,Prepared Food Lead,1,0,1,0,0,0
4961,Fresh,Produce,2,3,5,0,1,1
4961,Fresh,Produce Lead,1,0,1,0,0,0
4961,Fresh,Senior Meat Cutter,4,1,5,0,0,0
4961,Member Team,Member Assist,2,4,6,0,0,0
4961,Member Team,Member Frontline,5,16,21,0,0,0
4961,Member Team,Member Specialist,6,3,9,0,0,0
4961,Member Team,Member Support,0,0,0,0,0,0
4961,Member Team,Member Team Lead,4,0,4,0,0,0
4961,Merchandising Team,Backroom Associate,4,0,4,0,0,0
4961,Merchandising Team,Forklift Driver,4,0,4,0,0,0
4961,Merchandising Team,Merchandising,10,8,18,0,0,0
4961,Merchandising Team,Merchandising Lead,4,0,4,0,0,0
4961,Personal Shopper,Personal Shopper,3,2,5,1,1,2
4961,Personal Shopper,Personal Shopper Lead,1,0,1,0,0,0
4961,Specialty,Fuel/Car Wash,2,1,3,0,0,0
4961,Specialty,Maintenance,2,3,5,0,0,0
4961,Specialty,Optical,2,0,2,0,0,0
4961,Specialty,Pharmacy Tech,4,3,7,0,0,0
4961,Specialty,TBC Lead,1,0,1,0,0,0
4961,Specialty,TBC Tire Tech,3,3,6,0,0,0
6246,Fresh,Baker/Packager,3,2,5,1,0,1
6246,Fresh,Bakery Lead,1,0,1,0,0,0
6246,Fresh,Café,5,6,11,0,-1,-1
6246,Fresh,Cake Decorator,3,2,5,0,1,1
6246,Fresh,Freezer/Cooler/Deli,3,3,6,0,0,0
6246,Fresh,HMS/Rotisserie,3,5,8,0,0,0
6246,Fresh,Meat Cutter/Wrapper,1,2,3,0,0,0
6246,Fresh,Meat Lead,1,0,1,0,0,0
6246,Fresh,Prepared Food Lead,1,0,1,0,0,0
6246,Fresh,Produce,2,5,7,0,1,1
6246,Fresh,Produce Lead,1,0,1,0,0,0
6246,Fresh,Senior Meat Cutter,4,1,5,0,0,0
6246,Member Team,Member Assist,3,6,9,0,1,1
6246,Member Team,Member Frontline,6,17,23,0,1,1
6246,Member Team,Member Specialist,8,4,12,0,1,1
6246,Member Team,Member Support,0,0,0,0,0,0
6246,Member Team,Member Team Lead,5,0,5,0,0,0
6246,Merchandising Team,Backroom Associate,4,0,4,0,0,0
6246,Merchandising Team,Forklift Driver,5,0,5,1,0,1
6246,Merchandising Team,Merchandising,10,10,20,-1,1,0
6246,Merchandising Team,Merchandising Lead,4,0,4,0,0,0
6246,Personal Shopper,Personal Shopper,4,3,7,-1,2,1
6246,Personal Shopper,Personal Shopper Lead,1,0,1,0,0,0
6246,Specialty,Fuel/Car Wash,2,1,3,0,0,0
6246,Specialty,Maintenance,3,1,4,0,0,0
6246,Specialty,Optical,1,1,2,0,0,0
6246,Specialty,Pharmacy Tech,2,2,4,0,0,0
6246,Specialty,TBC Lead,1,0,1,0,0,0
6246,Specialty,TBC Tire Tech,3,3,6,0,0,0
6347,Fresh,Baker/Packager,2,3,5,0,0,0
6347,Fresh,Bakery Lead,1,0,1,0,0,0
6347,Fresh,Café,4,5,9,0,-1,-1
6347,Fresh,Cake Decorator,3,0,3,0,-1,-1
6347,Fresh,Freezer/Cooler/Deli,3,2,5,0,0,0
6347,Fresh,HMS/Rotisserie,2,3,5,0,0,0
6347,Fresh,Meat Cutter/Wrapper,2,1,3,0,0,0
6347,Fresh,Meat Lead,1,0,1,0,0,0
6347,Fresh,Prepared Food Lead,1,0,1,0,0,0
6347,Fresh,Produce,3,3,6,1,0,1
6347,Fresh,Produce Lead,1,0,1,0,0,0
6347,Fresh,Senior Meat Cutter,4,1,5,0,0,0
6347,Member Team,Member Assist,3,5,8,0,0,0
6347,Member Team,Member Frontline,7,17,24,0,0,0
6347,Member Team,Member Specialist,6,4,10,0,0,0
6347,Member Team,Member Support,0,0,0,0,0,0
6347,Member Team,Member Team Lead,5,0,5,0,0,0
6347,Merchandising Team,Backroom Associate,5,0,5,1,0,1
6347,Merchandising Team,Forklift Driver,5,0,5,0,0,0
6347,Merchandising Team,Merchandising,12,11,23,0,0,0
6347,Merchandising Team,Merchandising Lead,4,0,4,0,0,0
6347,Personal Shopper,Personal Shopper,5,2,7,-1,2,1
6347,Personal Shopper,Personal Shopper Lead,1,0,1,0,0,0
6347,Specialty,Fuel/Car Wash,2,1,3,0,0,0
6347,Specialty,Maintenance,3,1,4,0,0,0
6347,Specialty,Optical,1,1,2,0,0,0
6347,Specialty,Pharmacy Tech,3,2,5,0,0,0
6347,Specialty,TBC Lead,1,0,1,0,0,0
6347,Specialty,TBC Tire Tech,4,2,6,0,0,0
6408,Fresh,Baker/Packager,2,3,5,0,0,0
6408,Fresh,Bakery Lead,1,0,1,0,0,0
6408,Fresh,Café,4,3,7,0,-1,-1
6408,Fresh,Cake Decorator,2,2,4,0,0,0
6408,Fresh,Freezer/Cooler/Deli,3,2,5,0,0,0
6408,Fresh,HMS/Rotisserie,3,2,5,0,0,0
6408,Fresh,Meat Cutter/Wrapper,2,1,3,0,0,0
6408,Fresh,Meat Lead,1,0,1,0,0,0
6408,Fresh,Prepared Food Lead,1,0,1,0,0,0
6408,Fresh,Produce,3,3,6,0,1,1
6408,Fresh,Produce Lead,1,0,1,0,0,0
6408,Fresh,Senior Meat Cutter,3,1,4,0,0,0
6408,Member Team,Member Assist,3,4,7,0,0,0
6408,Member Team,Member Frontline,6,18,24,0,0,0
6408,Member Team,Member Specialist,6,4,10,0,0,0
6408,Member Team,Member Support,0,0,0,0,0,0
6408,Member Team,Member Team Lead,5,0,5,0,0,0
6408,Merchandising Team,Backroom Associate,4,0,4,0,0,0
6408,Merchandising Team,Forklift Driver,5,0,5,0,0,0
6408,Merchandising Team,Merchandising,12,9,21,0,0,0
6408,Merchandising Team,Merchandising Lead,4,0,4,0,0,0
6408,Personal Shopper,Personal Shopper,5,3,8,-1,2,1
6408,Personal Shopper,Personal Shopper Lead,1,0,1,0,0,0
6408,Specialty,Asset Protection,0,0,0,0,0,0
6408,Specialty,Fuel/Car Wash,2,1,3,0,0,0
6408,Specialty,Maintenance,3,1,4,0,0,0
6408,Specialty,Optical,1,1,2,0,0,0
6408,Specialty,Pharmacy Tech,3,2,5,0,0,0
6408,Specialty,TBC Lead,1,0,1,0,0,0
6408,Specialty,TBC Tire Tech,5,3,8,0,0,0
6439,Fresh,Baker/Packager,3,1,4,1,0,1
6439,Fresh,Bakery Lead,1,0,1,0,0,0
6439,Fresh,Café,3,7,10,0,1,1
6439,Fresh,Cake Decorator,3,1,4,0,0,0
6439,Fresh,Freezer/Cooler/Deli,3,2,5,0,0,0
6439,Fresh,HMS/Rotisserie,2,3,5,0,0,0
6439,Fresh,Meat Cutter/Wrapper,2,1,3,0,0,0
6439,Fresh,Meat Lead,1,0,1,0,0,0
6439,Fresh,Prepared Food Lead,1,0,1,0,0,0
6439,Fresh,Produce,2,4,6,0,1,1
6439,Fresh,Produce Lead,1,0,1,0,0,0
6439,Fresh,Senior Meat Cutter,5,1,6,0,1,1
6439,Member Team,Member Assist,3,5,8,0,0,0
6439,Member Team,Member Frontline,6,17,23,0,0,0
6439,Member Team,Member Specialist,7,5,12,0,0,0
6439,Member Team,Member Support,0,0,0,0,0,0
6439,Member Team,Member Team Lead,5,0,5,0,0,0
6439,Merchandising Team,Backroom Associate,5,0,5,0,0,0
6439,Merchandising Team,Forklift Driver,6,0,6,0,0,0
6439,Merchandising Team,Merchandising,15,13,28,2,0,2
6439,Merchandising Team,Merchandising Lead,4,0,4,0,0,0
6439,Personal Shopper,Personal Shopper,11,5,16,1,3,4
6439,Personal Shopper,Personal Shopper Lead,1,0,1,0,0,0
6439,Specialty,Fuel/Car Wash,2,1,3,0,0,0
6439,Specialty,Maintenance,3,3,6,0,0,0
6439,Specialty,Optical,1,1,2,0,0,0
6439,Specialty,Pharmacy Tech,2,2,4,0,0,0
6439,Specialty,TBC Lead,1,0,1,0,0,0
6439,Specialty,TBC Tire Tech,5,3,8,0,0,0
6502,Fresh,Baker/Packager,3,1,4,1,0,1
6502,Fresh,Bakery Lead,1,0,1,0,0,0
6502,Fresh,Café,5,7,12,0,1,1
6502,Fresh,Cake Decorator,3,1,4,0,0,0
6502,Fresh,Freezer/Cooler/Deli,3,2,5,0,1,1
6502,Fresh,HMS/Rotisserie,3,3,6,0,0,0
6502,Fresh,Meat Cutter/Wrapper,1,2,3,0,0,0
6502,Fresh,Meat Lead,1,0,1,0,0,0
6502,Fresh,Prepared Food Lead,1,0,1,0,0,0
6502,Fresh,Produce,2,4,6,0,2,2
6502,Fresh,Produce Lead,1,0,1,0,0,0
6502,Fresh,Senior Meat Cutter,3,1,4,0,0,0
6502,Member Team,Member Assist,4,4,8,1,1,2
6502,Member Team,Member Frontline,6,17,23,1,1,2
6502,Member Team,Member Specialist,9,4,13,0,0,0
6502,Member Team,Member Support,0,0,0,0,0,0
6502,Member Team,Member Team Lead,5,0,5,0,0,0
6502,Merchandising Team,Backroom Associate,4,0,4,0,0,0
6502,Merchandising Team,Forklift Driver,5,0,5,1,0,1
6502,Merchandising Team,Merchandising,11,10,21,1,0,1
6502,Merchandising Team,Merchandising Lead,4,0,4,0,0,0
6502,Personal Shopper,Personal Shopper,8,3,11,-1,2,1
6502,Personal Shopper,Personal Shopper Lead,1,0,1,0,0,0
6502,Specialty,Fuel/Car Wash,2,1,3,0,0,0
6502,Specialty,Maintenance,3,0,3,0,0,0
6502,Specialty,Optical,1,1,2,0,0,0
6502,Specialty,Pharmacy Tech,2,1,3,0,0,0
6502,Specialty,TBC Lead,1,0,1,0,0,0
6502,Specialty,TBC Tire Tech,4,1,5,0,0,0
6672,Fresh,Baker/Packager,3,2,5,1,1,2
6672,Fresh,Bakery Lead,1,0,1,0,0,0
6672,Fresh,Café,4,5,9,1,-1,0
6672,Fresh,Cake Decorator,2,1,3,0,0,0
6672,Fresh,Freezer/Cooler/Deli,3,1,4,0,0,0
6672,Fresh,HMS/Rotisserie,2,2,4,0,0,0
6672,Fresh,Meat Cutter/Wrapper,2,3,5,0,0,0
6672,Fresh,Meat Lead,1,0,1,0,0,0
6672,Fresh,Prepared Food Lead,1,0,1,0,0,0
6672,Fresh,Produce,2,3,5,0,1,1
6672,Fresh,Produce Lead,1,0,1,0,0,0
6672,Fresh,Senior Meat Cutter,3,1,4,0,0,0
6672,Member Team,Member Assist,3,4,7,0,1,1
6672,Member Team,Member Frontline,6,17,23,0,0,0
6672,Member Team,Member Specialist,6,2,8,0,0,0
6672,Member Team,Member Support,0,0,0,0,0,0
6672,Member Team,Member Team Lead,4,0,4,0,0,0
6672,Merchandising Team,Backroom Associate,4,0,4,0,0,0
6672,Merchandising Team,Forklift Driver,4,0,4,0,0,0
6672,Merchandising Team,Merchandising,10,9,19,0,0,0
6672,Merchandising Team,Merchandising Lead,4,0,4,0,0,0
6672,Personal Shopper,Personal Shopper,6,4,10,-1,2,1
6672,Personal Shopper,Personal Shopper Lead,1,0,1,0,0,0
6672,Specialty,Asset Protection,1,0,1,0,0,0
6672,Specialty,Fuel/Car Wash,2,1,3,0,0,0
6672,Specialty,Maintenance,2,2,4,0,0,0
6672,Specialty,Optical,2,0,2,0,0,0
6672,Specialty,Pharmacy Tech,2,1,3,0,0,0
6672,Specialty,TBC Lead,1,0,1,0,0,0
6672,Specialty,TBC Tire Tech,4,2,6,0,0,0
7676,Fresh,Baker/Packager,3,2,5,1,0,1
7676,Fresh,Bakery Lead,1,0,1,0,0,0
7676,Fresh,Café,3,6,9,0,1,1
7676,Fresh,Cake Decorator,2,2,4,0,0,0
7676,Fresh,Freezer/Cooler/Deli,4,3,7,1,0,1
7676,Fresh,HMS/Rotisserie,2,3,5,0,0,0
7676,Fresh,Meat Cutter/Wrapper,2,1,3,0,0,0
7676,Fresh,Meat Lead,1,0,1,0,0,0
7676,Fresh,Prepared Food Lead,1,0,1,0,0,0
7676,Fresh,Produce,2,5,7,0,1,1
7676,Fresh,Produce Lead,1,0,1,0,0,0
7676,Fresh,Senior Meat Cutter,5,1,6,0,1,1
7676,Member Team,Member Assist,3,5,8,0,0,0
7676,Member Team,Member Frontline,6,18,24,0,1,1
7676,Member Team,Member Specialist,6,4,10,0,0,0
7676,Member Team,Member Support,0,0,0,0,0,0
7676,Member Team,Member Team Lead,5,0,5,0,0,0
7676,Merchandising Team,Backroom Associate,5,0,5,0,0,0
7676,Merchandising Team,Forklift Driver,6,0,6,1,0,1
7676,Merchandising Team,Merchandising,13,12,25,2,1,3
7676,Merchandising Team,Merchandising Lead,4,0,4,0,0,0
7676,Personal Shopper,Personal Shopper,9,4,13,-1,2,1
7676,Personal Shopper,Personal Shopper Lead,1,0,1,0,0,0
7676,Specialty,Fuel/Car Wash,2,1,3,0,0,0
7676,Specialty,Maintenance,3,2,5,0,0,0
7676,Specialty,Optical,1,1,2,0,0,0
7676,Specialty,Pharmacy Tech,2,1,3,0,0,0
7676,Specialty,TBC Lead,1,0,1,0,0,0
7676,Specialty,TBC Tire Tech,3,3,6,0,0,0
8153,Fresh,Baker/Packager,3,3,6,0,2,2
8153,Fresh,Bakery Lead,1,0,1,0,0,0
8153,Fresh,Café,4,8,12,0,1,1
8153,Fresh,Cake Decorator,3,2,5,0,0,0
8153,Fresh,Freezer/Cooler/Deli,3,3,6,0,1,1
8153,Fresh,HMS/Rotisserie,4,3,7,0,0,0
8153,Fresh,Meat Cutter/Wrapper,2,1,3,0,0,0
8153,Fresh,Meat Lead,1,0,1,0,0,0
8153,Fresh,Prepared Food Lead,1,0,1,0,0,0
8153,Fresh,Produce,3,5,8,0,1,1
8153,Fresh,Produce Lead,1,0,1,0,0,0
8153,Fresh,Senior Meat Cutter,4,1,5,0,0,0
8153,Member Team,Member Assist,4,4,8,0,0,0
8153,Member Team,Member Frontline,6,18,24,0,0,0
8153,Member Team,Member Specialist,9,4,13,0,0,0
8153,Member Team,Member Support,0,0,0,0,0,0
8153,Member Team,Member Team Lead,5,0,5,0,0,0
8153,Merchandising Team,Backroom Associate,5,0,5,1,0,1
8153,Merchandising Team,Forklift Driver,5,0,5,0,0,0
8153,Merchandising Team,Merchandising,12,11,23,1,1,2
8153,Merchandising Team,Merchandising Lead,4,0,4,0,0,0
8153,Personal Shopper,Personal Shopper,10,1,11,0,0,0
8153,Personal Shopper,Personal Shopper Lead,1,0,1,0,0,0
8153,Specialty,Fuel/Car Wash,2,3,5,0,0,0
8153,Specialty,Maintenance,3,3,6,0,0,0
8153,Specialty,Optical,2,0,2,0,0,0
8153,Specialty,Pharmacy Tech,2,2,4,0,0,0
8153,Specialty,TBC Lead,1,0,1,0,0,0
8153,Specialty,TBC Tire Tech,5,2,7,0,0,0
8270,Fresh,Baker/Packager,3,3,6,0,1,1
8270,Fresh,Bakery Lead,1,0,1,0,0,0
8270,Fresh,Café,4,5,9,0,-1,-1
8270,Fresh,Cake Decorator,3,1,4,0,0,0
8270,Fresh,Freezer/Cooler/Deli,4,4,8,1,0,1
8270,Fresh,HMS/Rotisserie,3,2,5,0,0,0
8270,Fresh,Meat Cutter/Wrapper,2,2,4,0,0,0
8270,Fresh,Meat Lead,1,0,1,0,0,0
8270,Fresh,Prepared Food Lead,1,0,1,0,0,0
8270,Fresh,Produce,3,3,6,0,0,0
8270,Fresh,Produce Lead,1,0,1,0,0,0
8270,Fresh,Senior Meat Cutter,4,1,5,0,0,0
8270,Member Team,Member Assist,4,7,11,0,0,0
8270,Member Team,Member Frontline,7,19,26,0,2,2
8270,Member Team,Member Specialist,9,5,14,0,0,0
8270,Member Team,Member Support,0,0,0,0,0,0
8270,Member Team,Member Team Lead,6,0,6,0,0,0
8270,Merchandising Team,Backroom Associate,6,0,6,1,0,1
8270,Merchandising Team,Forklift Driver,6,0,6,0,0,0
8270,Merchandising Team,Merchandising,18,14,32,2,0,2
8270,Merchandising Team,Merchandising Lead,4,0,4,0,0,0
8270,Personal Shopper,Personal Shopper,10,5,15,-1,3,2
8270,Personal Shopper,Personal Shopper Lead,1,0,1,0,0,0
8270,Specialty,Fuel/Car Wash,2,1,3,0,0,0
8270,Specialty,Maintenance,4,2,6,0,0,0
8270,Specialty,Optical,2,0,2,0,0,0
8270,Specialty,Pharmacy Tech,3,2,5,0,0,0
8270,Specialty,TBC Lead,1,0,1,0,0,0
8270,Specialty,TBC Tire Tech,4,2,6,0,0,0
8279,Fresh,Baker/Packager,2,2,4,0,1,1
8279,Fresh,Bakery Lead,1,0,1,0,0,0
8279,Fresh,Café,3,3,6,0,-1,-1
8279,Fresh,Cake Decorator,2,1,3,0,0,0
8279,Fresh,Freezer/Cooler/Deli,3,1,4,0,0,0
8279,Fresh,HMS/Rotisserie,2,3,5,0,0,0
8279,Fresh,Meat Cutter/Wrapper,1,2,3,0,0,0
8279,Fresh,Meat Lead,1,0,1,0,0,0
8279,Fresh,Prepared Food Lead,1,0,1,0,0,0
8279,Fresh,Produce,2,4,6,0,0,0
8279,Fresh,Produce Lead,1,0,1,0,0,0
8279,Fresh,Senior Meat Cutter,3,1,4,0,0,0
8279,Member Team,Member Assist,2,5,7,0,2,2
8279,Member Team,Member Frontline,6,16,22,0,0,0
8279,Member Team,Member Specialist,6,2,8,0,0,0
8279,Member Team,Member Support,0,0,0,0,0,0
8279,Member Team,Member Team Lead,4,0,4,0,0,0
8279,Merchandising Team,Backroom Associate,4,0,4,0,0,0
8279,Merchandising Team,Forklift Driver,4,0,4,1,0,1
8279,Merchandising Team,Merchandising,9,10,19,1,0,1
8279,Merchandising Team,Merchandising Lead,4,0,4,0,0,0
8279,Personal Shopper,Personal Shopper,8,3,11,2,3,5
8279,Personal Shopper,Personal Shopper Lead,1,0,1,0,0,0
8279,Specialty,Fuel/Car Wash,2,1,3,0,0,0
8279,Specialty,Maintenance,2,3,5,0,0,0
8279,Specialty,Optical,1,1,2,0,0,0
8279,Specialty,Pharmacy Tech,2,1,3,0,0,0
8279,Specialty,TBC Lead,1,0,1,0,0,0
8279,Specialty,TBC Tire Tech,3,3,6,0,0,0
8280,Fresh,Baker/Packager,4,2,6,1,0,1
8280,Fresh,Bakery Lead,1,0,1,0,0,0
8280,Fresh,Café,8,7,15,0,-1,-1
8280,Fresh,Cake Decorator,3,4,7,0,1,1
8280,Fresh,Freezer/Cooler/Deli,4,5,9,1,1,2
8280,Fresh,HMS/Rotisserie,6,5,11,0,0,0
8280,Fresh,Meat Cutter/Wrapper,3,1,4,0,0,0
8280,Fresh,Meat Lead,1,0,1,0,0,0
8280,Fresh,Prepared Food Lead,1,0,1,0,0,0
8280,Fresh,Produce,4,6,10,0,1,1
8280,Fresh,Produce Lead,1,0,1,0,0,0
8280,Fresh,Senior Meat Cutter,4,2,6,0,1,1
8280,Member Team,Member Assist,3,8,11,0,1,1
8280,Member Team,Member Frontline,7,23,30,0,2,2
8280,Member Team,Member Specialist,10,5,15,0,0,0
8280,Member Team,Member Support,0,0,0,0,0,0
8280,Member Team,Member Team Lead,6,0,6,0,0,0
8280,Merchandising Team,Backroom Associate,6,0,6,1,0,1
8280,Merchandising Team,Forklift Driver,6,0,6,0,0,0
8280,Merchandising Team,Merchandising,17,15,32,1,2,3
8280,Merchandising Team,Merchandising Lead,4,0,4,0,0,0
8280,Personal Shopper,Personal Shopper,11,7,18,1,5,6
8280,Personal Shopper,Personal Shopper Lead,1,0,1,0,0,0
8280,Specialty,Asset Protection,1,0,1,0,0,0
8280,Specialty,Fuel/Car Wash,2,1,3,0,0,0
8280,Specialty,Maintenance,4,2,6,0,0,0
8280,Specialty,Optical,2,1,3,0,0,0
8280,Specialty,Pharmacy Tech,2,3,5,0,0,0
8280,Specialty,TBC Lead,1,0,1,0,0,0
8280,Specialty,TBC Tire Tech,3,2,5,0,0,0
8280,Specialty,Wholesale Trading,2,0,2,0,0,0
8280,Specialty,Wholesale Trading Lead,2,0,2,0,0,0
8288,Fresh,Baker/Packager,2,2,4,0,1,1
8288,Fresh,Bakery Lead,1,0,1,0,0,0
8288,Fresh,Café,3,6,9,0,1,1
8288,Fresh,Cake Decorator,2,2,4,0,0,0
8288,Fresh,Freezer/Cooler/Deli,3,2,5,0,0,0
8288,Fresh,HMS/Rotisserie,2,2,4,0,0,0
8288,Fresh,Meat Cutter/Wrapper,2,1,3,0,0,0
8288,Fresh,Meat Lead,1,0,1,0,0,0
8288,Fresh,Prepared Food Lead,1,0,1,0,0,0
8288,Fresh,Produce,2,3,5,0,0,0
8288,Fresh,Produce Lead,1,0,1,0,0,0
8288,Fresh,Senior Meat Cutter,4,1,5,0,0,0
8288,Member Team,Member Assist,3,4,7,0,0,0
8288,Member Team,Member Frontline,5,16,21,0,0,0
8288,Member Team,Member Specialist,6,3,9,0,1,1
8288,Member Team,Member Support,0,0,0,0,0,0
8288,Member Team,Member Team Lead,5,0,5,0,0,0
8288,Merchandising Team,Backroom Associate,4,0,4,0,0,0
8288,Merchandising Team,Forklift Driver,5,0,5,0,0,0
8288,Merchandising Team,Merchandising,11,11,22,1,0,1
8288,Merchandising Team,Merchandising Lead,4,0,4,0,0,0
8288,Personal Shopper,Personal Shopper,8,4,12,-1,2,1
8288,Personal Shopper,Personal Shopper Lead,1,0,1,0,0,0
8288,Specialty,Fuel/Car Wash,2,1,3,0,0,0
8288,Specialty,Maintenance,3,1,4,0,0,0
8288,Specialty,Optical,2,0,2,0,0,0
8288,Specialty,Pharmacy Tech,2,1,3,0,0,0
8288,Specialty,TBC Lead,1,0,1,0,0,0
8288,Specialty,TBC Tire Tech,4,2,6,0,0,0
4742,Fresh,Baker/Packager,3,2,5,0,1,1
4742,Fresh,Bakery Lead,1,0,1,0,0,0
4742,Fresh,Café,4,3,7,0,-1,-1
4742,Fresh,Cake Decorator,3,1,4,0,0,0
4742,Fresh,Freezer/Cooler/Deli,4,2,6,1,0,1
4742,Fresh,HMS/Rotisserie,3,3,6,0,0,0
4742,Fresh,Meat Cutter/Wrapper,4,1,5,0,0,0
4742,Fresh,Meat Lead,1,0,1,0,0,0
4742,Fresh,Prepared Food Lead,1,0,1,0,0,0
4742,Fresh,Produce,3,4,7,1,0,1
4742,Fresh,Produce Lead,1,0,1,0,0,0
4742,Fresh,Senior Meat Cutter,3,1,4,0,1,1
4742,Member Team,Member Assist,3,6,9,0,2,2
4742,Member Team,Member Frontline,6,17,23,0,2,2
4742,Member Team,Member Specialist,8,4,12,0,0,0
4742,Member Team,Member Support,0,0,0,0,0,0
4742,Member Team,Member Team Lead,5,0,5,0,0,0
4742,Merchandising Team,Backroom Associate,5,0,5,1,0,1
4742,Merchandising Team,Forklift Driver,5,0,5,0,0,0
4742,Merchandising Team,Merchandising,12,11,23,2,1,3
4742,Merchandising Team,Merchandising Lead,4,0,4,0,0,0
4742,Personal Shopper,Personal Shopper,8,4,12,-1,2,1
4742,Personal Shopper,Personal Shopper Lead,1,0,1,0,0,0
4742,Specialty,Fuel/Car Wash,2,2,4,0,0,0
4742,Specialty,Maintenance,3,1,4,0,0,0
4742,Specialty,Optical,2,2,4,0,0,0
4742,Specialty,Pharmacy Tech,4,2,6,0,0,0
4742,Specialty,TBC Lead,1,0,1,0,0,0
4742,Specialty,TBC Tire Tech,4,2,6,0,0,0
4905,Fresh,Baker/Packager,3,2,5,1,1,2
4905,Fresh,Bakery Lead,1,0,1,0,0,0
4905,Fresh,Café,3,3,6,0,1,1
4905,Fresh,Cake Decorator,2,1,3,0,0,0
4905,Fresh,Freezer/Cooler/Deli,3,2,5,0,1,1
4905,Fresh,HMS/Rotisserie,3,3,6,0,1,1
4905,Fresh,Meat Cutter/Wrapper,2,3,5,0,0,0
4905,Fresh,Meat Lead,1,0,1,0,0,0
4905,Fresh,Prepared Food Lead,1,0,1,0,0,0
4905,Fresh,Produce,2,5,7,0,1,1
4905,Fresh,Produce Lead,1,0,1,0,0,0
4905,Fresh,Senior Meat Cutter,3,1,4,0,0,0
4905,Member Team,Member Assist,3,4,7,0,0,0
4905,Member Team,Member Frontline,7,17,24,0,0,0
4905,Member Team,Member Specialist,6,4,10,0,0,0
4905,Member Team,Member Support,0,0,0,0,0,0
4905,Member Team,Member Team Lead,5,0,5,0,0,0
4905,Merchandising Team,Backroom Associate,4,0,4,0,0,0
4905,Merchandising Team,Forklift Driver,5,0,5,1,0,1
4905,Merchandising Team,Merchandising,11,10,21,3,0,3
4905,Merchandising Team,Merchandising Lead,4,0,4,0,0,0
4905,Personal Shopper,Personal Shopper,8,3,11,-1,2,1
4905,Personal Shopper,Personal Shopper Lead,1,0,1,0,0,0
4905,Specialty,Fuel/Car Wash,2,1,3,0,0,0
4905,Specialty,Maintenance,3,2,5,0,0,0
4905,Specialty,Optical,1,1,2,0,0,0
4905,Specialty,Pharmacy Tech,3,3,6,0,0,0
4905,Specialty,TBC Lead,1,0,1,0,0,0
4905,Specialty,TBC Tire Tech,4,2,6,0,0,0
4911,Fresh,Baker/Packager,3,2,5,0,1,1
4911,Fresh,Bakery Lead,1,0,1,0,0,0
4911,Fresh,Café,4,5,9,0,0,0
4911,Fresh,Cake Decorator,3,1,4,0,0,0
4911,Fresh,Freezer/Cooler/Deli,4,3,7,1,1,2
4911,Fresh,HMS/Rotisserie,3,4,7,0,0,0
4911,Fresh,Meat Cutter/Wrapper,1,3,4,0,0,0
4911,Fresh,Meat Lead,1,0,1,0,0,0
4911,Fresh,Prepared Food Lead,1,0,1,0,0,0
4911,Fresh,Produce,3,4,7,1,1,2
4911,Fresh,Produce Lead,1,0,1,0,0,0
4911,Fresh,Senior Meat Cutter,3,1,4,0,0,0
4911,Member Team,Member Assist,3,5,8,0,1,1
4911,Member Team,Member Frontline,5,16,21,0,0,0
4911,Member Team,Member Specialist,8,4,12,0,0,0
4911,Member Team,Member Support,0,0,0,0,0,0
4911,Member Team,Member Team Lead,5,0,5,0,0,0
4911,Merchandising Team,Backroom Associate,5,0,5,1,0,1
4911,Merchandising Team,Forklift Driver,5,0,5,0,0,0
4911,Merchandising Team,Merchandising,12,11,23,1,2,3
4911,Merchandising Team,Merchandising Lead,4,0,4,0,0,0
4911,Personal Shopper,Personal Shopper,7,4,11,-1,2,1
4911,Personal Shopper,Personal Shopper Lead,1,0,1,0,0,0
4911,Specialty,Fuel/Car Wash,2,1,3,0,0,0
4911,Specialty,Maintenance,3,1,4,0,0,0
4911,Specialty,Optical,2,1,3,0,0,0
4911,Specialty,Pharmacy Tech,2,2,4,0,0,0
4911,Specialty,TBC Lead,1,0,1,0,0,0
4911,Specialty,TBC Tire Tech,3,2,5,0,0,0
4948,Fresh,Baker/Packager,2,1,3,0,0,0
4948,Fresh,Bakery Lead,1,0,1,0,0,0
4948,Fresh,Café,4,5,9,1,-1,0
4948,Fresh,Cake Decorator,2,1,3,-1,1,0
4948,Fresh,Freezer/Cooler/Deli,3,1,4,0,0,0
4948,Fresh,HMS/Rotisserie,2,3,5,0,1,1
4948,Fresh,Meat Cutter/Wrapper,1,1,2,0,0,0
4948,Fresh,Meat Lead,1,0,1,0,0,0
4948,Fresh,Prepared Food Lead,1,0,1,0,0,0
4948,Fresh,Produce,2,2,4,0,0,0
4948,Fresh,Produce Lead,1,0,1,0,0,0
4948,Fresh,Senior Meat Cutter,3,1,4,0,0,0
4948,Member Team,Member Assist,3,4,7,0,1,1
4948,Member Team,Member Frontline,5,16,21,0,0,0
4948,Member Team,Member Specialist,6,2,8,0,0,0
4948,Member Team,Member Support,0,0,0,0,0,0
4948,Member Team,Member Team Lead,4,0,4,0,0,0
4948,Merchandising Team,Backroom Associate,4,0,4,0,0,0
4948,Merchandising Team,Forklift Driver,4,0,4,0,0,0
4948,Merchandising Team,Merchandising,10,9,19,0,1,1
4948,Merchandising Team,Merchandising Lead,4,0,4,0,0,0
4948,Personal Shopper,Personal Shopper,4,3,7,-1,2,1
4948,Personal Shopper,Personal Shopper Lead,1,0,1,0,0,0
4948,Specialty,Fuel/Car Wash,2,1,3,0,0,0
4948,Specialty,Maintenance,2,2,4,0,0,0
4948,Specialty,Optical,2,0,2,0,0,0
4948,Specialty,Pharmacy Tech,4,2,6,0,0,0
4948,Specialty,TBC Lead,1,0,1,0,0,0
4948,Specialty,TBC Tire Tech,3,3,6,0,0,0
6244,Fresh,Baker/Packager,2,3,5,0,2,2
6244,Fresh,Bakery Lead,1,0,1,0,0,0
6244,Fresh,Café,4,5,9,0,-1,-1
6244,Fresh,Cake Decorator,3,0,3,0,0,0
6244,Fresh,Freezer/Cooler/Deli,3,2,5,0,1,1
6244,Fresh,HMS/Rotisserie,3,3,6,0,1,1
6244,Fresh,Meat Cutter/Wrapper,1,2,3,0,0,0
6244,Fresh,Meat Lead,1,0,1,0,0,0
6244,Fresh,Prepared Food Lead,1,0,1,0,0,0
6244,Fresh,Produce,3,4,7,0,1,1
6244,Fresh,Produce Lead,1,0,1,0,0,0
6244,Fresh,Senior Meat Cutter,3,1,4,0,1,1
6244,Member Team,Member Assist,3,4,7,0,1,1
6244,Member Team,Member Frontline,6,16,22,0,0,0
6244,Member Team,Member Specialist,6,4,10,0,2,2
6244,Member Team,Member Support,0,0,0,0,0,0
6244,Member Team,Member Team Lead,5,0,5,0,0,0
6244,Merchandising Team,Backroom Associate,4,0,4,0,0,0
6244,Merchandising Team,Forklift Driver,4,0,4,0,0,0
6244,Merchandising Team,Merchandising,10,9,19,0,0,0
6244,Merchandising Team,Merchandising Lead,4,0,4,0,0,0
6244,Personal Shopper,Personal Shopper,5,2,7,-1,2,1
6244,Personal Shopper,Personal Shopper Lead,1,0,1,0,0,0
6244,Specialty,Fuel/Car Wash,2,1,3,0,0,0
6244,Specialty,Maintenance,2,3,5,0,0,0
6244,Specialty,Optical,2,1,3,0,0,0
6244,Specialty,Pharmacy Tech,5,3,8,0,0,0
6244,Specialty,TBC Lead,1,0,1,0,0,0
6244,Specialty,TBC Tire Tech,3,3,6,0,0,0
6245,Fresh,Baker/Packager,2,1,3,0,0,0
6245,Fresh,Bakery Lead,1,0,1,0,0,0
6245,Fresh,Café,4,6,10,1,0,1
6245,Fresh,Cake Decorator,3,1,4,0,0,0
6245,Fresh,Freezer/Cooler/Deli,3,1,4,0,0,0
6245,Fresh,HMS/Rotisserie,2,3,5,0,0,0
6245,Fresh,Meat Cutter/Wrapper,1,1,2,0,0,0
6245,Fresh,Meat Lead,1,0,1,0,0,0
6245,Fresh,Prepared Food Lead,1,0,1,0,0,0
6245,Fresh,Produce,2,3,5,0,1,1
6245,Fresh,Produce Lead,1,0,1,0,0,0
6245,Fresh,Senior Meat Cutter,3,1,4,0,0,0
6245,Member Team,Member Assist,3,5,8,0,2,2
6245,Member Team,Member Frontline,6,17,23,0,0,0
6245,Member Team,Member Specialist,6,4,10,0,0,0
6245,Member Team,Member Support,0,0,0,0,0,0
6245,Member Team,Member Team Lead,4,0,4,0,0,0
6245,Merchandising Team,Backroom Associate,4,0,4,0,0,0
6245,Merchandising Team,Forklift Driver,5,0,5,1,0,1
6245,Merchandising Team,Merchandising,11,10,21,0,2,2
6245,Merchandising Team,Merchandising Lead,4,0,4,0,0,0
6245,Personal Shopper,Personal Shopper,6,2,8,0,0,0
6245,Personal Shopper,Personal Shopper Lead,1,0,1,0,0,0
6245,Specialty,Fuel/Car Wash,2,1,3,0,0,0
6245,Specialty,Maintenance,3,0,3,0,0,0
6245,Specialty,Optical,1,1,2,0,0,0
6245,Specialty,Pharmacy Tech,1,1,2,0,0,0
6245,Specialty,TBC Lead,1,0,1,0,0,0
6245,Specialty,TBC Tire Tech,4,3,7,0,0,0
6336,Fresh,Baker/Packager,2,2,4,0,1,1
6336,Fresh,Bakery Lead,1,0,1,0,0,0
6336,Fresh,Café,3,6,9,1,1,2
6336,Fresh,Cake Decorator,2,1,3,0,0,0
6336,Fresh,Freezer/Cooler/Deli,3,1,4,0,0,0
6336,Fresh,HMS/Rotisserie,2,3,5,0,1,1
6336,Fresh,Meat Cutter/Wrapper,1,1,2,0,0,0
6336,Fresh,Meat Lead,1,0,1,0,0,0
6336,Fresh,Prepared Food Lead,1,0,1,0,0,0
6336,Fresh,Produce,2,2,4,0,0,0
6336,Fresh,Produce Lead,1,0,1,0,0,0
6336,Fresh,Senior Meat Cutter,3,1,4,0,0,0
6336,Member Team,Member Assist,2,5,7,0,1,1
6336,Member Team,Member Frontline,5,15,20,0,0,0
6336,Member Team,Member Specialist,6,3,9,0,1,1
6336,Member Team,Member Support,0,0,0,0,0,0
6336,Member Team,Member Team Lead,4,0,4,0,0,0
6336,Merchandising Team,Backroom Associate,4,0,4,0,0,0
6336,Merchandising Team,Forklift Driver,4,0,4,1,0,1
6336,Merchandising Team,Merchandising,8,8,16,0,1,1
6336,Merchandising Team,Merchandising Lead,4,0,4,0,0,0
6336,Personal Shopper,Personal Shopper,4,3,7,-1,3,2
6336,Personal Shopper,Personal Shopper Lead,1,0,1,0,0,0
6336,Specialty,Fuel/Car Wash,2,3,5,0,0,0
6336,Specialty,Maintenance,2,2,4,0,0,0
6336,Specialty,Pharmacy Tech,2,1,3,0,0,0
6336,Specialty,TBC Lead,1,0,1,0,0,0
6336,Specialty,TBC Tire Tech,4,2,6,0,0,0
6781,Fresh,Baker/Packager,2,3,5,0,2,2
6781,Fresh,Bakery Lead,1,0,1,0,0,0
6781,Fresh,Café,3,3,6,0,-1,-1
6781,Fresh,Cake Decorator,2,1,3,0,0,0
6781,Fresh,Freezer/Cooler/Deli,3,1,4,0,0,0
6781,Fresh,HMS/Rotisserie,2,3,5,0,0,0
6781,Fresh,Meat Cutter/Wrapper,2,2,4,0,0,0
6781,Fresh,Meat Lead,1,0,1,0,0,0
6781,Fresh,Prepared Food Lead,1,0,1,0,0,0
6781,Fresh,Produce,2,5,7,0,1,1
6781,Fresh,Produce Lead,1,0,1,0,0,0
6781,Fresh,Senior Meat Cutter,3,1,4,0,0,0
6781,Member Team,Member Assist,2,4,6,0,0,0
6781,Member Team,Member Frontline,5,14,19,0,0,0
6781,Member Team,Member Specialist,5,3,8,0,0,0
6781,Member Team,Member Support,0,0,0,0,0,0
6781,Member Team,Member Team Lead,4,0,4,0,0,0
6781,Merchandising Team,Backroom Associate,4,0,4,0,0,0
6781,Merchandising Team,Forklift Driver,3,0,3,0,0,0
6781,Merchandising Team,Merchandising,8,8,16,0,2,2
6781,Merchandising Team,Merchandising Lead,4,0,4,0,0,0
6781,Personal Shopper,Personal Shopper,8,4,12,-1,2,1
6781,Personal Shopper,Personal Shopper Lead,1,0,1,0,0,0
6781,Specialty,Fuel/Car Wash,2,1,3,0,0,0
6781,Specialty,Maintenance,3,3,6,0,0,0
6781,Specialty,Optical,2,0,2,0,0,0
6781,Specialty,Pharmacy Tech,2,0,2,0,0,0
6781,Specialty,TBC Lead,1,0,1,0,0,0
6781,Specialty,TBC Tire Tech,4,2,6,0,0,0
8210,Fresh,Baker/Packager,2,3,5,0,1,1
8210,Fresh,Bakery Lead,1,0,1,0,0,0
8210,Fresh,Café,4,7,11,0,1,1
8210,Fresh,Cake Decorator,3,1,4,0,0,0
8210,Fresh,Freezer/Cooler/Deli,3,2,5,0,1,1
8210,Fresh,HMS/Rotisserie,3,3,6,0,1,1
8210,Fresh,Meat Cutter/Wrapper,1,2,3,0,0,0
8210,Fresh,Meat Lead,1,0,1,0,0,0
8210,Fresh,Prepared Food Lead,1,0,1,0,0,0
8210,Fresh,Produce,2,4,6,0,1,1
8210,Fresh,Produce Lead,1,0,1,0,0,0
8210,Fresh,Senior Meat Cutter,3,1,4,0,0,0
8210,Member Team,Member Assist,3,4,7,0,0,0
8210,Member Team,Member Frontline,6,16,22,0,0,0
8210,Member Team,Member Specialist,7,4,11,0,1,1
8210,Member Team,Member Support,0,0,0,0,0,0
8210,Member Team,Member Team Lead,5,0,5,0,0,0
8210,Merchandising Team,Backroom Associate,5,0,5,1,0,1
8210,Merchandising Team,Forklift Driver,5,0,5,1,0,1
8210,Merchandising Team,Merchandising,11,11,22,0,2,2
8210,Merchandising Team,Merchandising Lead,4,0,4,0,0,0
8210,Personal Shopper,Personal Shopper,6,4,10,-1,2,1
8210,Personal Shopper,Personal Shopper Lead,1,0,1,0,0,0
8210,Specialty,Fuel/Car Wash,2,1,3,0,0,0
8210,Specialty,Maintenance,3,1,4,0,0,0
8210,Specialty,Optical,2,1,3,1,0,1
8210,Specialty,Pharmacy Tech,2,2,4,0,0,0
8210,Specialty,TBC Lead,1,0,1,0,0,0
8210,Specialty,TBC Tire Tech,4,2,6,0,0,0
8226,Fresh,Baker/Packager,3,1,4,0,0,0
8226,Fresh,Bakery Lead,1,0,1,0,0,0
8226,Fresh,Café,4,7,11,0,2,2
8226,Fresh,Cake Decorator,2,1,3,0,-1,-1
8226,Fresh,Freezer/Cooler/Deli,3,2,5,0,0,0
8226,Fresh,HMS/Rotisserie,2,3,5,0,0,0
8226,Fresh,Meat Cutter/Wrapper,2,1,3,0,0,0
8226,Fresh,Meat Lead,1,0,1,0,0,0
8226,Fresh,Prepared Food Lead,1,0,1,0,0,0
8226,Fresh,Produce,2,3,5,0,0,0
8226,Fresh,Produce Lead,1,0,1,0,0,0
8226,Fresh,Senior Meat Cutter,4,1,5,0,0,0
8226,Member Team,Member Assist,3,4,7,0,0,0
8226,Member Team,Member Frontline,5,16,21,0,0,0
8226,Member Team,Member Specialist,8,3,11,0,0,0
8226,Member Team,Member Support,0,0,0,0,0,0
8226,Member Team,Member Team Lead,5,0,5,0,0,0
8226,Merchandising Team,Backroom Associate,4,0,4,0,0,0
8226,Merchandising Team,Forklift Driver,5,0,5,0,0,0
8226,Merchandising Team,Merchandising,11,11,22,1,1,2
8226,Merchandising Team,Merchandising Lead,4,0,4,0,0,0
8226,Personal Shopper,Personal Shopper,8,4,12,-1,2,1
8226,Personal Shopper,Personal Shopper Lead,1,0,1,0,0,0
8226,Specialty,Fuel/Car Wash,2,1,3,0,0,0
8226,Specialty,Maintenance,3,1,4,0,0,0
8226,Specialty,Optical,1,1,2,0,0,0
8226,Specialty,Pharmacy Tech,3,2,5,0,0,0
8226,Specialty,TBC Lead,1,0,1,0,0,0
8226,Specialty,TBC Tire Tech,4,2,6,0,0,0
8268,Fresh,Baker/Packager,3,1,4,0,0,0
8268,Fresh,Bakery Lead,1,0,1,0,0,0
8268,Fresh,Café,4,4,8,0,1,1
8268,Fresh,Cake Decorator,3,0,3,0,-1,-1
8268,Fresh,Freezer/Cooler/Deli,3,2,5,0,1,1
8268,Fresh,HMS/Rotisserie,3,3,6,0,1,1
8268,Fresh,Meat Cutter/Wrapper,1,2,3,0,0,0
8268,Fresh,Meat Lead,1,0,1,0,0,0
8268,Fresh,Prepared Food Lead,1,0,1,0,0,0
8268,Fresh,Produce,3,3,6,0,1,1
8268,Fresh,Produce Lead,1,0,1,0,0,0
8268,Fresh,Senior Meat Cutter,3,1,4,0,1,1
8268,Member Team,Member Assist,3,4,7,0,0,0
8268,Member Team,Member Frontline,8,25,33,0,0,0
8268,Member Team,Member Specialist,6,4,10,0,0,0
8268,Member Team,Member Support,0,0,0,0,0,0
8268,Member Team,Member Team Lead,5,0,5,0,0,0
8268,Merchandising Team,Backroom Associate,4,0,4,0,0,0
8268,Merchandising Team,Forklift Driver,5,0,5,1,0,1
8268,Merchandising Team,Merchandising,10,10,20,0,1,1
8268,Merchandising Team,Merchandising Lead,4,0,4,0,0,0
8268,Personal Shopper,Personal Shopper,5,2,7,-1,2,1
8268,Personal Shopper,Personal Shopper Lead,1,0,1,0,0,0
8268,Specialty,Fuel/Car Wash,2,1,3,0,0,0
8268,Specialty,Maintenance,3,1,4,0,0,0
8268,Specialty,Optical,2,0,2,0,0,0
8268,Specialty,Pharmacy Tech,2,1,3,0,0,0
8268,Specialty,TBC Lead,1,0,1,0,0,0
8268,Specialty,TBC Tire Tech,4,2,6,0,0,0
8269,Fresh,Baker/Packager,3,3,6,0,2,2
8269,Fresh,Bakery Lead,1,0,1,0,0,0
8269,Fresh,Café,4,4,8,0,-1,-1
8269,Fresh,Cake Decorator,3,3,6,0,0,0
8269,Fresh,Freezer/Cooler/Deli,4,3,7,1,1,2
8269,Fresh,HMS/Rotisserie,4,2,6,0,0,0
8269,Fresh,Meat Cutter/Wrapper,4,1,5,0,0,0
8269,Fresh,Meat Lead,1,0,1,0,0,0
8269,Fresh,Prepared Food Lead,1,0,1,0,0,0
8269,Fresh,Produce,4,5,9,1,1,2
8269,Fresh,Produce Lead,1,0,1,0,0,0
8269,Fresh,Senior Meat Cutter,4,2,6,0,0,0
8269,Member Team,Member Assist,3,6,9,0,1,1
8269,Member Team,Member Frontline,7,17,24,0,0,0
8269,Member Team,Member Specialist,8,4,12,0,0,0
8269,Member Team,Member Support,0,0,0,0,0,0
8269,Member Team,Member Team Lead,5,0,5,0,0,0
8269,Merchandising Team,Backroom Associate,5,0,5,0,0,0
8269,Merchandising Team,Forklift Driver,6,0,6,1,0,1
8269,Merchandising Team,Merchandising,13,12,25,2,2,4
8269,Merchandising Team,Merchandising Lead,4,0,4,0,0,0
8269,Personal Shopper,Personal Shopper,6,4,10,-1,2,1
8269,Personal Shopper,Personal Shopper Lead,1,0,1,0,0,0
8269,Specialty,Asset Protection,1,0,1,0,0,0
8269,Specialty,Maintenance,3,3,6,0,0,0
8269,Specialty,Optical,2,1,3,0,0,0
8269,Specialty,Pharmacy Tech,3,2,5,0,0,0
8269,Specialty,TBC Lead,1,0,1,0,0,0
8269,Specialty,TBC Tire Tech,4,2,6,0,0,0
8277,Fresh,Baker/Packager,2,2,4,0,1,1
8277,Fresh,Bakery Lead,1,0,1,0,0,0
8277,Fresh,Café,3,4,7,0,-1,-1
8277,Fresh,Cake Decorator,3,1,4,0,0,0
8277,Fresh,Freezer/Cooler/Deli,3,2,5,0,1,1
8277,Fresh,HMS/Rotisserie,3,3,6,0,1,1
8277,Fresh,Meat Cutter/Wrapper,1,2,3,0,0,0
8277,Fresh,Meat Lead,1,0,1,0,0,0
8277,Fresh,Prepared Food Lead,1,0,1,0,0,0
8277,Fresh,Produce,3,3,6,1,0,1
8277,Fresh,Produce Lead,1,0,1,0,0,0
8277,Fresh,Senior Meat Cutter,3,1,4,0,0,0
8277,Member Team,Member Assist,4,3,7,0,0,0
8277,Member Team,Member Frontline,6,16,22,0,1,1
8277,Member Team,Member Specialist,6,4,10,0,0,0
8277,Member Team,Member Support,0,0,0,0,0,0
8277,Member Team,Member Team Lead,5,0,5,0,0,0
8277,Merchandising Team,Backroom Associate,4,0,4,0,0,0
8277,Merchandising Team,Forklift Driver,5,0,5,1,0,1
8277,Merchandising Team,Merchandising,11,11,22,3,0,3
8277,Merchandising Team,Merchandising Lead,4,0,4,0,0,0
8277,Personal Shopper,Personal Shopper,8,4,12,-1,2,1
8277,Personal Shopper,Personal Shopper Lead,1,0,1,0,0,0
8277,Specialty,Fuel/Car Wash,2,2,4,0,0,0
8277,Specialty,Maintenance,3,1,4,0,0,0
8277,Specialty,Optical,2,0,2,0,0,0
8277,Specialty,Pharmacy Tech,3,2,5,0,0,0
8277,Specialty,TBC Lead,1,0,1,0,0,0
8277,Specialty,TBC Tire Tech,4,2,6,0,0,0
8282,Fresh,Baker/Packager,3,3,6,0,0,0
8282,Fresh,Bakery Lead,1,0,1,0,0,0
8282,Fresh,Café,4,3,7,0,-1,-1
8282,Fresh,Cake Decorator,4,2,6,0,0,0
8282,Fresh,Freezer/Cooler/Deli,4,4,8,1,2,3
8282,Fresh,HMS/Rotisserie,3,4,7,0,0,0
8282,Fresh,Meat Cutter/Wrapper,1,2,3,0,0,0
8282,Fresh,Meat Lead,1,0,1,0,0,0
8282,Fresh,Prepared Food Lead,1,0,1,0,0,0
8282,Fresh,Produce,3,4,7,0,1,1
8282,Fresh,Produce Lead,1,0,1,0,0,0
8282,Fresh,Senior Meat Cutter,4,1,5,0,0,0
8282,Member Team,Member Assist,4,6,10,0,2,2
8282,Member Team,Member Frontline,6,21,27,0,2,2
8282,Member Team,Member Specialist,7,7,14,1,3,4
8282,Member Team,Member Support,0,0,0,0,0,0
8282,Member Team,Member Team Lead,6,0,6,0,0,0
8282,Merchandising Team,Backroom Associate,6,0,6,1,0,1
8282,Merchandising Team,Forklift Driver,6,0,6,0,0,0
8282,Merchandising Team,Merchandising,16,13,29,3,2,5
8282,Merchandising Team,Merchandising Lead,4,0,4,0,0,0
8282,Personal Shopper,Personal Shopper,7,4,11,-1,2,1
8282,Personal Shopper,Personal Shopper Lead,1,0,1,0,0,0
8282,Specialty,Fuel/Car Wash,2,1,3,0,0,0
8282,Specialty,Maintenance,3,2,5,0,0,0
8282,Specialty,Optical,2,0,2,0,0,0
8282,Specialty,Pharmacy Tech,3,3,6,0,0,0
8282,Specialty,TBC Lead,1,0,1,0,0,0
8282,Specialty,TBC Tire Tech,3,3,6,0,0,0
8286,Fresh,Baker/Packager,2,1,3,0,0,0
8286,Fresh,Bakery Lead,1,0,1,0,0,0
8286,Fresh,Café,4,4,8,0,0,0
8286,Fresh,Cake Decorator,2,1,3,0,0,0
8286,Fresh,Freezer/Cooler/Deli,3,1,4,0,0,0
8286,Fresh,HMS/Rotisserie,2,2,4,0,0,0
8286,Fresh,Meat Cutter/Wrapper,1,2,3,0,0,0
8286,Fresh,Meat Lead,1,0,1,0,0,0
8286,Fresh,Prepared Food Lead,1,0,1,0,0,0
8286,Fresh,Produce,2,2,4,0,0,0
8286,Fresh,Produce Lead,1,0,1,0,0,0
8286,Fresh,Senior Meat Cutter,3,1,4,0,0,0
8286,Member Team,Member Assist,3,4,7,0,0,0
8286,Member Team,Member Frontline,7,22,29,0,3,3
8286,Member Team,Member Specialist,6,3,9,0,0,0
8286,Member Team,Member Support,0,0,0,0,0,0
8286,Member Team,Member Team Lead,5,0,5,0,0,0
8286,Merchandising Team,Backroom Associate,5,0,5,1,0,1
8286,Merchandising Team,Forklift Driver,5,0,5,0,0,0
8286,Merchandising Team,Merchandising,11,11,22,0,1,1
8286,Merchandising Team,Merchandising Lead,4,0,4,0,0,0
8286,Personal Shopper,Personal Shopper,7,3,10,-1,2,1
8286,Personal Shopper,Personal Shopper Lead,1,0,1,0,0,0
8286,Specialty,Fuel/Car Wash,2,1,3,0,0,0
8286,Specialty,Maintenance,3,1,4,0,0,0
8286,Specialty,Optical,2,0,2,0,0,0
8286,Specialty,Pharmacy Tech,2,0,2,0,0,0
8286,Specialty,TBC Lead,1,0,1,0,0,0
8286,Specialty,TBC Tire Tech,4,2,6,0,0,0
4850,Fresh,Baker/Packager,4,2,6,1,1,2
4850,Fresh,Bakery Lead,1,0,1,0,0,0
4850,Fresh,Café,6,8,14,0,-1,-1
4850,Fresh,Cake Decorator,3,1,4,0,0,0
4850,Fresh,Freezer/Cooler/Deli,4,3,7,1,1,2
4850,Fresh,HMS/Rotisserie,3,3,6,0,1,1
4850,Fresh,Meat Cutter/Wrapper,1,2,3,0,0,0
4850,Fresh,Meat Lead,1,0,1,0,0,0
4850,Fresh,Prepared Food Lead,1,0,1,0,0,0
4850,Fresh,Produce,2,5,7,0,1,1
4850,Fresh,Produce Lead,1,0,1,0,0,0
4850,Fresh,Senior Meat Cutter,3,1,4,0,0,0
4850,Member Team,Member Assist,3,7,10,0,1,1
4850,Member Team,Member Frontline,7,22,29,0,3,3
4850,Member Team,Member Specialist,8,5,13,0,1,1
4850,Member Team,Member Support,0,0,0,0,0,0
4850,Member Team,Member Team Lead,5,0,5,0,0,0
4850,Merchandising Team,Backroom Associate,6,0,6,1,0,1
4850,Merchandising Team,Forklift Driver,6,0,6,0,0,0
4850,Merchandising Team,Merchandising,18,14,32,6,1,7
4850,Merchandising Team,Merchandising Lead,4,0,4,0,0,0
4850,Personal Shopper,Personal Shopper,9,5,14,0,2,2
4850,Personal Shopper,Personal Shopper Lead,1,0,1,0,0,0
4850,Specialty,Fuel/Car Wash,2,1,3,0,0,0
4850,Specialty,Maintenance,3,3,6,0,0,0
4850,Specialty,Optical,2,0,2,0,0,0
4850,Specialty,Pharmacy Tech,2,1,3,0,0,0
4850,Specialty,TBC Lead,1,0,1,0,0,0
4850,Specialty,TBC Tire Tech,4,2,6,0,0,0
4914,Fresh,Baker/Packager,2,2,4,0,1,1
4914,Fresh,Bakery Lead,1,0,1,0,0,0
4914,Fresh,Café,3,6,9,0,1,1
4914,Fresh,Cake Decorator,2,1,3,0,0,0
4914,Fresh,Freezer/Cooler/Deli,3,1,4,0,0,0
4914,Fresh,HMS/Rotisserie,2,3,5,0,0,0
4914,Fresh,Meat Cutter/Wrapper,1,1,2,0,0,0
4914,Fresh,Meat Lead,1,0,1,0,0,0
4914,Fresh,Prepared Food Lead,1,0,1,0,0,0
4914,Fresh,Produce,2,3,5,0,0,0
4914,Fresh,Produce Lead,1,0,1,0,0,0
4914,Fresh,Senior Meat Cutter,3,1,4,0,0,0
4914,Member Team,Member Assist,2,4,6,0,1,1
4914,Member Team,Member Frontline,5,14,19,0,0,0
4914,Member Team,Member Specialist,5,3,8,0,1,1
4914,Member Team,Member Support,0,0,0,0,0,0
4914,Member Team,Member Team Lead,4,0,4,0,0,0
4914,Merchandising Team,Backroom Associate,4,0,4,0,0,0
4914,Merchandising Team,Forklift Driver,4,0,4,1,0,1
4914,Merchandising Team,Merchandising,8,10,18,0,1,1
4914,Merchandising Team,Merchandising Lead,4,0,4,0,0,0
4914,Personal Shopper,Personal Shopper,10,5,15,2,3,5
4914,Personal Shopper,Personal Shopper Lead,1,0,1,0,0,0
4914,Specialty,Maintenance,2,2,4,0,0,0
4914,Specialty,Optical,1,1,2,0,0,0
4914,Specialty,Pharmacy Tech,2,1,3,0,0,0
4914,Specialty,TBC Lead,1,0,1,0,0,0
4914,Specialty,TBC Tire Tech,3,3,6,0,0,0
4939,Fresh,Baker/Packager,2,2,4,0,0,0
4939,Fresh,Bakery Lead,1,0,1,0,0,0
4939,Fresh,Café,4,5,9,0,-1,-1
4939,Fresh,Cake Decorator,3,1,4,0,0,0
4939,Fresh,Freezer/Cooler/Deli,3,1,4,0,0,0
4939,Fresh,HMS/Rotisserie,3,2,5,0,0,0
4939,Fresh,Meat Cutter/Wrapper,1,2,3,0,0,0
4939,Fresh,Meat Lead,1,0,1,0,0,0
4939,Fresh,Prepared Food Lead,1,0,1,0,0,0
4939,Fresh,Produce,2,3,5,0,1,1
4939,Fresh,Produce Lead,1,0,1,0,0,0
4939,Fresh,Senior Meat Cutter,3,1,4,0,0,0
4939,Member Team,Member Assist,2,7,9,0,2,2
4939,Member Team,Member Frontline,6,17,23,1,1,2
4939,Member Team,Member Specialist,7,4,11,0,0,0
4939,Member Team,Member Support,0,0,0,0,0,0
4939,Member Team,Member Team Lead,4,0,4,0,0,0
4939,Merchandising Team,Backroom Associate,4,0,4,0,0,0
4939,Merchandising Team,Forklift Driver,5,0,5,1,0,1
4939,Merchandising Team,Merchandising,12,11,23,1,1,2
4939,Merchandising Team,Merchandising Lead,4,0,4,0,0,0
4939,Personal Shopper,Personal Shopper,5,2,7,-1,2,1
4939,Personal Shopper,Personal Shopper Lead,1,0,1,0,0,0
4939,Specialty,Asset Protection,1,0,1,0,0,0
4939,Specialty,Fuel/Car Wash,2,1,3,0,0,0
4939,Specialty,Maintenance,2,3,5,0,0,0
4939,Specialty,Optical,1,1,2,0,0,0
4939,Specialty,Pharmacy Tech,2,1,3,0,0,0
4939,Specialty,TBC Lead,1,0,1,0,0,0
4939,Specialty,TBC Tire Tech,3,3,6,0,0,0
4958,Fresh,Baker/Packager,2,3,5,0,2,2
4958,Fresh,Bakery Lead,1,0,1,0,0,0
4958,Fresh,Café,4,7,11,0,1,1
4958,Fresh,Cake Decorator,2,2,4,0,0,0
4958,Fresh,Freezer/Cooler/Deli,3,1,4,0,0,0
4958,Fresh,HMS/Rotisserie,2,2,4,0,0,0
4958,Fresh,Meat Cutter/Wrapper,1,1,2,0,0,0
4958,Fresh,Meat Lead,1,0,1,0,0,0
4958,Fresh,Prepared Food Lead,1,0,1,0,0,0
4958,Fresh,Produce,2,3,5,0,1,1
4958,Fresh,Produce Lead,1,0,1,0,0,0
4958,Fresh,Senior Meat Cutter,3,1,4,0,0,0
4958,Member Team,Member Assist,2,5,7,0,1,1
4958,Member Team,Member Frontline,5,16,21,0,0,0
4958,Member Team,Member Specialist,6,3,9,0,0,0
4958,Member Team,Member Support,0,0,0,0,0,0
4958,Member Team,Member Team Lead,4,0,4,0,0,0
4958,Merchandising Team,Backroom Associate,4,0,4,0,0,0
4958,Merchandising Team,Forklift Driver,5,0,5,1,0,1
4958,Merchandising Team,Merchandising,10,11,21,0,0,0
4958,Merchandising Team,Merchandising Lead,4,0,4,0,0,0
4958,Personal Shopper,Personal Shopper,6,2,8,0,0,0
4958,Personal Shopper,Personal Shopper Lead,1,0,1,0,0,0
4958,Specialty,Fuel/Car Wash,2,1,3,0,0,0
4958,Specialty,Maintenance,2,3,5,0,0,0
4958,Specialty,Optical,1,1,2,0,0,0
4958,Specialty,Pharmacy Tech,2,2,4,0,0,0
4958,Specialty,TBC Lead,1,0,1,0,0,0
4958,Specialty,TBC Tire Tech,3,3,6,0,0,0
6262,Fresh,Baker/Packager,3,1,4,0,0,0
6262,Fresh,Bakery Lead,1,0,1,0,0,0
6262,Fresh,Café,5,5,10,0,1,1
6262,Fresh,Cake Decorator,3,1,4,0,0,0
6262,Fresh,Freezer/Cooler/Deli,3,1,4,0,0,0
6262,Fresh,HMS/Rotisserie,3,2,5,0,0,0
6262,Fresh,Meat Cutter/Wrapper,4,1,5,0,0,0
6262,Fresh,Meat Lead,1,0,1,0,0,0
6262,Fresh,Prepared Food Lead,1,0,1,0,0,0
6262,Fresh,Produce,4,3,7,0,1,1
6262,Fresh,Produce Lead,1,0,1,0,0,0
6262,Fresh,Senior Meat Cutter,3,1,4,0,0,0
6262,Member Team,Member Assist,3,5,8,0,1,1
6262,Member Team,Member Frontline,6,16,22,0,1,1
6262,Member Team,Member Specialist,8,5,13,0,0,0
6262,Member Team,Member Support,0,0,0,0,0,0
6262,Member Team,Member Team Lead,5,0,5,0,0,0
6262,Merchandising Team,Backroom Associate,4,0,4,0,0,0
6262,Merchandising Team,Forklift Driver,5,0,5,0,0,0
6262,Merchandising Team,Merchandising,12,11,23,2,1,3
6262,Merchandising Team,Merchandising Lead,4,0,4,0,0,0
6262,Personal Shopper,Personal Shopper,7,4,11,-1,3,2
6262,Personal Shopper,Personal Shopper Lead,1,0,1,0,0,0
6262,Specialty,Asset Protection,1,0,1,0,0,0
6262,Specialty,Fuel/Car Wash,2,1,3,0,0,0
6262,Specialty,Maintenance,3,1,4,0,0,0
6262,Specialty,Optical,2,1,3,0,0,0
6262,Specialty,Pharmacy Tech,2,2,4,0,0,0
6262,Specialty,TBC Lead,1,0,1,0,0,0
6262,Specialty,TBC Tire Tech,3,3,6,0,0,0
6269,Fresh,Baker/Packager,3,2,5,0,1,1
6269,Fresh,Bakery Lead,1,0,1,0,0,0
6269,Fresh,Café,6,7,13,0,-1,-1
6269,Fresh,Cake Decorator,3,1,4,0,0,0
6269,Fresh,Freezer/Cooler/Deli,3,2,5,0,1,1
6269,Fresh,HMS/Rotisserie,3,3,6,0,1,1
6269,Fresh,Meat Cutter/Wrapper,1,2,3,0,0,0
6269,Fresh,Meat Lead,1,0,1,0,0,0
6269,Fresh,Prepared Food Lead,1,0,1,0,0,0
6269,Fresh,Produce,2,4,6,0,2,2
6269,Fresh,Produce Lead,1,0,1,0,0,0
6269,Fresh,Senior Meat Cutter,3,1,4,0,0,0
6269,Member Team,Member Assist,3,6,9,0,2,2
6269,Member Team,Member Frontline,6,19,25,0,3,3
6269,Member Team,Member Specialist,7,4,11,0,1,1
6269,Member Team,Member Support,0,0,0,0,0,0
6269,Member Team,Member Team Lead,5,0,5,0,0,0
6269,Merchandising Team,Backroom Associate,5,0,5,1,0,1
6269,Merchandising Team,Forklift Driver,5,0,5,1,0,1
6269,Merchandising Team,Merchandising,11,10,21,1,1,2
6269,Merchandising Team,Merchandising Lead,4,0,4,0,0,0
6269,Personal Shopper,Personal Shopper,10,1,11,0,0,0
6269,Personal Shopper,Personal Shopper Lead,1,0,1,0,0,0
6269,Specialty,Fuel/Car Wash,2,1,3,0,0,0
6269,Specialty,Maintenance,3,1,4,0,0,0
6269,Specialty,Optical,2,0,2,0,0,0
6269,Specialty,Pharmacy Tech,2,1,3,0,0,0
6269,Specialty,TBC Lead,1,0,1,0,0,0
6269,Specialty,TBC Tire Tech,4,2,6,0,0,0
6471,Fresh,Baker/Packager,0,1,1,-2,-1,-3
6471,Fresh,Bakery Lead,1,0,1,0,0,0
6471,Fresh,Café,3,5,8,0,1,1
6471,Fresh,Cake Decorator,0,0,0,-3,-1,-4
6471,Fresh,Freezer/Cooler/Deli,3,1,4,0,0,0
6471,Fresh,HMS/Rotisserie,2,3,5,0,0,0
6471,Fresh,Meat Cutter/Wrapper,1,2,3,0,0,0
6471,Fresh,Meat Lead,1,0,1,0,0,0
6471,Fresh,Prepared Food Lead,1,0,1,0,0,0
6471,Fresh,Produce,2,2,4,0,0,0
6471,Fresh,Produce Lead,1,0,1,0,0,0
6471,Fresh,Senior Meat Cutter,3,1,4,0,0,0
6471,Member Team,Member Assist,2,4,6,0,0,0
6471,Member Team,Member Frontline,5,15,20,0,0,0
6471,Member Team,Member Specialist,5,3,8,0,0,0
6471,Member Team,Member Support,0,0,0,0,0,0
6471,Member Team,Member Team Lead,4,0,4,0,0,0
6471,Merchandising Team,Backroom Associate,4,0,4,0,0,0
6471,Merchandising Team,Forklift Driver,4,0,4,0,0,0
6471,Merchandising Team,Merchandising,8,8,16,0,0,0
6471,Merchandising Team,Merchandising Lead,4,0,4,0,0,0
6471,Personal Shopper,Personal Shopper,5,2,7,-1,2,1
6471,Personal Shopper,Personal Shopper Lead,1,0,1,0,0,0
6471,Specialty,Fuel/Car Wash,2,1,3,0,0,0
6471,Specialty,Maintenance,2,2,4,0,0,0
6471,Specialty,TBC Lead,1,0,1,0,0,0
6471,Specialty,TBC Tire Tech,3,2,5,0,0,0
8126,Fresh,Baker/Packager,3,3,6,1,0,1
8126,Fresh,Bakery Lead,1,0,1,0,0,0
8126,Fresh,Café,6,6,12,0,-1,-1
8126,Fresh,Cake Decorator,3,2,5,0,0,0
8126,Fresh,Freezer/Cooler/Deli,3,3,6,0,1,1
8126,Fresh,HMS/Rotisserie,3,3,6,0,0,0
8126,Fresh,Meat Cutter/Wrapper,2,2,4,0,0,0
8126,Fresh,Meat Lead,1,0,1,0,0,0
8126,Fresh,Prepared Food Lead,1,0,1,0,0,0
8126,Fresh,Produce,2,5,7,0,1,1
8126,Fresh,Produce Lead,1,0,1,0,0,0
8126,Fresh,Senior Meat Cutter,3,1,4,0,0,0
8126,Member Team,Member Assist,3,7,10,0,1,1
8126,Member Team,Member Frontline,7,18,25,0,0,0
8126,Member Team,Member Specialist,8,5,13,0,2,2
8126,Member Team,Member Support,0,0,0,0,0,0
8126,Member Team,Member Team Lead,5,0,5,0,0,0
8126,Merchandising Team,Backroom Associate,5,0,5,0,0,0
8126,Merchandising Team,Forklift Driver,6,0,6,1,0,1
8126,Merchandising Team,Merchandising,12,12,24,0,3,3
8126,Merchandising Team,Merchandising Lead,4,0,4,0,0,0
8126,Personal Shopper,Personal Shopper,6,4,10,-1,2,1
8126,Personal Shopper,Personal Shopper Lead,1,0,1,0,0,0
8126,Specialty,Fuel/Car Wash,2,1,3,0,0,0
8126,Specialty,Maintenance,3,1,4,0,0,0
8126,Specialty,Optical,1,1,2,0,0,0
8126,Specialty,Pharmacy Tech,2,0,2,0,0,0
8126,Specialty,TBC Lead,1,0,1,0,0,0
8126,Specialty,TBC Tire Tech,4,3,7,0,0,0
8156,Fresh,Baker/Packager,4,2,6,1,1,2
8156,Fresh,Bakery Lead,1,0,1,0,0,0
8156,Fresh,Café,6,5,11,0,-1,-1
8156,Fresh,Cake Decorator,3,4,7,0,1,1
8156,Fresh,Freezer/Cooler/Deli,4,3,7,1,1,2
8156,Fresh,HMS/Rotisserie,3,3,6,0,1,1
8156,Fresh,Meat Cutter/Wrapper,1,2,3,0,0,0
8156,Fresh,Meat Lead,1,0,1,0,0,0
8156,Fresh,Prepared Food Lead,1,0,1,0,0,0
8156,Fresh,Produce,4,4,8,0,1,1
8156,Fresh,Produce Lead,1,0,1,0,0,0
8156,Fresh,Senior Meat Cutter,3,1,4,0,0,0
8156,Member Team,Member Assist,4,7,11,0,2,2
8156,Member Team,Member Frontline,7,21,28,0,0,0
8156,Member Team,Member Specialist,9,6,15,0,3,3
8156,Member Team,Member Support,0,0,0,0,0,0
8156,Member Team,Member Team Lead,5,0,5,0,0,0
8156,Merchandising Team,Backroom Associate,6,0,6,1,0,1
8156,Merchandising Team,Forklift Driver,7,0,7,1,0,1
8156,Merchandising Team,Merchandising,18,14,32,4,3,7
8156,Merchandising Team,Merchandising Lead,4,0,4,0,0,0
8156,Personal Shopper,Personal Shopper,6,2,8,0,0,0
8156,Personal Shopper,Personal Shopper Lead,1,0,1,0,0,0
8156,Specialty,Fuel/Car Wash,2,1,3,0,0,0
8156,Specialty,Maintenance,3,3,6,0,0,0
8156,Specialty,Optical,2,0,2,0,0,0
8156,Specialty,TBC Lead,1,0,1,0,0,0
8156,Specialty,TBC Tire Tech,4,2,6,0,0,0
8156,Specialty,Wholesale Trading Lead,2,0,2,0,0,0
8227,Fresh,Baker/Packager,4,2,6,1,1,2
8227,Fresh,Bakery Lead,1,0,1,0,0,0
8227,Fresh,Café,7,5,12,0,-1,-1
8227,Fresh,Cake Decorator,3,1,4,0,0,0
8227,Fresh,Freezer/Cooler/Deli,3,2,5,0,0,0
8227,Fresh,HMS/Rotisserie,3,4,7,0,0,0
8227,Fresh,Meat Cutter/Wrapper,1,2,3,0,0,0
8227,Fresh,Meat Lead,1,0,1,0,0,0
8227,Fresh,Prepared Food Lead,1,0,1,0,0,0
8227,Fresh,Produce,3,3,6,0,0,0
8227,Fresh,Produce Lead,1,0,1,0,0,0
8227,Fresh,Senior Meat Cutter,4,1,5,0,1,1
8227,Member Team,Member Assist,3,7,10,0,1,1
8227,Member Team,Member Frontline,6,20,26,0,2,2
8227,Member Team,Member Specialist,9,4,13,0,0,0
8227,Member Team,Member Support,0,0,0,0,0,0
8227,Member Team,Member Team Lead,5,0,5,0,0,0
8227,Merchandising Team,Backroom Associate,5,0,5,0,0,0
8227,Merchandising Team,Forklift Driver,6,0,6,0,0,0
8227,Merchandising Team,Merchandising,15,14,29,2,0,2
8227,Merchandising Team,Merchandising Lead,4,0,4,0,0,0
8227,Personal Shopper,Personal Shopper,7,3,10,-1,2,1
8227,Personal Shopper,Personal Shopper Lead,1,0,1,0,0,0
8227,Specialty,Asset Protection,1,0,1,0,0,0
8227,Specialty,Fuel/Car Wash,2,1,3,0,0,0
8227,Specialty,Maintenance,3,3,6,0,0,0
8227,Specialty,Optical,2,0,2,0,0,0
8227,Specialty,Pharmacy Tech,2,2,4,0,0,0
8227,Specialty,TBC Lead,1,0,1,0,0,0
8227,Specialty,TBC Tire Tech,4,2,6,0,0,0
8250,Fresh,Baker/Packager,4,3,7,1,1,2
8250,Fresh,Bakery Lead,1,0,1,0,0,0
8250,Fresh,Café,5,8,13,0,-1,-1
8250,Fresh,Cake Decorator,3,2,5,0,1,1
8250,Fresh,Freezer/Cooler/Deli,4,4,8,1,2,3
8250,Fresh,HMS/Rotisserie,3,2,5,0,0,0
8250,Fresh,Meat Cutter/Wrapper,2,3,5,0,0,0
8250,Fresh,Meat Lead,1,0,1,0,0,0
8250,Fresh,Prepared Food Lead,1,0,1,0,0,0
8250,Fresh,Produce,2,5,7,0,1,1
8250,Fresh,Produce Lead,1,0,1,0,0,0
8250,Fresh,Senior Meat Cutter,3,1,4,0,0,0
8250,Member Team,Member Assist,4,7,11,0,0,0
8250,Member Team,Member Frontline,9,24,33,2,2,4
8250,Member Team,Member Specialist,9,7,16,0,3,3
8250,Member Team,Member Support,0,0,0,0,0,0
8250,Member Team,Member Team Lead,6,0,6,0,0,0
8250,Merchandising Team,Backroom Associate,7,0,7,1,0,1
8250,Merchandising Team,Forklift Driver,8,0,8,2,0,2
8250,Merchandising Team,Merchandising,22,15,37,5,0,5
8250,Merchandising Team,Merchandising Lead,4,0,4,0,0,0
8250,Personal Shopper,Personal Shopper,9,5,14,-1,3,2
8250,Personal Shopper,Personal Shopper Lead,1,0,1,0,0,0
8250,Specialty,Asset Protection,1,0,1,0,0,0
8250,Specialty,Fuel/Car Wash,2,1,3,0,0,0
8250,Specialty,Maintenance,4,2,6,0,0,0
8250,Specialty,Optical,2,0,2,0,0,0
8250,Specialty,Pharmacy Tech,1,2,3,0,0,0
8250,Specialty,TBC Lead,1,0,1,0,0,0
8250,Specialty,TBC Tire Tech,4,2,6,0,0,0
8262,Fresh,Baker/Packager,3,2,5,0,1,1
8262,Fresh,Bakery Lead,1,0,1,0,0,0
8262,Fresh,Café,4,6,10,0,0,0
8262,Fresh,Cake Decorator,3,1,4,0,0,0
8262,Fresh,Freezer/Cooler/Deli,4,2,6,1,0,1
8262,Fresh,HMS/Rotisserie,3,3,6,0,0,0
8262,Fresh,Meat Cutter/Wrapper,1,2,3,0,0,0
8262,Fresh,Meat Lead,1,0,1,0,0,0
8262,Fresh,Prepared Food Lead,1,0,1,0,0,0
8262,Fresh,Produce,3,2,5,0,0,0
8262,Fresh,Produce Lead,1,0,1,0,0,0
8262,Fresh,Senior Meat Cutter,3,1,4,0,0,0
8262,Member Team,Member Assist,3,5,8,0,1,1
8262,Member Team,Member Frontline,7,22,29,0,1,1
8262,Member Team,Member Specialist,8,3,11,0,0,0
8262,Member Team,Member Support,0,0,0,0,0,0
8262,Member Team,Member Team Lead,5,0,5,0,0,0
8262,Merchandising Team,Backroom Associate,5,0,5,0,0,0
8262,Merchandising Team,Forklift Driver,6,0,6,1,0,1
8262,Merchandising Team,Merchandising,13,12,25,2,1,3
8262,Merchandising Team,Merchandising Lead,4,0,4,0,0,0
8262,Personal Shopper,Personal Shopper,7,3,10,-1,2,1
8262,Personal Shopper,Personal Shopper Lead,1,0,1,0,0,0
8262,Specialty,Fuel/Car Wash,2,1,3,0,0,0
8262,Specialty,Maintenance,3,1,4,0,0,0
8262,Specialty,Optical,2,1,3,0,0,0
8262,Specialty,Pharmacy Tech,2,3,5,0,0,0
8262,Specialty,TBC Lead,1,0,1,0,0,0
8262,Specialty,TBC Tire Tech,4,3,7,0,0,0
8264,Fresh,Baker/Packager,3,2,5,0,1,1
8264,Fresh,Bakery Lead,1,0,1,0,0,0
8264,Fresh,Café,5,6,11,0,-1,-1
8264,Fresh,Cake Decorator,4,1,5,0,0,0
8264,Fresh,Freezer/Cooler/Deli,3,2,5,0,1,1
8264,Fresh,HMS/Rotisserie,3,2,5,0,0,0
8264,Fresh,Meat Cutter/Wrapper,1,2,3,0,0,0
8264,Fresh,Meat Lead,1,0,1,0,0,0
8264,Fresh,Prepared Food Lead,1,0,1,0,0,0
8264,Fresh,Produce,2,4,6,0,1,1
8264,Fresh,Produce Lead,1,0,1,0,0,0
8264,Fresh,Senior Meat Cutter,3,1,4,0,0,0
8264,Member Team,Member Assist,3,7,10,0,2,2
8264,Member Team,Member Frontline,6,19,25,0,2,2
8264,Member Team,Member Specialist,7,5,12,0,2,2
8264,Member Team,Member Support,0,0,0,0,0,0
8264,Member Team,Member Team Lead,5,0,5,0,0,0
8264,Merchandising Team,Backroom Associate,5,0,5,0,0,0
8264,Merchandising Team,Forklift Driver,6,0,6,1,0,1
8264,Merchandising Team,Merchandising,13,11,24,1,1,2
8264,Merchandising Team,Merchandising Lead,4,0,4,0,0,0
8264,Personal Shopper,Personal Shopper,3,2,5,0,2,2
8264,Personal Shopper,Personal Shopper Lead,1,0,1,0,0,0
8264,Specialty,Fuel/Car Wash,2,1,3,0,0,0
8264,Specialty,Maintenance,3,2,5,0,0,0
8264,Specialty,Optical,1,1,2,0,0,0
8264,Specialty,Pharmacy Tech,2,2,4,0,0,0
8264,Specialty,TBC Lead,1,0,1,0,0,0
8264,Specialty,TBC Tire Tech,3,3,6,0,0,0
8267,Fresh,Baker/Packager,4,2,6,1,0,1
8267,Fresh,Bakery Lead,1,0,1,0,0,0
8267,Fresh,Café,5,7,12,1,0,1
8267,Fresh,Cake Decorator,3,1,4,0,0,0
8267,Fresh,Freezer/Cooler/Deli,3,2,5,0,0,0
8267,Fresh,HMS/Rotisserie,3,3,6,0,0,0
8267,Fresh,Meat Cutter/Wrapper,3,1,4,0,0,0
8267,Fresh,Meat Lead,1,0,1,0,0,0
8267,Fresh,Prepared Food Lead,1,0,1,0,0,0
8267,Fresh,Produce,3,3,6,0,1,1
8267,Fresh,Produce Lead,1,0,1,0,0,0
8267,Fresh,Senior Meat Cutter,4,2,6,0,1,1
8267,Member Team,Member Assist,3,7,10,0,1,1
8267,Member Team,Member Frontline,8,24,32,0,2,2
8267,Member Team,Member Specialist,9,4,13,0,0,0
8267,Member Team,Member Support,0,0,0,0,0,0
8267,Member Team,Member Team Lead,5,0,5,0,0,0
8267,Merchandising Team,Backroom Associate,5,0,5,0,0,0
8267,Merchandising Team,Forklift Driver,6,0,6,0,0,0
8267,Merchandising Team,Merchandising,17,16,33,4,0,4
8267,Merchandising Team,Merchandising Lead,4,0,4,0,0,0
8267,Personal Shopper,Personal Shopper,8,5,13,0,3,3
8267,Personal Shopper,Personal Shopper Lead,1,0,1,0,0,0
8267,Specialty,Fuel/Car Wash,2,1,3,0,0,0
8267,Specialty,Maintenance,3,3,6,0,0,0
8267,Specialty,Optical,2,0,2,0,0,0
8267,Specialty,Pharmacy Tech,3,2,5,0,0,0
8267,Specialty,TBC Lead,1,0,1,0,0,0
8267,Specialty,TBC Tire Tech,4,2,6,0,0,0
4713,Fresh,Baker/Packager,2,3,5,0,2,2
4713,Fresh,Bakery Lead,1,0,1,0,0,0
4713,Fresh,Café,3,6,9,0,2,2
4713,Fresh,Cake Decorator,2,1,3,0,0,0
4713,Fresh,Freezer/Cooler/Deli,3,1,4,0,0,0
4713,Fresh,HMS/Rotisserie,3,3,6,0,0,0
4713,Fresh,Meat Cutter/Wrapper,4,1,5,0,0,0
4713,Fresh,Meat Lead,1,0,1,0,0,0
4713,Fresh,Prepared Food Lead,1,0,1,0,0,0
4713,Fresh,Produce,2,4,6,0,1,1
4713,Fresh,Produce Lead,1,0,1,0,0,0
4713,Fresh,Senior Meat Cutter,3,1,4,0,0,0
4713,Member Team,Member Assist,2,5,7,0,2,2
4713,Member Team,Member Frontline,5,15,20,0,0,0
4713,Member Team,Member Specialist,7,3,10,0,0,0
4713,Member Team,Member Support,0,0,0,0,0,0
4713,Member Team,Member Team Lead,5,0,5,0,0,0
4713,Merchandising Team,Backroom Associate,4,0,4,0,0,0
4713,Merchandising Team,Forklift Driver,4,0,4,0,0,0
4713,Merchandising Team,Merchandising,10,9,19,2,0,2
4713,Merchandising Team,Merchandising Lead,4,0,4,0,0,0
4713,Personal Shopper,Personal Shopper,8,4,12,-1,2,1
4713,Personal Shopper,Personal Shopper Lead,1,0,1,0,0,0
4713,Specialty,Fuel/Car Wash,2,1,3,0,0,0
4713,Specialty,Maintenance,2,3,5,0,0,0
4713,Specialty,Optical,2,1,3,0,0,0
4713,Specialty,Pharmacy Tech,3,3,6,0,0,0
4713,Specialty,TBC Lead,1,0,1,0,0,0
4713,Specialty,TBC Tire Tech,3,3,6,0,0,0
4720,Fresh,Baker/Packager,2,1,3,0,0,0
4720,Fresh,Bakery Lead,1,0,1,0,0,0
4720,Fresh,Café,3,3,6,1,0,1
4720,Fresh,Cake Decorator,2,1,3,0,0,0
4720,Fresh,Freezer/Cooler/Deli,3,1,4,0,0,0
4720,Fresh,HMS/Rotisserie,2,2,4,0,0,0
4720,Fresh,Meat Cutter/Wrapper,1,1,2,0,0,0
4720,Fresh,Meat Lead,1,0,1,0,0,0
4720,Fresh,Prepared Food Lead,1,0,1,0,0,0
4720,Fresh,Produce,2,3,5,0,1,1
4720,Fresh,Produce Lead,1,0,1,0,0,0
4720,Fresh,Senior Meat Cutter,3,1,4,0,0,0
4720,Member Team,Member Assist,2,4,6,0,0,0
4720,Member Team,Member Frontline,5,14,19,0,0,0
4720,Member Team,Member Specialist,5,3,8,0,1,1
4720,Member Team,Member Support,0,0,0,0,0,0
4720,Member Team,Member Team Lead,4,0,4,0,0,0
4720,Merchandising Team,Backroom Associate,4,0,4,0,0,0
4720,Merchandising Team,Forklift Driver,4,0,4,1,0,1
4720,Merchandising Team,Merchandising,8,9,17,1,0,1
4720,Merchandising Team,Merchandising Lead,4,0,4,0,0,0
4720,Personal Shopper,Personal Shopper,6,2,8,0,0,0
4720,Personal Shopper,Personal Shopper Lead,1,0,1,0,0,0
4720,Specialty,Asset Protection,1,0,1,0,0,0
4720,Specialty,Maintenance,2,2,4,0,0,0
4720,Specialty,Optical,2,0,2,0,0,0
4720,Specialty,Pharmacy Tech,2,0,2,0,0,0
4720,Specialty,TBC Lead,1,0,1,0,0,0
4720,Specialty,TBC Tire Tech,3,3,6,0,0,0
4721,Fresh,Baker/Packager,3,3,6,1,0,1
4721,Fresh,Bakery Lead,1,0,1,0,0,0
4721,Fresh,Café,4,6,10,0,-1,-1
4721,Fresh,Cake Decorator,3,1,4,0,0,0
4721,Fresh,Freezer/Cooler/Deli,3,2,5,0,0,0
4721,Fresh,HMS/Rotisserie,4,2,6,0,0,0
4721,Fresh,Meat Cutter/Wrapper,1,2,3,0,0,0
4721,Fresh,Meat Lead,1,0,1,0,0,0
4721,Fresh,Prepared Food Lead,1,0,1,0,0,0
4721,Fresh,Produce,3,4,7,0,2,2
4721,Fresh,Produce Lead,1,0,1,0,0,0
4721,Fresh,Senior Meat Cutter,3,1,4,0,0,0
4721,Member Team,Member Assist,3,6,9,0,1,1
4721,Member Team,Member Frontline,6,19,25,0,0,0
4721,Member Team,Member Specialist,7,5,12,0,1,1
4721,Member Team,Member Support,0,0,0,0,0,0
4721,Member Team,Member Team Lead,5,0,5,0,0,0
4721,Merchandising Team,Backroom Associate,5,0,5,1,0,1
4721,Merchandising Team,Forklift Driver,6,0,6,1,0,1
4721,Merchandising Team,Merchandising,12,12,24,0,0,0
4721,Merchandising Team,Merchandising Lead,4,0,4,0,0,0
4721,Personal Shopper,Personal Shopper,6,4,10,-1,2,1
4721,Personal Shopper,Personal Shopper Lead,1,0,1,0,0,0
4721,Specialty,Asset Protection,1,0,1,0,0,0
4721,Specialty,Maintenance,3,1,4,0,0,0
4721,Specialty,Optical,2,0,2,0,0,0
4721,Specialty,Pharmacy Tech,3,2,5,0,0,0
4721,Specialty,TBC Lead,1,0,1,0,0,0
4721,Specialty,TBC Tire Tech,3,3,6,0,0,0
6188,Fresh,Baker/Packager,2,3,5,0,2,2
6188,Fresh,Bakery Lead,1,0,1,0,0,0
6188,Fresh,Café,3,4,7,0,0,0
6188,Fresh,Cake Decorator,2,1,3,0,0,0
6188,Fresh,Freezer/Cooler/Deli,3,1,4,0,0,0
6188,Fresh,HMS/Rotisserie,3,2,5,0,0,0
6188,Fresh,Meat Cutter/Wrapper,1,2,3,0,0,0
6188,Fresh,Meat Lead,1,0,1,0,0,0
6188,Fresh,Prepared Food Lead,1,0,1,0,0,0
6188,Fresh,Produce,2,4,6,0,0,0
6188,Fresh,Produce Lead,1,0,1,0,0,0
6188,Fresh,Senior Meat Cutter,3,1,4,0,0,0
6188,Member Team,Member Assist,2,4,6,0,0,0
6188,Member Team,Member Frontline,5,13,18,0,0,0
6188,Member Team,Member Specialist,5,4,9,0,0,0
6188,Member Team,Member Support,0,0,0,0,0,0
6188,Member Team,Member Team Lead,4,0,4,0,0,0
6188,Merchandising Team,Backroom Associate,4,0,4,0,0,0
6188,Merchandising Team,Forklift Driver,4,0,4,1,0,1
6188,Merchandising Team,Merchandising,8,9,17,0,0,0
6188,Merchandising Team,Merchandising Lead,4,0,4,0,0,0
6188,Personal Shopper,Personal Shopper,7,3,10,-1,2,1
6188,Personal Shopper,Personal Shopper Lead,1,0,1,0,0,0
6188,Specialty,Fuel/Car Wash,2,1,3,0,0,0
6188,Specialty,Maintenance,2,2,4,0,0,0
6188,Specialty,Optical,1,1,2,0,0,0
6188,Specialty,Pharmacy Tech,2,0,2,0,0,0
6188,Specialty,TBC Lead,1,0,1,0,0,0
6188,Specialty,TBC Tire Tech,3,3,6,0,0,0
6259,Fresh,Baker/Packager,3,3,6,0,2,2
6259,Fresh,Bakery Lead,1,0,1,0,0,0
6259,Fresh,Café,4,2,6,0,-1,-1
6259,Fresh,Cake Decorator,2,2,4,0,0,0
6259,Fresh,Freezer/Cooler/Deli,3,2,5,0,1,1
6259,Fresh,HMS/Rotisserie,3,2,5,0,0,0
6259,Fresh,Meat Cutter/Wrapper,1,2,3,0,0,0
6259,Fresh,Meat Lead,1,0,1,0,0,0
6259,Fresh,Prepared Food Lead,1,0,1,0,0,0
6259,Fresh,Produce,2,5,7,0,1,1
6259,Fresh,Produce Lead,1,0,1,0,0,0
6259,Fresh,Senior Meat Cutter,4,1,5,0,0,0
6259,Member Team,Member Assist,2,6,8,0,2,2
6259,Member Team,Member Frontline,5,18,23,0,2,2
6259,Member Team,Member Specialist,7,5,12,0,0,0
6259,Member Team,Member Support,0,0,0,0,0,0
6259,Member Team,Member Team Lead,5,0,5,0,0,0
6259,Merchandising Team,Backroom Associate,4,0,4,0,0,0
6259,Merchandising Team,Forklift Driver,5,0,5,1,0,1
6259,Merchandising Team,Merchandising,11,10,21,1,0,1
6259,Merchandising Team,Merchandising Lead,4,0,4,0,0,0
6259,Personal Shopper,Personal Shopper,7,4,11,-1,2,1
6259,Personal Shopper,Personal Shopper Lead,1,0,1,0,0,0
6259,Specialty,Maintenance,3,2,5,0,0,0
6259,Specialty,Optical,2,1,3,0,0,0
6259,Specialty,Pharmacy Tech,2,1,3,0,0,0
6259,Specialty,TBC Lead,1,0,1,0,0,0
6259,Specialty,TBC Tire Tech,4,2,6,0,0,0
6338,Fresh,Baker/Packager,2,4,6,0,1,1
6338,Fresh,Bakery Lead,1,0,1,0,0,0
6338,Fresh,Café,4,7,11,0,3,3
6338,Fresh,Cake Decorator,3,0,3,0,0,0
6338,Fresh,Freezer/Cooler/Deli,3,1,4,0,0,0
6338,Fresh,HMS/Rotisserie,2,3,5,0,0,0
6338,Fresh,Meat Cutter/Wrapper,1,2,3,0,0,0
6338,Fresh,Meat Lead,1,0,1,0,0,0
6338,Fresh,Prepared Food Lead,1,0,1,0,0,0
6338,Fresh,Produce,3,2,5,0,0,0
6338,Fresh,Produce Lead,1,0,1,0,0,0
6338,Fresh,Senior Meat Cutter,3,1,4,0,0,0
6338,Member Team,Member Assist,3,5,8,0,1,1
6338,Member Team,Member Frontline,6,18,24,0,0,0
6338,Member Team,Member Specialist,7,4,11,0,0,0
6338,Member Team,Member Support,0,0,0,0,0,0
6338,Member Team,Member Team Lead,5,0,5,0,0,0
6338,Merchandising Team,Backroom Associate,4,0,4,0,0,0
6338,Merchandising Team,Forklift Driver,5,0,5,0,0,0
6338,Merchandising Team,Merchandising,11,11,22,0,1,1
6338,Merchandising Team,Merchandising Lead,4,0,4,0,0,0
6338,Personal Shopper,Personal Shopper,7,3,10,-1,2,1
6338,Personal Shopper,Personal Shopper Lead,1,0,1,0,0,0
6338,Specialty,Fuel/Car Wash,2,1,3,0,0,0
6338,Specialty,Maintenance,3,2,5,0,0,0
6338,Specialty,Optical,2,1,3,0,0,0
6338,Specialty,Pharmacy Tech,2,1,3,0,0,0
6338,Specialty,TBC Lead,1,0,1,0,0,0
6338,Specialty,TBC Tire Tech,4,2,6,0,0,0
6367,Fresh,Baker/Packager,2,4,6,0,1,1
6367,Fresh,Bakery Lead,1,0,1,0,0,0
6367,Fresh,Café,5,8,13,0,2,2
6367,Fresh,Cake Decorator,3,1,4,0,0,0
6367,Fresh,Freezer/Cooler/Deli,4,3,7,1,1,2
6367,Fresh,HMS/Rotisserie,3,4,7,0,0,0
6367,Fresh,Meat Cutter/Wrapper,1,2,3,0,0,0
6367,Fresh,Meat Lead,1,0,1,0,0,0
6367,Fresh,Prepared Food Lead,1,0,1,0,0,0
6367,Fresh,Produce,3,3,6,0,1,1
6367,Fresh,Produce Lead,1,0,1,0,0,0
6367,Fresh,Senior Meat Cutter,3,1,4,0,0,0
6367,Member Team,Member Assist,3,6,9,1,1,2
6367,Member Team,Member Frontline,7,19,26,1,1,2
6367,Member Team,Member Specialist,7,6,13,0,1,1
6367,Member Team,Member Support,0,0,0,0,0,0
6367,Member Team,Member Team Lead,5,0,5,0,0,0
6367,Merchandising Team,Backroom Associate,5,0,5,0,0,0
6367,Merchandising Team,Forklift Driver,6,0,6,1,0,1
6367,Merchandising Team,Merchandising,17,13,30,6,1,7
6367,Merchandising Team,Merchandising Lead,4,0,4,0,0,0
6367,Personal Shopper,Personal Shopper,7,4,11,-1,2,1
6367,Personal Shopper,Personal Shopper Lead,1,0,1,0,0,0
6367,Specialty,Asset Protection,1,0,1,0,0,0
6367,Specialty,Fuel/Car Wash,2,1,3,0,0,0
6367,Specialty,Maintenance,3,3,6,0,0,0
6367,Specialty,Optical,2,1,3,0,0,0
6367,Specialty,Pharmacy Tech,2,1,3,0,0,0
6367,Specialty,TBC Lead,1,0,1,0,0,0
6367,Specialty,TBC Tire Tech,3,3,6,0,0,0
6421,Fresh,Baker/Packager,2,1,3,0,0,0
6421,Fresh,Bakery Lead,1,0,1,0,0,0
6421,Fresh,Café,3,5,8,0,1,1
6421,Fresh,Cake Decorator,3,0,3,0,0,0
6421,Fresh,Freezer/Cooler/Deli,3,1,4,0,0,0
6421,Fresh,HMS/Rotisserie,3,2,5,0,0,0
6421,Fresh,Meat Cutter/Wrapper,1,2,3,0,0,0
6421,Fresh,Meat Lead,1,0,1,0,0,0
6421,Fresh,Prepared Food Lead,1,0,1,0,0,0
6421,Fresh,Produce,2,3,5,0,1,1
6421,Fresh,Produce Lead,1,0,1,0,0,0
6421,Fresh,Senior Meat Cutter,3,1,4,0,0,0
6421,Member Team,Member Assist,3,4,7,0,1,1
6421,Member Team,Member Frontline,6,14,20,0,0,0
6421,Member Team,Member Specialist,7,4,11,0,0,0
6421,Member Team,Member Support,0,0,0,0,0,0
6421,Member Team,Member Team Lead,5,0,5,0,0,0
6421,Merchandising Team,Backroom Associate,4,0,4,0,0,0
6421,Merchandising Team,Forklift Driver,5,0,5,1,0,1
6421,Merchandising Team,Merchandising,11,10,21,1,1,2
6421,Merchandising Team,Merchandising Lead,4,0,4,0,0,0
6421,Personal Shopper,Personal Shopper,8,4,12,-1,2,1
6421,Personal Shopper,Personal Shopper Lead,1,0,1,0,0,0
6421,Specialty,Asset Protection,1,0,1,0,0,0
6421,Specialty,Fuel/Car Wash,2,1,3,0,0,0
6421,Specialty,Maintenance,2,3,5,0,0,0
6421,Specialty,Optical,2,0,2,0,0,0
6421,Specialty,Pharmacy Tech,3,2,5,0,0,0
6421,Specialty,TBC Lead,1,0,1,0,0,0
6421,Specialty,TBC Tire Tech,3,3,6,0,0,0
6453,Fresh,Baker/Packager,2,3,5,0,2,2
6453,Fresh,Bakery Lead,1,0,1,0,0,0
6453,Fresh,Café,3,4,7,1,0,1
6453,Fresh,Cake Decorator,3,0,3,0,0,0
6453,Fresh,Freezer/Cooler/Deli,3,1,4,0,0,0
6453,Fresh,HMS/Rotisserie,2,2,4,0,0,0
6453,Fresh,Meat Cutter/Wrapper,1,2,3,0,0,0
6453,Fresh,Meat Lead,1,0,1,0,0,0
6453,Fresh,Prepared Food Lead,1,0,1,0,0,0
6453,Fresh,Produce,2,4,6,0,1,1
6453,Fresh,Produce Lead,1,0,1,0,0,0
6453,Fresh,Senior Meat Cutter,3,1,4,0,0,0
6453,Member Team,Member Assist,2,5,7,0,1,1
6453,Member Team,Member Frontline,6,15,21,0,0,0
6453,Member Team,Member Specialist,6,3,9,0,0,0
6453,Member Team,Member Support,0,0,0,0,0,0
6453,Member Team,Member Team Lead,5,0,5,0,0,0
6453,Merchandising Team,Backroom Associate,4,0,4,0,0,0
6453,Merchandising Team,Forklift Driver,5,0,5,1,0,1
6453,Merchandising Team,Merchandising,12,9,21,4,0,4
6453,Merchandising Team,Merchandising Lead,4,0,4,0,0,0
6453,Personal Shopper,Personal Shopper,10,4,14,1,2,3
6453,Personal Shopper,Personal Shopper Lead,1,0,1,0,0,0
6453,Specialty,Fuel/Car Wash,2,1,3,0,0,0
6453,Specialty,Maintenance,3,0,3,0,0,0
6453,Specialty,Optical,2,0,2,0,0,0
6453,Specialty,Pharmacy Tech,2,1,3,0,0,0
6453,Specialty,TBC Lead,1,0,1,0,0,0
6453,Specialty,TBC Tire Tech,3,3,6,0,0,0
8245,Fresh,Baker/Packager,2,4,6,0,1,1
8245,Fresh,Bakery Lead,1,0,1,0,0,0
8245,Fresh,Café,4,6,10,0,-1,-1
8245,Fresh,Cake Decorator,3,1,4,0,0,0
8245,Fresh,Freezer/Cooler/Deli,4,2,6,1,1,2
8245,Fresh,HMS/Rotisserie,4,3,7,0,0,0
8245,Fresh,Meat Cutter/Wrapper,1,2,3,0,0,0
8245,Fresh,Meat Lead,1,0,1,0,0,0
8245,Fresh,Prepared Food Lead,1,0,1,0,0,0
8245,Fresh,Produce,3,3,6,0,1,1
8245,Fresh,Produce Lead,1,0,1,0,0,0
8245,Fresh,Senior Meat Cutter,3,1,4,0,0,0
8245,Member Team,Member Assist,3,6,9,0,0,0
8245,Member Team,Member Frontline,6,18,24,0,1,1
8245,Member Team,Member Specialist,7,4,11,1,1,2
8245,Member Team,Member Support,0,0,0,0,0,0
8245,Member Team,Member Team Lead,5,0,5,0,0,0
8245,Merchandising Team,Backroom Associate,5,0,5,0,0,0
8245,Merchandising Team,Forklift Driver,6,0,6,1,0,1
8245,Merchandising Team,Merchandising,14,12,26,1,2,3
8245,Merchandising Team,Merchandising Lead,4,0,4,0,0,0
8245,Personal Shopper,Personal Shopper,6,4,10,-1,2,1
8245,Personal Shopper,Personal Shopper Lead,1,0,1,0,0,0
8245,Specialty,Asset Protection,0,0,0,0,0,0
8245,Specialty,Fuel/Car Wash,2,1,3,0,0,0
8245,Specialty,Maintenance,3,2,5,0,0,0
8245,Specialty,Optical,2,0,2,0,0,0
8245,Specialty,Pharmacy Tech,3,2,5,0,0,0
8245,Specialty,TBC Lead,1,0,1,0,0,0
8245,Specialty,TBC Tire Tech,3,3,6,0,0,0
8259,Fresh,Baker/Packager,3,1,4,0,0,0
8259,Fresh,Bakery Lead,1,0,1,0,0,0
8259,Fresh,Café,4,3,7,0,-1,-1
8259,Fresh,Cake Decorator,3,1,4,0,0,0
8259,Fresh,Freezer/Cooler/Deli,3,2,5,0,1,1
8259,Fresh,HMS/Rotisserie,3,2,5,0,1,1
8259,Fresh,Meat Cutter/Wrapper,1,2,3,0,0,0
8259,Fresh,Meat Lead,1,0,1,0,0,0
8259,Fresh,Prepared Food Lead,1,0,1,0,0,0
8259,Fresh,Produce,2,4,6,0,1,1
8259,Fresh,Produce Lead,1,0,1,0,0,0
8259,Fresh,Senior Meat Cutter,3,1,4,0,0,0
8259,Member Team,Member Assist,3,4,7,0,0,0
8259,Member Team,Member Frontline,5,18,23,0,2,2
8259,Member Team,Member Specialist,6,3,9,0,0,0
8259,Member Team,Member Support,0,0,0,0,0,0
8259,Member Team,Member Team Lead,5,0,5,0,0,0
8259,Merchandising Team,Backroom Associate,4,0,4,0,0,0
8259,Merchandising Team,Forklift Driver,5,0,5,1,0,1
8259,Merchandising Team,Merchandising,11,10,21,1,2,3
8259,Merchandising Team,Merchandising Lead,4,0,4,0,0,0
8259,Personal Shopper,Personal Shopper,14,7,21,7,5,12
8259,Personal Shopper,Personal Shopper Lead,1,0,1,0,0,0
8259,Specialty,Fuel/Car Wash,2,1,3,0,0,0
8259,Specialty,Maintenance,3,1,4,0,0,0
8259,Specialty,Optical,1,1,2,0,0,0
8259,Specialty,Pharmacy Tech,1,2,3,0,0,0
8259,Specialty,TBC Lead,1,0,1,0,0,0
8259,Specialty,TBC Tire Tech,4,1,5,0,0,0
8281,Fresh,Baker/Packager,3,2,5,0,1,1
8281,Fresh,Bakery Lead,1,0,1,0,0,0
8281,Fresh,Café,6,8,14,0,-1,-1
8281,Fresh,Cake Decorator,3,3,6,0,0,0
8281,Fresh,Freezer/Cooler/Deli,4,3,7,1,1,2
8281,Fresh,HMS/Rotisserie,5,3,8,0,0,0
8281,Fresh,Meat Cutter/Wrapper,1,2,3,0,0,0
8281,Fresh,Meat Lead,1,0,1,0,0,0
8281,Fresh,Prepared Food Lead,1,0,1,0,0,0
8281,Fresh,Produce,3,3,6,0,1,1
8281,Fresh,Produce Lead,1,0,1,0,0,0
8281,Fresh,Senior Meat Cutter,3,1,4,0,0,0
8281,Member Team,Member Assist,3,7,10,0,1,1
8281,Member Team,Member Frontline,8,23,31,1,2,3
8281,Member Team,Member Specialist,7,8,15,1,3,4
8281,Member Team,Member Support,0,0,0,0,0,0
8281,Member Team,Member Team Lead,5,0,5,0,0,0
8281,Merchandising Team,Backroom Associate,6,0,6,0,0,0
8281,Merchandising Team,Forklift Driver,7,0,7,1,0,1
8281,Merchandising Team,Merchandising,18,15,33,3,4,7
8281,Merchandising Team,Merchandising Lead,4,0,4,0,0,0
8281,Personal Shopper,Personal Shopper,6,4,10,-1,2,1
8281,Personal Shopper,Personal Shopper Lead,1,0,1,0,0,0
8281,Specialty,Fuel/Car Wash,2,1,3,0,0,0
8281,Specialty,Maintenance,3,3,6,0,0,0
8281,Specialty,Optical,2,2,4,0,0,0
8281,Specialty,Pharmacy Tech,2,2,4,0,0,0
8281,Specialty,TBC Lead,1,0,1,0,0,0
8281,Specialty,TBC Tire Tech,4,2,6,0,0,0
4743,Fresh,Baker/Packager,2,4,6,0,1,1
4743,Fresh,Bakery Lead,1,0,1,0,0,0
4743,Fresh,Café,3,5,8,0,0,0
4743,Fresh,Cake Decorator,2,1,3,0,0,0
4743,Fresh,Freezer/Cooler/Deli,3,2,5,0,0,0
4743,Fresh,HMS/Rotisserie,3,3,6,0,0,0
4743,Fresh,Meat Cutter/Wrapper,1,2,3,0,0,0
4743,Fresh,Meat Lead,1,0,1,0,0,0
4743,Fresh,Prepared Food Lead,1,0,1,0,0,0
4743,Fresh,Produce,4,4,8,0,1,1
4743,Fresh,Produce Lead,1,0,1,0,0,0
4743,Fresh,Senior Meat Cutter,4,1,5,0,0,0
4743,Member Team,Member Assist,3,5,8,0,1,1
4743,Member Team,Member Frontline,5,18,23,0,1,1
4743,Member Team,Member Specialist,8,5,13,0,0,0
4743,Member Team,Member Support,0,0,0,0,0,0
4743,Member Team,Member Team Lead,5,0,5,0,0,0
4743,Merchandising Team,Backroom Associate,4,0,4,0,0,0
4743,Merchandising Team,Forklift Driver,5,0,5,0,0,0
4743,Merchandising Team,Merchandising,10,9,19,0,0,0
4743,Merchandising Team,Merchandising Lead,4,0,4,0,0,0
4743,Personal Shopper,Personal Shopper,7,4,11,-1,2,1
4743,Personal Shopper,Personal Shopper Lead,1,0,1,0,0,0
4743,Specialty,Asset Protection,1,0,1,0,0,0
4743,Specialty,Fuel/Car Wash,2,1,3,0,0,0
4743,Specialty,Maintenance,3,2,5,0,0,0
4743,Specialty,Optical,3,1,4,0,0,0
4743,Specialty,Pharmacy Tech,3,3,6,0,0,0
4743,Specialty,TBC Lead,1,0,1,0,0,0
4743,Specialty,TBC Tire Tech,4,2,6,0,0,0
4783,Fresh,Baker/Packager,3,2,5,1,0,1
4783,Fresh,Bakery Lead,1,0,1,0,0,0
4783,Fresh,Café,3,6,9,0,0,0
4783,Fresh,Cake Decorator,3,0,3,0,0,0
4783,Fresh,Freezer/Cooler/Deli,3,2,5,0,1,1
4783,Fresh,HMS/Rotisserie,3,3,6,0,0,0
4783,Fresh,Meat Cutter/Wrapper,4,1,5,0,0,0
4783,Fresh,Meat Lead,1,0,1,0,0,0
4783,Fresh,Prepared Food Lead,1,0,1,0,0,0
4783,Fresh,Produce,3,5,8,0,1,1
4783,Fresh,Produce Lead,1,0,1,0,0,0
4783,Fresh,Senior Meat Cutter,3,1,4,0,0,0
4783,Member Team,Member Assist,3,6,9,0,2,2
4783,Member Team,Member Frontline,6,16,22,0,0,0
4783,Member Team,Member Specialist,8,4,12,0,1,1
4783,Member Team,Member Support,0,0,0,0,0,0
4783,Member Team,Member Team Lead,5,0,5,0,0,0
4783,Merchandising Team,Backroom Associate,5,0,5,1,0,1
4783,Merchandising Team,Forklift Driver,5,0,5,1,0,1
4783,Merchandising Team,Merchandising,11,10,21,1,1,2
4783,Merchandising Team,Merchandising Lead,4,0,4,0,0,0
4783,Personal Shopper,Personal Shopper,6,2,8,0,0,0
4783,Personal Shopper,Personal Shopper Lead,1,0,1,0,0,0
4783,Specialty,Fuel/Car Wash,2,1,3,0,0,0
4783,Specialty,Maintenance,3,1,4,0,0,0
4783,Specialty,Optical,2,0,2,0,0,0
4783,Specialty,Pharmacy Tech,2,2,4,0,0,0
4783,Specialty,TBC Lead,1,0,1,0,0,0
4783,Specialty,TBC Tire Tech,4,2,6,0,0,0
4795,Fresh,Baker/Packager,2,1,3,0,0,0
4795,Fresh,Bakery Lead,1,0,1,0,0,0
4795,Fresh,Café,3,3,6,1,-1,0
4795,Fresh,Cake Decorator,3,0,3,0,0,0
4795,Fresh,Freezer/Cooler/Deli,3,1,4,0,0,0
4795,Fresh,HMS/Rotisserie,2,3,5,0,0,0
4795,Fresh,Meat Cutter/Wrapper,1,2,3,0,0,0
4795,Fresh,Meat Lead,1,0,1,0,0,0
4795,Fresh,Prepared Food Lead,1,0,1,0,0,0
4795,Fresh,Produce,2,5,7,0,1,1
4795,Fresh,Produce Lead,1,0,1,0,0,0
4795,Fresh,Senior Meat Cutter,3,1,4,0,0,0
4795,Member Team,Member Assist,3,4,7,0,0,0
4795,Member Team,Member Frontline,5,15,20,0,1,1
4795,Member Team,Member Specialist,6,5,11,0,0,0
4795,Member Team,Member Support,0,0,0,0,0,0
4795,Member Team,Member Team Lead,5,0,5,0,0,0
4795,Merchandising Team,Backroom Associate,4,0,4,0,0,0
4795,Merchandising Team,Forklift Driver,4,0,4,0,0,0
4795,Merchandising Team,Merchandising,9,10,19,1,1,2
4795,Merchandising Team,Merchandising Lead,4,0,4,0,0,0
4795,Personal Shopper,Personal Shopper,9,4,13,-1,2,1
4795,Personal Shopper,Personal Shopper Lead,1,0,1,0,0,0
4795,Specialty,Fuel/Car Wash,2,3,5,0,0,0
4795,Specialty,Maintenance,3,0,3,0,0,0
4795,Specialty,Optical,2,1,3,0,0,0
4795,Specialty,Pharmacy Tech,2,1,3,0,0,0
4795,Specialty,TBC Lead,1,0,1,0,0,0
4795,Specialty,TBC Tire Tech,3,3,6,0,0,0
4906,Fresh,Baker/Packager,2,1,3,0,0,0
4906,Fresh,Bakery Lead,1,0,1,0,0,0
4906,Fresh,Café,3,5,8,1,0,1
4906,Fresh,Cake Decorator,3,1,4,0,0,0
4906,Fresh,Freezer/Cooler/Deli,3,2,5,0,1,1
4906,Fresh,HMS/Rotisserie,3,2,5,0,0,0
4906,Fresh,Meat Cutter/Wrapper,1,2,3,0,0,0
4906,Fresh,Meat Lead,1,0,1,0,0,0
4906,Fresh,Prepared Food Lead,1,0,1,0,0,0
4906,Fresh,Produce,3,3,6,0,0,0
4906,Fresh,Produce Lead,1,0,1,0,0,0
4906,Fresh,Senior Meat Cutter,3,1,4,0,0,0
4906,Member Team,Member Assist,3,4,7,0,1,1
4906,Member Team,Member Frontline,5,15,20,0,0,0
4906,Member Team,Member Specialist,7,4,11,0,0,0
4906,Member Team,Member Support,0,0,0,0,0,0
4906,Member Team,Member Team Lead,5,0,5,0,0,0
4906,Merchandising Team,Backroom Associate,4,0,4,0,0,0
4906,Merchandising Team,Forklift Driver,4,0,4,0,0,0
4906,Merchandising Team,Merchandising,10,10,20,1,2,3
4906,Merchandising Team,Merchandising Lead,4,0,4,0,0,0
4906,Personal Shopper,Personal Shopper,6,4,10,-1,2,1
4906,Personal Shopper,Personal Shopper Lead,1,0,1,0,0,0
4906,Specialty,Fuel/Car Wash,2,1,3,0,0,0
4906,Specialty,Maintenance,2,3,5,0,0,0
4906,Specialty,Optical,2,1,3,0,0,0
4906,Specialty,Pharmacy Tech,3,2,5,0,0,0
4906,Specialty,TBC Lead,1,0,1,0,0,0
4906,Specialty,TBC Tire Tech,4,3,7,0,0,0
4925,Fresh,Cake Decorator,2,0,2,2,0,2
4925,Fresh,HMS/Rotisserie,2,1,3,0,0,0
4925,Fresh,Produce,2,3,5,1,0,1
4925,Fresh,Produce Lead,2,0,2,0,0,0
4925,Fresh,Senior Meat Cutter,2,1,3,0,0,0
4925,Member Team,Member Frontline,0,0,0,0,0,0
4925,Member Team,Member Specialist,0,0,0,0,0,0
4925,Merchandising Team,Merchandising,9,7,16,1,0,1
4925,Merchandising Team,Merchandising Lead,0,0,0,0,0,0
4925,Specialty,18-992-600 Member Host Lead (T),0,0,0,0,0,0
6255,Fresh,Baker/Packager,2,3,5,0,2,2
6255,Fresh,Bakery Lead,1,0,1,0,0,0
6255,Fresh,Café,2,5,7,0,1,1
6255,Fresh,Cake Decorator,2,1,3,0,0,0
6255,Fresh,Freezer/Cooler/Deli,3,2,5,0,1,1
6255,Fresh,HMS/Rotisserie,2,3,5,0,0,0
6255,Fresh,Meat Cutter/Wrapper,1,1,2,0,0,0
6255,Fresh,Meat Lead,1,0,1,0,0,0
6255,Fresh,Prepared Food Lead,1,0,1,0,0,0
6255,Fresh,Produce,3,5,8,0,1,1
6255,Fresh,Produce Lead,1,0,1,0,0,0
6255,Fresh,Senior Meat Cutter,3,1,4,0,0,0
6255,Member Team,Member Assist,3,4,7,0,1,1
6255,Member Team,Member Frontline,5,14,19,0,0,0
6255,Member Team,Member Specialist,8,3,11,0,0,0
6255,Member Team,Member Support,0,0,0,0,0,0
6255,Member Team,Member Team Lead,5,0,5,0,0,0
6255,Merchandising Team,Backroom Associate,4,0,4,0,0,0
6255,Merchandising Team,Forklift Driver,4,0,4,0,0,0
6255,Merchandising Team,Merchandising,9,9,18,0,1,1
6255,Merchandising Team,Merchandising Lead,4,0,4,0,0,0
6255,Personal Shopper,Personal Shopper,7,3,10,-1,2,1
6255,Personal Shopper,Personal Shopper Lead,1,0,1,0,0,0
6255,Specialty,Fuel/Car Wash,2,1,3,0,0,0
6255,Specialty,Maintenance,3,1,4,0,0,0
6255,Specialty,Optical,2,0,2,0,0,0
6255,Specialty,Pharmacy Tech,2,1,3,0,0,0
6255,Specialty,TBC Lead,1,0,1,0,0,0
6255,Specialty,TBC Tire Tech,4,1,5,0,0,0
6265,Fresh,Baker/Packager,2,2,4,0,1,1
6265,Fresh,Bakery Lead,1,0,1,0,0,0
6265,Fresh,Café,2,4,6,0,0,0
6265,Fresh,Cake Decorator,3,0,3,0,0,0
6265,Fresh,Freezer/Cooler/Deli,3,2,5,0,1,1
6265,Fresh,HMS/Rotisserie,2,3,5,0,0,0
6265,Fresh,Meat Cutter/Wrapper,4,1,5,0,0,0
6265,Fresh,Meat Lead,1,0,1,0,0,0
6265,Fresh,Prepared Food Lead,1,0,1,0,0,0
6265,Fresh,Produce,4,4,8,1,0,1
6265,Fresh,Produce Lead,1,0,1,0,0,0
6265,Fresh,Senior Meat Cutter,3,1,4,0,0,0
6265,Member Team,Member Assist,2,6,8,0,1,1
6265,Member Team,Member Frontline,5,15,20,0,1,1
6265,Member Team,Member Specialist,8,3,11,0,0,0
6265,Member Team,Member Support,0,0,0,0,0,0
6265,Member Team,Member Team Lead,5,0,5,0,0,0
6265,Merchandising Team,Backroom Associate,4,0,4,0,0,0
6265,Merchandising Team,Forklift Driver,4,0,4,1,0,1
6265,Merchandising Team,Merchandising,9,9,18,2,1,3
6265,Merchandising Team,Merchandising Lead,4,0,4,0,0,0
6265,Personal Shopper,Personal Shopper,9,4,13,-1,2,1
6265,Personal Shopper,Personal Shopper Lead,1,0,1,0,0,0
6265,Specialty,Fuel/Car Wash,2,1,3,0,0,0
6265,Specialty,Maintenance,3,1,4,0,0,0
6265,Specialty,Optical,2,1,3,0,0,0
6265,Specialty,Pharmacy Tech,2,1,3,0,0,0
6265,Specialty,TBC Lead,1,0,1,0,0,0
6265,Specialty,TBC Tire Tech,3,3,6,0,0,0
6372,Fresh,Baker/Packager,2,2,4,0,1,1
6372,Fresh,Bakery Lead,1,0,1,0,0,0
6372,Fresh,Café,2,4,6,0,0,0
6372,Fresh,Cake Decorator,2,1,3,0,0,0
6372,Fresh,Freezer/Cooler/Deli,3,1,4,0,0,0
6372,Fresh,HMS/Rotisserie,2,3,5,0,0,0
6372,Fresh,Meat Cutter/Wrapper,1,1,2,0,0,0
6372,Fresh,Meat Lead,1,0,1,0,0,0
6372,Fresh,Prepared Food Lead,1,0,1,0,0,0
6372,Fresh,Produce,3,3,6,1,0,1
6372,Fresh,Produce Lead,1,0,1,0,0,0
6372,Fresh,Senior Meat Cutter,3,1,4,0,0,0
6372,Member Team,Member Assist,2,5,7,0,1,1
6372,Member Team,Member Frontline,5,17,22,0,1,1
6372,Member Team,Member Specialist,5,4,9,0,2,2
6372,Member Team,Member Support,0,0,0,0,0,0
6372,Member Team,Member Team Lead,4,0,4,0,0,0
6372,Merchandising Team,Backroom Associate,4,0,4,0,0,0
6372,Merchandising Team,Forklift Driver,4,0,4,0,0,0
6372,Merchandising Team,Merchandising,9,9,18,0,2,2
6372,Merchandising Team,Merchandising Lead,4,0,4,0,0,0
6372,Personal Shopper,Personal Shopper,20,9,29,12,6,18
6372,Personal Shopper,Personal Shopper Lead,1,0,1,0,0,0
6372,Specialty,Fuel/Car Wash,2,1,3,0,0,0
6372,Specialty,Maintenance,2,2,4,0,0,0
6372,Specialty,Optical,2,0,2,0,0,0
6372,Specialty,Pharmacy Tech,3,2,5,0,0,0
6376,Fresh,Baker/Packager,2,3,5,0,2,2
6376,Fresh,Bakery Lead,1,0,1,0,0,0
6376,Fresh,Café,3,4,7,1,-1,0
6376,Fresh,Cake Decorator,2,1,3,0,0,0
6376,Fresh,Freezer/Cooler/Deli,3,2,5,0,1,1
6376,Fresh,HMS/Rotisserie,3,2,5,0,1,1
6376,Fresh,Meat Cutter/Wrapper,1,1,2,0,0,0
6376,Fresh,Meat Lead,1,0,1,0,0,0
6376,Fresh,Prepared Food Lead,1,0,1,0,0,0
6376,Fresh,Produce,3,4,7,0,1,1
6376,Fresh,Produce Lead,1,0,1,0,0,0
6376,Fresh,Senior Meat Cutter,3,1,4,0,0,0
6376,Member Team,Member Assist,3,4,7,0,1,1
6376,Member Team,Member Frontline,5,16,21,0,0,0
6376,Member Team,Member Specialist,6,3,9,0,0,0
6376,Member Team,Member Support,0,0,0,0,0,0
6376,Member Team,Member Team Lead,5,0,5,0,0,0
6376,Merchandising Team,Backroom Associate,4,0,4,0,0,0
6376,Merchandising Team,Forklift Driver,4,0,4,0,0,0
6376,Merchandising Team,Merchandising,8,9,17,0,0,0
6376,Merchandising Team,Merchandising Lead,4,0,4,0,0,0
6376,Personal Shopper,Personal Shopper,7,4,11,-1,2,1
6376,Personal Shopper,Personal Shopper Lead,1,0,1,0,0,0
6376,Specialty,Maintenance,2,2,4,0,0,0
6376,Specialty,Optical,2,0,2,0,0,0
6376,Specialty,Pharmacy Tech,2,1,3,0,0,0
6376,Specialty,TBC Lead,1,0,1,0,0,0
6376,Specialty,TBC Tire Tech,3,3,6,0,0,0
6381,Fresh,Baker/Packager,2,3,5,0,2,2
6381,Fresh,Bakery Lead,1,0,1,0,0,0
6381,Fresh,Café,2,4,6,0,0,0
6381,Fresh,Cake Decorator,2,1,3,0,0,0
6381,Fresh,Freezer/Cooler/Deli,3,1,4,0,0,0
6381,Fresh,HMS/Rotisserie,3,2,5,0,0,0
6381,Fresh,Meat Cutter/Wrapper,1,2,3,0,0,0
6381,Fresh,Meat Lead,1,0,1,0,0,0
6381,Fresh,Prepared Food Lead,1,0,1,0,0,0
6381,Fresh,Produce,2,4,6,0,1,1
6381,Fresh,Produce Lead,1,0,1,0,0,0
6381,Fresh,Senior Meat Cutter,3,1,4,0,0,0
6381,Member Team,Member Assist,3,3,6,0,0,0
6381,Member Team,Member Frontline,5,15,20,0,0,0
6381,Member Team,Member Specialist,6,4,10,0,0,0
6381,Member Team,Member Support,0,0,0,0,0,0
6381,Member Team,Member Team Lead,4,0,4,0,0,0
6381,Merchandising Team,Backroom Associate,4,0,4,0,0,0
6381,Merchandising Team,Forklift Driver,4,0,4,0,0,0
6381,Merchandising Team,Merchandising,8,10,18,0,0,0
6381,Merchandising Team,Merchandising Lead,4,0,4,0,0,0
6381,Personal Shopper,Personal Shopper,8,3,11,-1,2,1
6381,Personal Shopper,Personal Shopper Lead,1,0,1,0,0,0
6381,Specialty,Fuel/Car Wash,2,1,3,0,0,0
6381,Specialty,Maintenance,2,2,4,0,0,0
6381,Specialty,Optical,2,1,3,0,0,0
6381,Specialty,Pharmacy Tech,3,1,4,0,0,0
6381,Specialty,TBC Lead,1,0,1,0,0,0
6381,Specialty,TBC Tire Tech,3,3,6,0,0,0
6482,Fresh,Baker/Packager,4,2,6,1,1,2
6482,Fresh,Bakery Lead,1,0,1,0,0,0
6482,Fresh,Café,4,5,9,0,0,0
6482,Fresh,Cake Decorator,3,1,4,0,0,0
6482,Fresh,Freezer/Cooler/Deli,5,4,9,2,2,4
6482,Fresh,HMS/Rotisserie,4,3,7,0,1,1
6482,Fresh,Meat Cutter/Wrapper,2,2,4,0,0,0
6482,Fresh,Meat Lead,1,0,1,0,0,0
6482,Fresh,Prepared Food Lead,1,0,1,0,0,0
6482,Fresh,Produce,4,5,9,0,1,1
6482,Fresh,Produce Lead,1,0,1,0,0,0
6482,Fresh,Senior Meat Cutter,3,1,4,0,0,0
6482,Member Team,Member Assist,4,6,10,0,2,2
6482,Member Team,Member Frontline,7,23,30,0,2,2
6482,Member Team,Member Specialist,7,6,13,1,2,3
6482,Member Team,Member Support,0,0,0,0,0,0
6482,Member Team,Member Team Lead,5,0,5,0,0,0
6482,Merchandising Team,Backroom Associate,6,0,6,1,0,1
6482,Merchandising Team,Forklift Driver,6,0,6,1,0,1
6482,Merchandising Team,Merchandising,15,13,28,2,3,5
6482,Merchandising Team,Merchandising Lead,4,0,4,0,0,0
6482,Personal Shopper,Personal Shopper,6,3,9,-1,2,1
6482,Personal Shopper,Personal Shopper Lead,1,0,1,0,0,0
6482,Specialty,Asset Protection,1,0,1,0,0,0
6482,Specialty,Fuel/Car Wash,2,2,4,0,0,0
6482,Specialty,Maintenance,3,2,5,0,0,0
6482,Specialty,Optical,1,1,2,0,0,0
6482,Specialty,Pharmacy Tech,3,1,4,0,0,0
6482,Specialty,TBC Lead,1,0,1,0,0,0
6482,Specialty,TBC Tire Tech,3,3,6,0,0,0
8242,Fresh,Baker/Packager,3,1,4,0,0,0
8242,Fresh,Bakery Lead,1,0,1,0,0,0
8242,Fresh,Café,4,5,9,0,0,0
8242,Fresh,Cake Decorator,3,1,4,0,0,0
8242,Fresh,Freezer/Cooler/Deli,3,3,6,0,1,1
8242,Fresh,HMS/Rotisserie,3,4,7,0,0,0
8242,Fresh,Meat Cutter/Wrapper,1,2,3,0,0,0
8242,Fresh,Meat Lead,1,0,1,0,0,0
8242,Fresh,Prepared Food Lead,1,0,1,0,0,0
8242,Fresh,Produce,3,4,7,0,1,1
8242,Fresh,Produce Lead,1,0,1,0,0,0
8242,Fresh,Senior Meat Cutter,3,1,4,0,0,0
8242,Member Team,Member Assist,2,8,10,0,2,2
8242,Member Team,Member Frontline,11,35,46,0,0,0
8242,Member Team,Member Specialist,7,4,11,0,2,2
8242,Member Team,Member Support,0,0,0,0,0,0
8242,Member Team,Member Team Lead,5,0,5,0,0,0
8242,Merchandising Team,Backroom Associate,6,0,6,0,0,0
8242,Merchandising Team,Forklift Driver,6,0,6,1,0,1
8242,Merchandising Team,Merchandising,13,11,24,1,2,3
8242,Merchandising Team,Merchandising Lead,4,0,4,0,0,0
8242,Personal Shopper,Personal Shopper,7,4,11,-1,2,1
8242,Personal Shopper,Personal Shopper Lead,1,0,1,0,0,0
8242,Specialty,Fuel/Car Wash,2,1,3,0,0,0
8242,Specialty,Maintenance,3,1,4,0,0,0
8242,Specialty,Optical,2,1,3,0,0,0
8242,Specialty,Pharmacy Tech,3,2,5,0,0,0
8242,Specialty,TBC Lead,1,0,1,0,0,0
8242,Specialty,TBC Tire Tech,4,2,6,0,0,0
8248,Fresh,Baker/Packager,2,2,4,0,1,1
8248,Fresh,Bakery Lead,1,0,1,0,0,0
8248,Fresh,Café,3,5,8,1,0,1
8248,Fresh,Cake Decorator,3,0,3,0,0,0
8248,Fresh,Freezer/Cooler/Deli,3,2,5,0,1,1
8248,Fresh,HMS/Rotisserie,3,2,5,0,0,0
8248,Fresh,Meat Cutter/Wrapper,1,2,3,0,0,0
8248,Fresh,Meat Lead,1,0,1,0,0,0
8248,Fresh,Prepared Food Lead,1,0,1,0,0,0
8248,Fresh,Produce,3,4,7,0,1,1
8248,Fresh,Produce Lead,1,0,1,0,0,0
8248,Fresh,Senior Meat Cutter,3,1,4,0,0,0
8248,Member Team,Member Assist,4,3,7,0,0,0
8248,Member Team,Member Frontline,6,18,24,0,0,0
8248,Member Team,Member Specialist,5,4,9,0,1,1
8248,Member Team,Member Support,0,0,0,0,0,0
8248,Member Team,Member Team Lead,5,0,5,0,0,0
8248,Merchandising Team,Backroom Associate,4,0,4,0,0,0
8248,Merchandising Team,Forklift Driver,5,0,5,1,0,1
8248,Merchandising Team,Merchandising,10,10,20,0,0,0
8248,Merchandising Team,Merchandising Lead,4,0,4,0,0,0
8248,Personal Shopper,Personal Shopper,6,4,10,-1,2,1
8248,Personal Shopper,Personal Shopper Lead,1,0,1,0,0,0
8248,Specialty,Fuel/Car Wash,2,1,3,0,0,0
8248,Specialty,Maintenance,3,0,3,0,0,0
8248,Specialty,Optical,2,0,2,0,0,0
8248,Specialty,Pharmacy Tech,1,2,3,0,0,0
8248,Specialty,TBC Lead,1,0,1,0,0,0
8248,Specialty,TBC Tire Tech,3,3,6,0,0,0
8299,Fresh,Baker/Packager,2,1,3,0,0,0
8299,Fresh,Bakery Lead,1,0,1,0,0,0
8299,Fresh,Café,2,4,6,0,1,1
8299,Fresh,Cake Decorator,2,1,3,0,0,0
8299,Fresh,Freezer/Cooler/Deli,3,1,4,0,0,0
8299,Fresh,HMS/Rotisserie,3,2,5,0,0,0
8299,Fresh,Meat Cutter/Wrapper,4,1,5,0,0,0
8299,Fresh,Meat Lead,1,0,1,0,0,0
8299,Fresh,Prepared Food Lead,1,0,1,0,0,0
8299,Fresh,Produce,3,4,7,0,1,1
8299,Fresh,Produce Lead,1,0,1,0,0,0
8299,Fresh,Senior Meat Cutter,3,1,4,0,0,0
8299,Member Team,Member Assist,3,4,7,0,0,0
8299,Member Team,Member Frontline,4,16,20,0,1,1
8299,Member Team,Member Specialist,7,3,10,0,0,0
8299,Member Team,Member Support,0,0,0,0,0,0
8299,Member Team,Member Team Lead,4,0,4,0,0,0
8299,Merchandising Team,Backroom Associate,4,0,4,0,0,0
8299,Merchandising Team,Forklift Driver,3,0,3,0,0,0
8299,Merchandising Team,Merchandising,7,7,14,0,0,0
8299,Merchandising Team,Merchandising Lead,4,0,4,0,0,0
8299,Personal Shopper,Personal Shopper,7,3,10,-1,2,1
8299,Personal Shopper,Personal Shopper Lead,1,0,1,0,0,0
8299,Specialty,Fuel/Car Wash,2,1,3,0,0,0
8299,Specialty,Maintenance,2,2,4,0,0,0
8299,Specialty,Optical,2,0,2,0,0,0
8299,Specialty,Pharmacy Tech,3,2,5,0,0,0
8299,Specialty,TBC Lead,1,0,1,0,0,0
8299,Specialty,TBC Tire Tech,4,2,6,0,0,0
4702,Fresh,Baker/Packager,2,1,3,0,0,0
4702,Fresh,Bakery Lead,1,0,1,0,0,0
4702,Fresh,Café,4,6,10,0,2,2
4702,Fresh,Cake Decorator,3,1,4,0,0,0
4702,Fresh,Freezer/Cooler/Deli,3,1,4,0,0,0
4702,Fresh,HMS/Rotisserie,3,3,6,0,1,1
4702,Fresh,Meat Cutter/Wrapper,1,2,3,0,0,0
4702,Fresh,Meat Lead,1,0,1,0,0,0
4702,Fresh,Prepared Food Lead,1,0,1,0,0,0
4702,Fresh,Produce,2,4,6,0,1,1
4702,Fresh,Produce Lead,1,0,1,0,0,0
4702,Fresh,Senior Meat Cutter,3,1,4,0,0,0
4702,Member Team,Member Assist,3,5,8,0,1,1
4702,Member Team,Member Frontline,6,17,23,0,0,0
4702,Member Team,Member Specialist,8,3,11,0,0,0
4702,Member Team,Member Support,0,0,0,0,0,0
4702,Member Team,Member Team Lead,5,0,5,0,0,0
4702,Merchandising Team,Backroom Associate,4,0,4,0,0,0
4702,Merchandising Team,Forklift Driver,5,0,5,1,0,1
4702,Merchandising Team,Merchandising,11,11,22,2,0,2
4702,Merchandising Team,Merchandising Lead,4,0,4,0,0,0
4702,Personal Shopper,Personal Shopper,8,3,11,-1,2,1
4702,Personal Shopper,Personal Shopper Lead,1,0,1,0,0,0
4702,Specialty,Asset Protection,1,0,1,0,0,0
4702,Specialty,Fuel/Car Wash,2,1,3,0,0,0
4702,Specialty,Maintenance,3,1,4,0,0,0
4702,Specialty,Optical,2,1,3,0,0,0
4702,Specialty,Pharmacy Tech,2,2,4,0,0,0
4702,Specialty,TBC Lead,1,0,1,0,0,0
4702,Specialty,TBC Tire Tech,3,3,6,0,0,0
4712,Fresh,Baker/Packager,3,2,5,1,1,2
4712,Fresh,Bakery Lead,1,0,1,0,0,0
4712,Fresh,Café,4,4,8,0,-1,-1
4712,Fresh,Cake Decorator,2,1,3,0,0,0
4712,Fresh,Freezer/Cooler/Deli,3,2,5,0,1,1
4712,Fresh,HMS/Rotisserie,3,2,5,0,0,0
4712,Fresh,Meat Cutter/Wrapper,1,1,2,0,0,0
4712,Fresh,Meat Lead,1,0,1,0,0,0
4712,Fresh,Prepared Food Lead,1,0,1,0,0,0
4712,Fresh,Produce,3,3,6,1,0,1
4712,Fresh,Produce Lead,1,0,1,0,0,0
4712,Fresh,Senior Meat Cutter,3,1,4,0,0,0
4712,Member Team,Member Assist,3,5,8,0,2,2
4712,Member Team,Member Frontline,6,16,22,0,1,1
4712,Member Team,Member Specialist,7,3,10,0,1,1
4712,Member Team,Member Support,0,0,0,0,0,0
4712,Member Team,Member Team Lead,5,0,5,0,0,0
4712,Merchandising Team,Backroom Associate,4,0,4,0,0,0
4712,Merchandising Team,Forklift Driver,5,0,5,1,0,1
4712,Merchandising Team,Merchandising,10,10,20,2,1,3
4712,Merchandising Team,Merchandising Lead,4,0,4,0,0,0
4712,Personal Shopper,Personal Shopper,7,4,11,-1,2,1
4712,Personal Shopper,Personal Shopper Lead,1,0,1,0,0,0
4712,Specialty,Fuel/Car Wash,2,1,3,0,0,0
4712,Specialty,Maintenance,3,0,3,0,0,0
4712,Specialty,Optical,2,1,3,0,0,0
4712,Specialty,Pharmacy Tech,2,1,3,0,0,0
4712,Specialty,TBC Lead,1,0,1,0,0,0
4712,Specialty,TBC Tire Tech,3,3,6,0,0,0
4712,Specialty,Wholesale Trading,1,0,1,0,0,0
4712,Specialty,Wholesale Trading Lead,2,0,2,0,0,0
4763,Fresh,Baker/Packager,2,4,6,0,1,1
4763,Fresh,Bakery Lead,1,0,1,0,0,0
4763,Fresh,Café,4,6,10,0,1,1
4763,Fresh,Cake Decorator,3,1,4,0,0,0
4763,Fresh,Freezer/Cooler/Deli,3,2,5,0,1,1
4763,Fresh,HMS/Rotisserie,3,2,5,0,0,0
4763,Fresh,Meat Cutter/Wrapper,1,1,2,0,0,0
4763,Fresh,Meat Lead,1,0,1,0,0,0
4763,Fresh,Prepared Food Lead,1,0,1,0,0,0
4763,Fresh,Produce,3,4,7,0,2,2
4763,Fresh,Produce Lead,1,0,1,0,0,0
4763,Fresh,Senior Meat Cutter,3,1,4,0,0,0
4763,Member Team,Member Assist,3,6,9,0,2,2
4763,Member Team,Member Frontline,7,18,25,0,0,0
4763,Member Team,Member Specialist,6,5,11,0,2,2
4763,Member Team,Member Support,0,0,0,0,0,0
4763,Member Team,Member Team Lead,5,0,5,0,0,0
4763,Merchandising Team,Backroom Associate,4,0,4,0,0,0
4763,Merchandising Team,Forklift Driver,5,0,5,0,0,0
4763,Merchandising Team,Merchandising,11,10,21,1,0,1
4763,Merchandising Team,Merchandising Lead,4,0,4,0,0,0
4763,Personal Shopper,Personal Shopper,8,4,12,-1,2,1
4763,Personal Shopper,Personal Shopper Lead,1,0,1,0,0,0
4763,Specialty,Asset Protection,1,0,1,0,0,0
4763,Specialty,Fuel/Car Wash,2,1,3,0,0,0
4763,Specialty,Maintenance,3,1,4,0,0,0
4763,Specialty,Optical,2,1,3,0,0,0
4763,Specialty,Pharmacy Tech,4,2,6,0,0,0
4763,Specialty,TBC Lead,1,0,1,0,0,0
4763,Specialty,TBC Tire Tech,4,2,6,0,0,0
4764,Fresh,Baker/Packager,2,5,7,0,1,1
4764,Fresh,Bakery Lead,1,0,1,0,0,0
4764,Fresh,Café,5,8,13,0,1,1
4764,Fresh,Cake Decorator,3,1,4,0,0,0
4764,Fresh,Freezer/Cooler/Deli,4,3,7,1,1,2
4764,Fresh,HMS/Rotisserie,4,3,7,0,0,0
4764,Fresh,Meat Cutter/Wrapper,1,2,3,0,0,0
4764,Fresh,Meat Lead,1,0,1,0,0,0
4764,Fresh,Prepared Food Lead,1,0,1,0,0,0
4764,Fresh,Produce,4,3,7,1,0,1
4764,Fresh,Produce Lead,1,0,1,0,0,0
4764,Fresh,Senior Meat Cutter,3,1,4,0,0,0
4764,Member Team,Member Assist,3,6,9,0,1,1
4764,Member Team,Member Frontline,6,18,24,0,2,2
4764,Member Team,Member Specialist,10,4,14,0,1,1
4764,Member Team,Member Support,0,0,0,0,0,0
4764,Member Team,Member Team Lead,5,0,5,0,0,0
4764,Merchandising Team,Backroom Associate,5,0,5,0,0,0
4764,Merchandising Team,Forklift Driver,6,0,6,1,0,1
4764,Merchandising Team,Merchandising,13,12,25,2,0,2
4764,Merchandising Team,Merchandising Lead,4,0,4,0,0,0
4764,Personal Shopper,Personal Shopper,7,3,10,-1,2,1
4764,Personal Shopper,Personal Shopper Lead,1,0,1,0,0,0
4764,Specialty,Asset Protection,1,0,1,0,0,0
4764,Specialty,Fuel/Car Wash,2,1,3,0,0,0
4764,Specialty,Maintenance,3,2,5,0,0,0
4764,Specialty,Optical,2,1,3,0,0,0
4764,Specialty,Pharmacy Tech,2,2,4,0,0,0
4764,Specialty,TBC Lead,1,0,1,0,0,0
4764,Specialty,TBC Tire Tech,4,2,6,0,0,0
4769,Fresh,Baker/Packager,3,3,6,1,0,1
4769,Fresh,Bakery Lead,1,0,1,0,0,0
4769,Fresh,Café,4,7,11,0,0,0
4769,Fresh,Cake Decorator,3,0,3,0,0,0
4769,Fresh,Freezer/Cooler/Deli,3,3,6,0,1,1
4769,Fresh,HMS/Rotisserie,4,3,7,0,0,0
4769,Fresh,Meat Cutter/Wrapper,1,1,2,0,0,0
4769,Fresh,Meat Lead,1,0,1,0,0,0
4769,Fresh,Prepared Food Lead,1,0,1,0,0,0
4769,Fresh,Produce,4,5,9,1,1,2
4769,Fresh,Produce Lead,1,0,1,0,0,0
4769,Fresh,Senior Meat Cutter,3,1,4,0,0,0
4769,Member Team,Member Assist,4,6,10,0,1,1
4769,Member Team,Member Frontline,7,22,29,0,2,2
4769,Member Team,Member Specialist,9,4,13,0,1,1
4769,Member Team,Member Support,0,0,0,0,0,0
4769,Member Team,Member Team Lead,6,0,6,0,0,0
4769,Merchandising Team,Backroom Associate,6,0,6,1,0,1
4769,Merchandising Team,Forklift Driver,6,0,6,0,0,0
4769,Merchandising Team,Merchandising,17,12,29,3,1,4
4769,Merchandising Team,Merchandising Lead,4,0,4,0,0,0
4769,Personal Shopper,Personal Shopper,6,4,10,-1,2,1
4769,Personal Shopper,Personal Shopper Lead,1,0,1,0,0,0
4769,Specialty,Fuel/Car Wash,2,1,3,0,0,0
4769,Specialty,Maintenance,3,4,7,0,0,0
4769,Specialty,Optical,2,1,3,0,0,0
4769,Specialty,Pharmacy Tech,3,2,5,0,0,0
4769,Specialty,TBC Lead,1,0,1,0,0,0
4769,Specialty,TBC Tire Tech,3,3,6,0,0,0
4843,Fresh,Baker/Packager,3,3,6,0,2,2
4843,Fresh,Bakery Lead,1,0,1,0,0,0
4843,Fresh,Café,4,6,10,0,-1,-1
4843,Fresh,Cake Decorator,3,1,4,0,0,0
4843,Fresh,Freezer/Cooler/Deli,3,2,5,0,1,1
4843,Fresh,HMS/Rotisserie,3,4,7,0,0,0
4843,Fresh,Meat Cutter/Wrapper,1,1,2,0,0,0
4843,Fresh,Meat Lead,1,0,1,0,0,0
4843,Fresh,Prepared Food Lead,1,0,1,0,0,0
4843,Fresh,Produce,3,3,6,1,0,1
4843,Fresh,Produce Lead,1,0,1,0,0,0
4843,Fresh,Senior Meat Cutter,3,1,4,0,0,0
4843,Member Team,Member Assist,4,5,9,0,1,1
4843,Member Team,Member Frontline,7,19,26,1,2,3
4843,Member Team,Member Specialist,7,5,12,0,1,1
4843,Member Team,Member Support,0,0,0,0,0,0
4843,Member Team,Member Team Lead,5,0,5,0,0,0
4843,Merchandising Team,Backroom Associate,5,0,5,0,0,0
4843,Merchandising Team,Forklift Driver,6,0,6,1,0,1
4843,Merchandising Team,Merchandising,12,12,24,1,2,3
4843,Merchandising Team,Merchandising Lead,4,0,4,0,0,0
4843,Personal Shopper,Personal Shopper,7,4,11,-1,2,1
4843,Personal Shopper,Personal Shopper Lead,1,0,1,0,0,0
4843,Specialty,Asset Protection,1,0,1,0,0,0
4843,Specialty,Fuel/Car Wash,2,1,3,0,0,0
4843,Specialty,Maintenance,3,1,4,0,0,0
4843,Specialty,Optical,2,0,2,0,0,0
4843,Specialty,Pharmacy Tech,3,3,6,0,0,0
4843,Specialty,TBC Lead,1,0,1,0,0,0
4843,Specialty,TBC Tire Tech,4,2,6,0,0,0
6202,Fresh,Baker/Packager,2,1,3,0,0,0
6202,Fresh,Bakery Lead,1,0,1,0,0,0
6202,Fresh,Café,3,6,9,0,1,1
6202,Fresh,Cake Decorator,3,0,3,0,-1,-1
6202,Fresh,Freezer/Cooler/Deli,3,1,4,0,0,0
6202,Fresh,HMS/Rotisserie,3,2,5,0,1,1
6202,Fresh,Meat Cutter/Wrapper,1,1,2,0,0,0
6202,Fresh,Meat Lead,1,0,1,0,0,0
6202,Fresh,Prepared Food Lead,1,0,1,0,0,0
6202,Fresh,Produce,2,3,5,0,1,1
6202,Fresh,Produce Lead,1,0,1,0,0,0
6202,Fresh,Senior Meat Cutter,4,1,5,0,0,0
6202,Member Team,Member Assist,3,4,7,0,1,1
6202,Member Team,Member Frontline,6,15,21,0,0,0
6202,Member Team,Member Specialist,6,3,9,0,1,1
6202,Member Team,Member Support,0,0,0,0,0,0
6202,Member Team,Member Team Lead,5,0,5,0,0,0
6202,Merchandising Team,Backroom Associate,4,0,4,0,0,0
6202,Merchandising Team,Forklift Driver,5,0,5,1,0,1
6202,Merchandising Team,Merchandising,10,10,20,0,1,1
6202,Merchandising Team,Merchandising Lead,4,0,4,0,0,0
6202,Personal Shopper,Personal Shopper,8,4,12,-1,2,1
6202,Personal Shopper,Personal Shopper Lead,1,0,1,0,0,0
6202,Specialty,Maintenance,3,0,3,0,0,0
6202,Specialty,Optical,1,1,2,0,0,0
6202,Specialty,Pharmacy Tech,5,2,7,0,0,0
6202,Specialty,TBC Lead,1,0,1,0,0,0
6202,Specialty,TBC Tire Tech,3,3,6,0,0,0
6422,Fresh,Baker/Packager,2,2,4,0,1,1
6422,Fresh,Bakery Lead,1,0,1,0,0,0
6422,Fresh,Café,4,4,8,0,0,0
6422,Fresh,Cake Decorator,3,1,4,0,0,0
6422,Fresh,Freezer/Cooler/Deli,4,2,6,1,0,1
6422,Fresh,HMS/Rotisserie,3,2,5,0,0,0
6422,Fresh,Meat Cutter/Wrapper,2,1,3,0,0,0
6422,Fresh,Meat Lead,1,0,1,0,0,0
6422,Fresh,Prepared Food Lead,1,0,1,0,0,0
6422,Fresh,Produce,3,2,5,0,0,0
6422,Fresh,Produce Lead,1,0,1,0,0,0
6422,Fresh,Senior Meat Cutter,4,1,5,0,0,0
6422,Member Team,Member Assist,2,6,8,0,0,0
6422,Member Team,Member Frontline,6,18,24,0,1,1
6422,Member Team,Member Specialist,6,4,10,0,1,1
6422,Member Team,Member Support,0,0,0,0,0,0
6422,Member Team,Member Team Lead,5,0,5,0,0,0
6422,Merchandising Team,Backroom Associate,5,0,5,1,0,1
6422,Merchandising Team,Forklift Driver,6,0,6,1,0,1
6422,Merchandising Team,Merchandising,13,11,24,3,1,4
6422,Merchandising Team,Merchandising Lead,4,0,4,0,0,0
6422,Personal Shopper,Personal Shopper,11,6,17,2,5,7
6422,Personal Shopper,Personal Shopper Lead,1,0,1,0,0,0
6422,Specialty,Fuel/Car Wash,2,1,3,0,0,0
6422,Specialty,Maintenance,3,1,4,0,0,0
6422,Specialty,Optical,1,1,2,0,0,0
6422,Specialty,Pharmacy Tech,4,1,5,0,0,0
6422,Specialty,TBC Lead,1,0,1,0,0,0
6422,Specialty,TBC Tire Tech,4,3,7,0,0,0
6867,Fresh,Baker/Packager,2,2,4,0,1,1
6867,Fresh,Bakery Lead,1,0,1,0,0,0
6867,Fresh,Café,3,6,9,0,1,1
6867,Fresh,Cake Decorator,3,0,3,0,0,0
6867,Fresh,Freezer/Cooler/Deli,3,1,4,0,0,0
6867,Fresh,HMS/Rotisserie,2,3,5,0,0,0
6867,Fresh,Meat Cutter/Wrapper,1,1,2,0,0,0
6867,Fresh,Meat Lead,1,0,1,0,0,0
6867,Fresh,Prepared Food Lead,1,0,1,0,0,0
6867,Fresh,Produce,2,4,6,0,1,1
6867,Fresh,Produce Lead,1,0,1,0,0,0
6867,Fresh,Senior Meat Cutter,3,1,4,0,0,0
6867,Member Team,Member Assist,3,4,7,0,0,0
6867,Member Team,Member Frontline,5,13,18,0,0,0
6867,Member Team,Member Specialist,6,4,10,0,0,0
6867,Member Team,Member Support,0,0,0,0,0,0
6867,Member Team,Member Team Lead,4,0,4,0,0,0
6867,Merchandising Team,Backroom Associate,4,0,4,0,0,0
6867,Merchandising Team,Forklift Driver,4,0,4,0,0,0
6867,Merchandising Team,Merchandising,9,9,18,1,2,3
6867,Merchandising Team,Merchandising Lead,4,0,4,0,0,0
6867,Personal Shopper,Personal Shopper,5,3,8,-1,3,2
6867,Personal Shopper,Personal Shopper Lead,1,0,1,0,0,0
6867,Specialty,Fuel/Car Wash,2,1,3,0,0,0
6867,Specialty,Maintenance,2,3,5,0,0,0
6867,Specialty,Optical,2,1,3,1,0,1
6867,Specialty,Pharmacy Tech,2,0,2,0,0,0
6867,Specialty,TBC Lead,1,0,1,0,0,0
6867,Specialty,TBC Tire Tech,4,2,6,0,0,0
8190,Fresh,Baker/Packager,2,2,4,0,1,1
8190,Fresh,Bakery Lead,1,0,1,0,0,0
8190,Fresh,Café,3,5,8,0,0,0
8190,Fresh,Cake Decorator,2,1,3,0,0,0
8190,Fresh,Freezer/Cooler/Deli,3,1,4,0,0,0
8190,Fresh,HMS/Rotisserie,3,2,5,0,1,1
8190,Fresh,Meat Cutter/Wrapper,1,2,3,0,0,0
8190,Fresh,Meat Lead,1,0,1,0,0,0
8190,Fresh,Prepared Food Lead,1,0,1,0,0,0
8190,Fresh,Produce,2,3,5,0,1,1
8190,Fresh,Produce Lead,1,0,1,0,0,0
8190,Fresh,Senior Meat Cutter,3,1,4,0,0,0
8190,Member Team,Member Assist,3,3,6,0,0,0
8190,Member Team,Member Frontline,5,14,19,0,0,0
8190,Member Team,Member Specialist,7,3,10,0,0,0
8190,Member Team,Member Support,0,0,0,0,0,0
8190,Member Team,Member Team Lead,4,0,4,0,0,0
8190,Merchandising Team,Backroom Associate,4,0,4,0,0,0
8190,Merchandising Team,Forklift Driver,4,0,4,0,0,0
8190,Merchandising Team,Merchandising,10,11,21,0,0,0
8190,Merchandising Team,Merchandising Lead,4,0,4,0,0,0
8190,Personal Shopper,Personal Shopper,8,4,12,-1,2,1
8190,Personal Shopper,Personal Shopper Lead,1,0,1,0,0,0
8190,Specialty,Fuel/Car Wash,2,1,3,0,0,0
8190,Specialty,Maintenance,2,2,4,0,0,0
8190,Specialty,Optical,1,1,2,0,0,0
8190,Specialty,Pharmacy Tech,2,2,4,0,0,0
8190,Specialty,TBC Lead,1,0,1,0,0,0
8190,Specialty,TBC Tire Tech,3,3,6,0,0,0
8244,Fresh,Baker/Packager,3,3,6,0,2,2
8244,Fresh,Bakery Lead,1,0,1,0,0,0
8244,Fresh,Café,5,8,13,0,1,1
8244,Fresh,Cake Decorator,3,1,4,0,0,0
8244,Fresh,Freezer/Cooler/Deli,3,3,6,0,1,1
8244,Fresh,HMS/Rotisserie,4,3,7,0,0,0
8244,Fresh,Meat Cutter/Wrapper,1,2,3,0,0,0
8244,Fresh,Meat Lead,1,0,1,0,0,0
8244,Fresh,Prepared Food Lead,1,0,1,0,0,0
8244,Fresh,Produce,3,5,8,0,1,1
8244,Fresh,Produce Lead,1,0,1,0,0,0
8244,Fresh,Senior Meat Cutter,3,1,4,0,0,0
8244,Member Team,Member Assist,4,6,10,0,2,2
8244,Member Team,Member Frontline,8,22,30,1,3,4
8244,Member Team,Member Specialist,7,4,11,0,0,0
8244,Member Team,Member Support,0,0,0,0,0,0
8244,Member Team,Member Team Lead,5,0,5,0,0,0
8244,Merchandising Team,Backroom Associate,6,0,6,1,0,1
8244,Merchandising Team,Forklift Driver,6,0,6,0,0,0
8244,Merchandising Team,Merchandising,18,13,31,4,0,4
8244,Merchandising Team,Merchandising Lead,4,0,4,0,0,0
8244,Personal Shopper,Personal Shopper,6,4,10,-1,2,1
8244,Personal Shopper,Personal Shopper Lead,1,0,1,0,0,0
8244,Specialty,Fuel/Car Wash,2,1,3,0,0,0
8244,Specialty,Maintenance,3,3,6,0,0,0
8244,Specialty,Optical,2,1,3,0,0,0
8244,Specialty,Pharmacy Tech,4,2,6,0,0,0
8244,Specialty,TBC Lead,1,0,1,0,0,0
8244,Specialty,TBC Tire Tech,4,3,7,0,0,0
8246,Fresh,Baker/Packager,3,3,6,0,2,2
8246,Fresh,Bakery Lead,1,0,1,0,0,0
8246,Fresh,Café,4,4,8,0,-1,-1
8246,Fresh,Cake Decorator,3,1,4,0,0,0
8246,Fresh,Freezer/Cooler/Deli,4,3,7,1,2,3
8246,Fresh,HMS/Rotisserie,3,4,7,0,0,0
8246,Fresh,Meat Cutter/Wrapper,4,1,5,0,0,0
8246,Fresh,Meat Lead,1,0,1,0,0,0
8246,Fresh,Prepared Food Lead,1,0,1,0,0,0
8246,Fresh,Produce,4,5,9,1,1,2
8246,Fresh,Produce Lead,1,0,1,0,0,0
8246,Fresh,Senior Meat Cutter,3,1,4,0,0,0
8246,Member Team,Member Assist,3,6,9,0,1,1
8246,Member Team,Member Frontline,9,26,35,1,1,2
8246,Member Team,Member Specialist,8,5,13,0,0,0
8246,Member Team,Member Support,0,0,0,0,0,0
8246,Member Team,Member Team Lead,5,0,5,0,0,0
8246,Merchandising Team,Backroom Associate,5,0,5,0,0,0
8246,Merchandising Team,Forklift Driver,6,0,6,1,0,1
8246,Merchandising Team,Merchandising,14,11,25,2,2,4
8246,Merchandising Team,Merchandising Lead,4,0,4,0,0,0
8246,Personal Shopper,Personal Shopper,7,4,11,-1,2,1
8246,Personal Shopper,Personal Shopper Lead,1,0,1,0,0,0
8246,Specialty,Asset Protection,1,0,1,0,0,0
8246,Specialty,Fuel/Car Wash,2,1,3,0,0,0
8246,Specialty,Maintenance,3,2,5,0,0,0
8246,Specialty,Optical,2,0,2,0,0,0
8246,Specialty,Pharmacy Tech,2,1,3,0,0,0
8246,Specialty,TBC Lead,1,0,1,0,0,0
8246,Specialty,TBC Tire Tech,3,3,6,0,0,0
8265,Fresh,Baker/Packager,3,1,4,0,0,0
8265,Fresh,Bakery Lead,1,0,1,0,0,0
8265,Fresh,Café,4,4,8,0,0,0
8265,Fresh,Cake Decorator,3,1,4,0,0,0
8265,Fresh,Freezer/Cooler/Deli,3,2,5,0,0,0
8265,Fresh,HMS/Rotisserie,3,3,6,0,0,0
8265,Fresh,Meat Cutter/Wrapper,2,1,3,0,0,0
8265,Fresh,Meat Lead,1,0,1,0,0,0
8265,Fresh,Prepared Food Lead,1,0,1,0,0,0
8265,Fresh,Produce,2,3,5,0,0,0
8265,Fresh,Produce Lead,1,0,1,0,0,0
8265,Fresh,Senior Meat Cutter,4,1,5,0,0,0
8265,Member Team,Member Assist,4,4,8,0,0,0
8265,Member Team,Member Frontline,6,19,25,0,0,0
8265,Member Team,Member Specialist,9,3,12,0,0,0
8265,Member Team,Member Support,0,0,0,0,0,0
8265,Member Team,Member Team Lead,5,0,5,0,0,0
8265,Merchandising Team,Backroom Associate,4,0,4,0,0,0
8265,Merchandising Team,Forklift Driver,6,0,6,1,0,1
8265,Merchandising Team,Merchandising,12,12,24,-1,0,-1
8265,Merchandising Team,Merchandising Lead,4,0,4,0,0,0
8265,Personal Shopper,Personal Shopper,7,4,11,-1,2,1
8265,Personal Shopper,Personal Shopper Lead,1,0,1,0,0,0
8265,Specialty,Fuel/Car Wash,2,1,3,0,0,0
8265,Specialty,Maintenance,3,3,6,0,0,0
8265,Specialty,Optical,2,1,3,0,0,0
8265,Specialty,Pharmacy Tech,3,2,5,0,0,0
8265,Specialty,TBC Lead,1,0,1,0,0,0
8265,Specialty,TBC Tire Tech,4,3,7,0,0,0
8274,Fresh,Baker/Packager,3,2,5,0,1,1
8274,Fresh,Bakery Lead,1,0,1,0,0,0
8274,Fresh,Café,4,6,10,0,1,1
8274,Fresh,Cake Decorator,3,0,3,0,0,0
8274,Fresh,Freezer/Cooler/Deli,3,2,5,0,1,1
8274,Fresh,HMS/Rotisserie,3,3,6,0,0,0
8274,Fresh,Meat Cutter/Wrapper,1,2,3,0,0,0
8274,Fresh,Meat Lead,1,0,1,0,0,0
8274,Fresh,Prepared Food Lead,1,0,1,0,0,0
8274,Fresh,Produce,3,3,6,0,0,0
8274,Fresh,Produce Lead,1,0,1,0,0,0
8274,Fresh,Senior Meat Cutter,3,1,4,0,0,0
8274,Member Team,Member Assist,4,4,8,0,0,0
8274,Member Team,Member Frontline,6,17,23,0,1,1
8274,Member Team,Member Specialist,8,4,12,0,1,1
8274,Member Team,Member Support,0,0,0,0,0,0
8274,Member Team,Member Team Lead,5,0,5,0,0,0
8274,Merchandising Team,Backroom Associate,5,0,5,1,0,1
8274,Merchandising Team,Forklift Driver,5,0,5,0,0,0
8274,Merchandising Team,Merchandising,12,11,23,2,1,3
8274,Merchandising Team,Merchandising Lead,4,0,4,0,0,0
8274,Personal Shopper,Personal Shopper,8,4,12,-1,2,1
8274,Personal Shopper,Personal Shopper Lead,1,0,1,0,0,0
8274,Specialty,Fuel/Car Wash,2,1,3,0,0,0
8274,Specialty,Maintenance,3,2,5,0,0,0
8274,Specialty,Optical,2,2,4,0,0,0
8274,Specialty,Pharmacy Tech,2,2,4,0,0,0
8274,Specialty,TBC Lead,1,0,1,0,0,0
8274,Specialty,TBC Tire Tech,3,3,6,0,0,0
8275,Fresh,Baker/Packager,2,2,4,0,1,1
8275,Fresh,Bakery Lead,1,0,1,0,0,0
8275,Fresh,Café,4,6,10,0,1,1
8275,Fresh,Cake Decorator,3,0,3,0,0,0
8275,Fresh,Freezer/Cooler/Deli,3,2,5,0,1,1
8275,Fresh,HMS/Rotisserie,3,2,5,0,0,0
8275,Fresh,Meat Cutter/Wrapper,2,1,3,0,0,0
8275,Fresh,Meat Lead,1,0,1,0,0,0
8275,Fresh,Prepared Food Lead,1,0,1,0,0,0
8275,Fresh,Produce,2,3,5,0,1,1
8275,Fresh,Produce Lead,1,0,1,0,0,0
8275,Fresh,Senior Meat Cutter,4,1,5,0,0,0
8275,Member Team,Member Assist,3,6,9,0,0,0
8275,Member Team,Member Frontline,6,20,26,0,2,2
8275,Member Team,Member Specialist,7,4,11,0,1,1
8275,Member Team,Member Support,0,0,0,0,0,0
8275,Member Team,Member Team Lead,5,0,5,0,0,0
8275,Merchandising Team,Backroom Associate,5,0,5,1,0,1
8275,Merchandising Team,Forklift Driver,6,0,6,1,0,1
8275,Merchandising Team,Merchandising,12,12,24,-1,0,-1
8275,Merchandising Team,Merchandising Lead,4,0,4,0,0,0
8275,Personal Shopper,Personal Shopper,6,2,8,0,0,0
8275,Personal Shopper,Personal Shopper Lead,1,0,1,0,0,0
8275,Specialty,Fuel/Car Wash,2,2,4,-1,1,0
8275,Specialty,Maintenance,3,1,4,0,0,0
8275,Specialty,Optical,2,0,2,0,0,0
8275,Specialty,Pharmacy Tech,2,1,3,0,0,0
8275,Specialty,TBC Lead,1,0,1,0,0,0
8275,Specialty,TBC Tire Tech,4,2,6,0,0,0
8284,Fresh,Baker/Packager,3,3,6,0,2,2
8284,Fresh,Bakery Lead,1,0,1,0,0,0
8284,Fresh,Café,5,5,10,0,0,0
8284,Fresh,Cake Decorator,3,0,3,0,0,0
8284,Fresh,Freezer/Cooler/Deli,5,3,8,2,0,2
8284,Fresh,HMS/Rotisserie,3,4,7,0,0,0
8284,Fresh,Meat Cutter/Wrapper,2,1,3,0,0,0
8284,Fresh,Meat Lead,1,0,1,0,0,0
8284,Fresh,Prepared Food Lead,1,0,1,0,0,0
8284,Fresh,Produce,4,5,9,0,1,1
8284,Fresh,Produce Lead,1,0,1,0,0,0
8284,Fresh,Senior Meat Cutter,5,1,6,0,1,1
8284,Member Team,Member Assist,3,8,11,0,0,0
8284,Member Team,Member Frontline,8,24,32,1,1,2
8284,Member Team,Member Specialist,9,4,13,0,0,0
8284,Member Team,Member Support,0,0,0,0,0,0
8284,Member Team,Member Team Lead,6,0,6,0,0,0
8284,Merchandising Team,Backroom Associate,6,0,6,1,0,1
8284,Merchandising Team,Forklift Driver,7,0,7,2,0,2
8284,Merchandising Team,Merchandising,18,14,32,5,1,6
8284,Merchandising Team,Merchandising Lead,4,0,4,0,0,0
8284,Personal Shopper,Personal Shopper,10,4,14,-1,2,1
8284,Personal Shopper,Personal Shopper Lead,1,0,1,0,0,0
8284,Specialty,Fuel/Car Wash,2,1,3,0,0,0
8284,Specialty,Maintenance,3,4,7,0,0,0
8284,Specialty,Optical,1,1,2,0,0,0
8284,Specialty,Pharmacy Tech,4,2,6,0,0,0
8284,Specialty,TBC Lead,1,0,1,0,0,0
8284,Specialty,TBC Tire Tech,4,3,7,0,0,0
4820,Fresh,Baker/Packager,2,4,6,0,1,1
4820,Fresh,Bakery Lead,1,0,1,0,0,0
4820,Fresh,Café,3,6,9,0,2,2
4820,Fresh,Cake Decorator,3,1,4,0,0,0
4820,Fresh,Freezer/Cooler/Deli,4,2,6,1,0,1
4820,Fresh,HMS/Rotisserie,3,3,6,0,1,1
4820,Fresh,Meat Cutter/Wrapper,2,1,3,0,0,0
4820,Fresh,Meat Lead,1,0,1,0,0,0
4820,Fresh,Prepared Food Lead,1,0,1,0,0,0
4820,Fresh,Produce,2,4,6,0,1,1
4820,Fresh,Produce Lead,1,0,1,0,0,0
4820,Fresh,Senior Meat Cutter,3,1,4,0,0,0
4820,Member Team,Member Assist,3,5,8,0,0,0
4820,Member Team,Member Frontline,6,17,23,0,0,0
4820,Member Team,Member Specialist,8,3,11,0,0,0
4820,Member Team,Member Support,0,0,0,0,0,0
4820,Member Team,Member Team Lead,5,0,5,0,0,0
4820,Merchandising Team,Backroom Associate,4,0,4,0,0,0
4820,Merchandising Team,Forklift Driver,5,0,5,0,0,0
4820,Merchandising Team,Merchandising,11,11,22,1,1,2
4820,Merchandising Team,Merchandising Lead,4,0,4,0,0,0
4820,Personal Shopper,Personal Shopper,5,3,8,-1,3,2
4820,Personal Shopper,Personal Shopper Lead,1,0,1,0,0,0
4820,Specialty,Fuel/Car Wash,2,1,3,0,0,0
4820,Specialty,Maintenance,3,2,5,0,0,0
4820,Specialty,Optical,2,0,2,0,0,0
4820,Specialty,Pharmacy Tech,2,1,3,0,0,0
4820,Specialty,TBC Lead,1,0,1,0,0,0
4820,Specialty,TBC Tire Tech,5,3,8,0,0,0
4879,Fresh,Baker/Packager,2,3,5,0,2,2
4879,Fresh,Bakery Lead,1,0,1,0,0,0
4879,Fresh,Café,3,5,8,0,0,0
4879,Fresh,Cake Decorator,2,1,3,0,0,0
4879,Fresh,Freezer/Cooler/Deli,3,1,4,0,0,0
4879,Fresh,HMS/Rotisserie,2,3,5,0,0,0
4879,Fresh,Meat Cutter/Wrapper,1,2,3,0,0,0
4879,Fresh,Meat Lead,1,0,1,0,0,0
4879,Fresh,Prepared Food Lead,1,0,1,0,0,0
4879,Fresh,Produce,2,3,5,0,1,1
4879,Fresh,Produce Lead,1,0,1,0,0,0
4879,Fresh,Senior Meat Cutter,3,1,4,0,0,0
4879,Member Team,Member Assist,2,4,6,0,0,0
4879,Member Team,Member Frontline,5,14,19,0,0,0
4879,Member Team,Member Specialist,5,3,8,0,1,1
4879,Member Team,Member Support,0,0,0,0,0,0
4879,Member Team,Member Team Lead,4,0,4,0,0,0
4879,Merchandising Team,Backroom Associate,4,0,4,0,0,0
4879,Merchandising Team,Forklift Driver,4,0,4,0,0,0
4879,Merchandising Team,Merchandising,8,7,15,0,0,0
4879,Merchandising Team,Merchandising Lead,4,0,4,0,0,0
4879,Personal Shopper,Personal Shopper,3,2,5,0,2,2
4879,Personal Shopper,Personal Shopper Lead,1,0,1,0,0,0
4879,Specialty,Fuel/Car Wash,2,1,3,0,0,0
4879,Specialty,Maintenance,2,2,4,0,0,0
4879,Specialty,Optical,1,1,2,0,0,0
4879,Specialty,Pharmacy Tech,2,0,2,0,0,0
4879,Specialty,TBC Lead,1,0,1,0,0,0
4879,Specialty,TBC Tire Tech,3,3,6,0,0,0
6204,Fresh,Baker/Packager,2,1,3,0,0,0
6204,Fresh,Bakery Lead,1,0,1,0,0,0
6204,Fresh,Café,3,6,9,0,2,2
6204,Fresh,Cake Decorator,3,1,4,0,0,0
6204,Fresh,Freezer/Cooler/Deli,3,2,5,0,0,0
6204,Fresh,HMS/Rotisserie,2,3,5,0,0,0
6204,Fresh,Meat Cutter/Wrapper,1,2,3,0,0,0
6204,Fresh,Meat Lead,1,0,1,0,0,0
6204,Fresh,Prepared Food Lead,1,0,1,0,0,0
6204,Fresh,Produce,2,3,5,0,1,1
6204,Fresh,Produce Lead,1,0,1,0,0,0
6204,Fresh,Senior Meat Cutter,3,1,4,0,0,0
6204,Member Team,Member Assist,2,6,8,0,0,0
6204,Member Team,Member Frontline,7,17,24,0,0,0
6204,Member Team,Member Specialist,6,4,10,0,0,0
6204,Member Team,Member Support,0,0,0,0,0,0
6204,Member Team,Member Team Lead,5,0,5,0,0,0
6204,Merchandising Team,Backroom Associate,4,0,4,0,0,0
6204,Merchandising Team,Forklift Driver,5,0,5,1,0,1
6204,Merchandising Team,Merchandising,10,11,21,0,0,0
6204,Merchandising Team,Merchandising Lead,4,0,4,0,0,0
6204,Personal Shopper,Personal Shopper,5,2,7,-1,2,1
6204,Personal Shopper,Personal Shopper Lead,1,0,1,0,0,0
6204,Specialty,Fuel/Car Wash,2,1,3,0,0,0
6204,Specialty,Maintenance,3,0,3,0,0,0
6204,Specialty,Optical,1,1,2,0,0,0
6204,Specialty,Pharmacy Tech,2,2,4,0,0,0
6204,Specialty,TBC Lead,1,0,1,0,0,0
6204,Specialty,TBC Tire Tech,5,3,8,0,0,0
6363,Fresh,Baker/Packager,3,1,4,0,0,0
6363,Fresh,Bakery Lead,1,0,1,0,0,0
6363,Fresh,Café,4,6,10,0,0,0
6363,Fresh,Cake Decorator,3,2,5,0,0,0
6363,Fresh,Freezer/Cooler/Deli,4,3,7,1,0,1
6363,Fresh,HMS/Rotisserie,4,3,7,0,0,0
6363,Fresh,Meat Cutter/Wrapper,2,1,3,0,0,0
6363,Fresh,Meat Lead,1,0,1,0,0,0
6363,Fresh,Prepared Food Lead,1,0,1,0,0,0
6363,Fresh,Produce,3,2,5,0,0,0
6363,Fresh,Produce Lead,1,0,1,0,0,0
6363,Fresh,Senior Meat Cutter,4,2,6,0,1,1
6363,Member Team,Member Assist,2,7,9,0,0,0
6363,Member Team,Member Frontline,8,18,26,0,0,0
6363,Member Team,Member Specialist,9,3,12,0,0,0
6363,Member Team,Member Support,0,0,0,0,0,0
6363,Member Team,Member Team Lead,5,0,5,0,0,0
6363,Merchandising Team,Backroom Associate,5,0,5,0,0,0
6363,Merchandising Team,Forklift Driver,5,0,5,0,0,0
6363,Merchandising Team,Merchandising,12,13,25,1,0,1
6363,Merchandising Team,Merchandising Lead,4,0,4,0,0,0
6363,Personal Shopper,Personal Shopper,13,6,19,4,4,8
6363,Personal Shopper,Personal Shopper Lead,1,0,1,0,0,0
6363,Specialty,Fuel/Car Wash,2,2,4,0,0,0
6363,Specialty,Liquor,2,0,2,0,0,0
6363,Specialty,Maintenance,3,2,5,0,0,0
6363,Specialty,Optical,2,1,3,0,0,0
6363,Specialty,Pharmacy Tech,2,0,2,0,0,0
6363,Specialty,TBC Lead,1,0,1,0,0,0
6363,Specialty,TBC Tire Tech,4,2,6,0,0,0
6506,Fresh,Baker/Packager,2,1,3,0,0,0
6506,Fresh,Bakery Lead,1,0,1,0,0,0
6506,Fresh,Café,3,5,8,1,1,2
6506,Fresh,Cake Decorator,3,0,3,0,-1,-1
6506,Fresh,Freezer/Cooler/Deli,3,1,4,0,0,0
6506,Fresh,HMS/Rotisserie,2,3,5,0,0,0
6506,Fresh,Meat Cutter/Wrapper,1,1,2,0,0,0
6506,Fresh,Meat Lead,1,0,1,0,0,0
6506,Fresh,Prepared Food Lead,1,0,1,0,0,0
6506,Fresh,Produce,2,3,5,0,1,1
6506,Fresh,Produce Lead,1,0,1,0,0,0
6506,Fresh,Senior Meat Cutter,3,1,4,0,0,0
6506,Member Team,Member Assist,3,4,7,0,0,0
6506,Member Team,Member Frontline,6,14,20,0,0,0
6506,Member Team,Member Specialist,6,4,10,0,0,0
6506,Member Team,Member Support,0,0,0,0,0,0
6506,Member Team,Member Team Lead,5,0,5,0,0,0
6506,Merchandising Team,Backroom Associate,4,0,4,0,0,0
6506,Merchandising Team,Forklift Driver,4,0,4,0,0,0
6506,Merchandising Team,Merchandising,9,10,19,0,0,0
6506,Merchandising Team,Merchandising Lead,4,0,4,0,0,0
6506,Personal Shopper,Personal Shopper,3,2,5,0,1,1
6506,Personal Shopper,Personal Shopper Lead,1,0,1,0,0,0
6506,Specialty,Fuel/Car Wash,2,1,3,0,0,0
6506,Specialty,Maintenance,2,2,4,0,0,0
6506,Specialty,Optical,1,1,2,0,0,0
6506,Specialty,Pharmacy Tech,2,0,2,0,0,0
6506,Specialty,TBC Lead,1,0,1,0,0,0
6506,Specialty,TBC Tire Tech,4,2,6,0,0,0
6582,Fresh,Baker/Packager,2,4,6,0,1,1
6582,Fresh,Bakery Lead,1,0,1,0,0,0
6582,Fresh,Café,4,3,7,0,-1,-1
6582,Fresh,Cake Decorator,2,2,4,0,0,0
6582,Fresh,Freezer/Cooler/Deli,3,2,5,0,0,0
6582,Fresh,HMS/Rotisserie,5,3,8,0,0,0
6582,Fresh,Meat Cutter/Wrapper,3,1,4,0,0,0
6582,Fresh,Meat Lead,1,0,1,0,0,0
6582,Fresh,Prepared Food Lead,1,0,1,0,0,0
6582,Fresh,Produce,3,4,7,0,1,1
6582,Fresh,Produce Lead,1,0,1,0,0,0
6582,Fresh,Senior Meat Cutter,3,1,4,0,0,0
6582,Member Team,Member Assist,3,5,8,0,0,0
6582,Member Team,Member Frontline,7,17,24,0,0,0
6582,Member Team,Member Specialist,8,4,12,0,0,0
6582,Member Team,Member Support,0,0,0,0,0,0
6582,Member Team,Member Team Lead,5,0,5,0,0,0
6582,Merchandising Team,Backroom Associate,5,0,5,1,0,1
6582,Merchandising Team,Forklift Driver,5,0,5,1,0,1
6582,Merchandising Team,Merchandising,11,10,21,1,1,2
6582,Merchandising Team,Merchandising Lead,4,0,4,0,0,0
6582,Personal Shopper,Personal Shopper,5,2,7,-1,2,1
6582,Personal Shopper,Personal Shopper Lead,1,0,1,0,0,0
6582,Specialty,Liquor,3,4,7,1,2,3
6582,Specialty,Maintenance,3,2,5,0,0,0
6582,Specialty,Optical,1,1,2,0,0,0
6582,Specialty,Pharmacy Tech,1,2,3,0,0,0
6582,Specialty,TBC Lead,1,0,1,0,0,0
6582,Specialty,TBC Tire Tech,4,2,6,0,0,0
7658,Fresh,Baker/Packager,2,2,4,0,1,1
7658,Fresh,Bakery Lead,1,0,1,0,0,0
7658,Fresh,Café,3,6,9,1,0,1
7658,Fresh,Cake Decorator,2,2,4,0,0,0
7658,Fresh,Freezer/Cooler/Deli,3,1,4,0,0,0
7658,Fresh,HMS/Rotisserie,3,2,5,0,1,1
7658,Fresh,Meat Cutter/Wrapper,1,1,2,0,0,0
7658,Fresh,Meat Lead,1,0,1,0,0,0
7658,Fresh,Prepared Food Lead,1,0,1,0,0,0
7658,Fresh,Produce,2,3,5,0,0,0
7658,Fresh,Produce Lead,1,0,1,0,0,0
7658,Fresh,Senior Meat Cutter,3,1,4,0,0,0
7658,Member Team,Member Assist,2,5,7,0,0,0
7658,Member Team,Member Frontline,5,15,20,0,0,0
7658,Member Team,Member Specialist,6,2,8,0,0,0
7658,Member Team,Member Support,0,0,0,0,0,0
7658,Member Team,Member Team Lead,4,0,4,0,0,0
7658,Merchandising Team,Backroom Associate,4,0,4,0,0,0
7658,Merchandising Team,Forklift Driver,4,0,4,0,0,0
7658,Merchandising Team,Merchandising,9,9,18,1,1,2
7658,Merchandising Team,Merchandising Lead,4,0,4,0,0,0
7658,Personal Shopper,Personal Shopper,5,2,7,-1,2,1
7658,Personal Shopper,Personal Shopper Lead,1,0,1,0,0,0
7658,Specialty,Fuel/Car Wash,2,1,3,0,0,0
7658,Specialty,Maintenance,2,2,4,0,0,0
7658,Specialty,Optical,2,1,3,0,0,0
7658,Specialty,Pharmacy Tech,2,1,3,0,0,0
7658,Specialty,TBC Lead,1,0,1,0,0,0
7658,Specialty,TBC Tire Tech,3,3,6,0,0,0
8115,Fresh,Baker/Packager,3,3,6,0,2,2
8115,Fresh,Bakery Lead,1,0,1,0,0,0
8115,Fresh,Café,3,5,8,0,1,1
8115,Fresh,Cake Decorator,3,1,4,0,0,0
8115,Fresh,Freezer/Cooler/Deli,4,2,6,1,0,1
8115,Fresh,HMS/Rotisserie,3,4,7,0,0,0
8115,Fresh,Meat Cutter/Wrapper,4,1,5,0,0,0
8115,Fresh,Meat Lead,1,0,1,0,0,0
8115,Fresh,Prepared Food Lead,1,0,1,0,0,0
8115,Fresh,Produce,2,4,6,0,0,0
8115,Fresh,Produce Lead,1,0,1,0,0,0
8115,Fresh,Senior Meat Cutter,3,1,4,0,0,0
8115,Member Team,Member Assist,3,6,9,0,0,0
8115,Member Team,Member Frontline,6,18,24,0,0,0
8115,Member Team,Member Specialist,9,3,12,0,0,0
8115,Member Team,Member Support,0,0,0,0,0,0
8115,Member Team,Member Team Lead,5,0,5,0,0,0
8115,Merchandising Team,Backroom Associate,5,0,5,1,0,1
8115,Merchandising Team,Forklift Driver,6,0,6,1,0,1
8115,Merchandising Team,Merchandising,12,11,23,0,1,1
8115,Merchandising Team,Merchandising Lead,4,0,4,0,0,0
8115,Personal Shopper,Personal Shopper,13,8,21,3,5,8
8115,Personal Shopper,Personal Shopper Lead,1,0,1,0,0,0
8115,Specialty,Fuel/Car Wash,2,1,3,0,0,0
8115,Specialty,Maintenance,3,3,6,0,0,0
8115,Specialty,Optical,2,0,2,0,0,0
8115,Specialty,Pharmacy Tech,2,0,2,0,0,0
8115,Specialty,TBC Lead,1,0,1,0,0,0
8115,Specialty,TBC Tire Tech,5,2,7,0,0,0
8116,Fresh,Baker/Packager,3,3,6,1,0,1
8116,Fresh,Bakery Lead,1,0,1,0,0,0
8116,Fresh,Café,4,7,11,0,1,1
8116,Fresh,Cake Decorator,3,2,5,0,0,0
8116,Fresh,Freezer/Cooler/Deli,3,3,6,0,0,0
8116,Fresh,HMS/Rotisserie,3,4,7,0,0,0
8116,Fresh,Meat Cutter/Wrapper,2,1,3,0,0,0
8116,Fresh,Meat Lead,1,0,1,0,0,0
8116,Fresh,Prepared Food Lead,1,0,1,0,0,0
8116,Fresh,Produce,3,4,7,0,1,1
8116,Fresh,Produce Lead,1,0,1,0,0,0
8116,Fresh,Senior Meat Cutter,4,1,5,0,0,0
8116,Member Team,Member Assist,4,5,9,0,0,0
8116,Member Team,Member Frontline,7,23,30,0,0,0
8116,Member Team,Member Specialist,9,4,13,0,0,0
8116,Member Team,Member Support,0,0,0,0,0,0
8116,Member Team,Member Team Lead,5,0,5,0,0,0
8116,Merchandising Team,Backroom Associate,5,0,5,0,0,0
8116,Merchandising Team,Forklift Driver,5,0,5,0,0,0
8116,Merchandising Team,Merchandising,12,11,23,1,1,2
8116,Merchandising Team,Merchandising Lead,4,0,4,0,0,0
8116,Personal Shopper,Personal Shopper,8,3,11,-1,2,1
8116,Personal Shopper,Personal Shopper Lead,1,0,1,0,0,0
8116,Specialty,Asset Protection,1,0,1,0,0,0
8116,Specialty,Fuel/Car Wash,2,1,3,0,0,0
8116,Specialty,Liquor,2,1,3,0,1,1
8116,Specialty,Maintenance,3,2,5,0,0,0
8116,Specialty,Optical,2,1,3,0,0,0
8116,Specialty,Pharmacy Tech,1,2,3,0,0,0
8116,Specialty,TBC Lead,1,0,1,0,0,0
8116,Specialty,TBC Tire Tech,5,3,8,0,0,0
8120,Fresh,Baker/Packager,2,1,3,0,0,0
8120,Fresh,Bakery Lead,1,0,1,0,0,0
8120,Fresh,Café,3,5,8,0,0,0
8120,Fresh,Cake Decorator,2,2,4,0,0,0
8120,Fresh,Freezer/Cooler/Deli,3,2,5,0,0,0
8120,Fresh,HMS/Rotisserie,2,3,5,0,0,0
8120,Fresh,Meat Cutter/Wrapper,1,2,3,0,0,0
8120,Fresh,Meat Lead,1,0,1,0,0,0
8120,Fresh,Prepared Food Lead,1,0,1,0,0,0
8120,Fresh,Produce,2,3,5,0,0,0
8120,Fresh,Produce Lead,1,0,1,0,0,0
8120,Fresh,Senior Meat Cutter,4,1,5,0,0,0
8120,Member Team,Member Assist,3,5,8,0,0,0
8120,Member Team,Member Frontline,6,17,23,0,0,0
8120,Member Team,Member Specialist,8,3,11,0,0,0
8120,Member Team,Member Support,0,0,0,0,0,0
8120,Member Team,Member Team Lead,5,0,5,0,0,0
8120,Merchandising Team,Backroom Associate,4,0,4,0,0,0
8120,Merchandising Team,Forklift Driver,5,0,5,0,0,0
8120,Merchandising Team,Merchandising,10,9,19,0,0,0
8120,Merchandising Team,Merchandising Lead,4,0,4,0,0,0
8120,Personal Shopper,Personal Shopper,5,3,8,-1,2,1
8120,Personal Shopper,Personal Shopper Lead,1,0,1,0,0,0
8120,Specialty,Fuel/Car Wash,2,1,3,0,0,0
8120,Specialty,Liquor,2,2,4,0,2,2
8120,Specialty,Maintenance,3,2,5,0,0,0
8120,Specialty,Optical,1,1,2,0,0,0
8120,Specialty,Pharmacy Tech,1,2,3,0,0,0
8120,Specialty,TBC Lead,1,0,1,0,0,0
8120,Specialty,TBC Tire Tech,3,3,6,0,0,0
8151,Fresh,Baker/Packager,2,3,5,0,0,0
8151,Fresh,Bakery Lead,1,0,1,0,0,0
8151,Fresh,Café,4,6,10,0,-1,-1
8151,Fresh,Cake Decorator,3,1,4,0,0,0
8151,Fresh,Freezer/Cooler/Deli,4,3,7,1,0,1
8151,Fresh,HMS/Rotisserie,3,4,7,0,1,1
8151,Fresh,Meat Cutter/Wrapper,2,1,3,0,0,0
8151,Fresh,Meat Lead,1,0,1,0,0,0
8151,Fresh,Prepared Food Lead,1,0,1,0,0,0
8151,Fresh,Produce,3,4,7,0,2,2
8151,Fresh,Produce Lead,1,0,1,0,0,0
8151,Fresh,Senior Meat Cutter,4,2,6,0,0,0
8151,Member Team,Member Assist,4,4,8,0,0,0
8151,Member Team,Member Frontline,7,18,25,0,0,0
8151,Member Team,Member Specialist,7,4,11,0,0,0
8151,Member Team,Member Support,0,0,0,0,0,0
8151,Member Team,Member Team Lead,5,0,5,0,0,0
8151,Merchandising Team,Backroom Associate,5,0,5,1,0,1
8151,Merchandising Team,Forklift Driver,5,0,5,0,0,0
8151,Merchandising Team,Merchandising,12,13,25,0,0,0
8151,Merchandising Team,Merchandising Lead,4,0,4,0,0,0
8151,Personal Shopper,Personal Shopper,7,3,10,0,1,1
8151,Personal Shopper,Personal Shopper Lead,1,0,1,0,0,0
8151,Specialty,Fuel/Car Wash,2,1,3,0,0,0
8151,Specialty,Liquor,2,2,4,0,1,1
8151,Specialty,Maintenance,3,2,5,0,0,0
8151,Specialty,Optical,1,1,2,0,0,0
8151,Specialty,Pharmacy Tech,2,1,3,0,0,0
8151,Specialty,TBC Lead,1,0,1,0,0,0
8151,Specialty,TBC Tire Tech,4,3,7,0,0,0
8155,Fresh,Baker/Packager,3,2,5,0,1,1
8155,Fresh,Bakery Lead,1,0,1,0,0,0
8155,Fresh,Café,4,6,10,0,1,1
8155,Fresh,Cake Decorator,3,1,4,0,0,0
8155,Fresh,Freezer/Cooler/Deli,4,3,7,1,0,1
8155,Fresh,HMS/Rotisserie,4,2,6,0,0,0
8155,Fresh,Meat Cutter/Wrapper,2,1,3,0,0,0
8155,Fresh,Meat Lead,1,0,1,0,0,0
8155,Fresh,Prepared Food Lead,1,0,1,0,0,0
8155,Fresh,Produce,3,4,7,0,1,1
8155,Fresh,Produce Lead,1,0,1,0,0,0
8155,Fresh,Senior Meat Cutter,4,2,6,0,1,1
8155,Member Team,Member Assist,3,6,9,0,0,0
8155,Member Team,Member Frontline,6,19,25,0,0,0
8155,Member Team,Member Specialist,8,4,12,0,0,0
8155,Member Team,Member Support,0,0,0,0,0,0
8155,Member Team,Member Team Lead,5,0,5,0,0,0
8155,Merchandising Team,Backroom Associate,5,0,5,1,0,1
8155,Merchandising Team,Forklift Driver,6,0,6,1,0,1
8155,Merchandising Team,Merchandising,12,13,25,1,0,1
8155,Merchandising Team,Merchandising Lead,4,0,4,0,0,0
8155,Personal Shopper,Personal Shopper,8,3,11,0,1,1
8155,Personal Shopper,Personal Shopper Lead,1,0,1,0,0,0
8155,Specialty,Fuel/Car Wash,2,1,3,0,0,0
8155,Specialty,Liquor,2,0,2,0,0,0
8155,Specialty,Maintenance,3,3,6,0,0,0
8155,Specialty,Optical,1,1,2,0,0,0
8155,Specialty,Pharmacy Tech,1,1,2,0,0,0
8155,Specialty,TBC Lead,1,0,1,0,0,0
8155,Specialty,TBC Tire Tech,4,3,7,0,0,0
8192,Fresh,Baker/Packager,2,3,5,0,2,2
8192,Fresh,Bakery Lead,1,0,1,0,0,0
8192,Fresh,Café,3,6,9,0,1,1
8192,Fresh,Cake Decorator,2,2,4,0,0,0
8192,Fresh,Freezer/Cooler/Deli,4,2,6,1,0,1
8192,Fresh,HMS/Rotisserie,3,2,5,0,0,0
8192,Fresh,Meat Cutter/Wrapper,1,2,3,0,0,0
8192,Fresh,Meat Lead,1,0,1,0,0,0
8192,Fresh,Prepared Food Lead,1,0,1,0,0,0
8192,Fresh,Produce,2,3,5,0,0,0
8192,Fresh,Produce Lead,1,0,1,0,0,0
8192,Fresh,Senior Meat Cutter,3,1,4,0,0,0
8192,Member Team,Member Assist,3,5,8,0,1,1
8192,Member Team,Member Frontline,6,19,25,0,0,0
8192,Member Team,Member Specialist,6,3,9,0,0,0
8192,Member Team,Member Support,0,0,0,0,0,0
8192,Member Team,Member Team Lead,5,0,5,0,0,0
8192,Merchandising Team,Backroom Associate,5,0,5,0,0,0
8192,Merchandising Team,Forklift Driver,6,0,6,1,0,1
8192,Merchandising Team,Merchandising,13,11,24,1,0,1
8192,Merchandising Team,Merchandising Lead,4,0,4,0,0,0
8192,Personal Shopper,Personal Shopper,13,8,21,4,5,9
8192,Personal Shopper,Personal Shopper Lead,1,0,1,0,0,0
8192,Specialty,Fuel/Car Wash,2,1,3,0,0,0
8192,Specialty,Maintenance,3,2,5,0,0,0
8192,Specialty,Optical,1,1,2,0,0,0
8192,Specialty,Pharmacy Tech,2,1,3,0,0,0
8192,Specialty,TBC Lead,1,0,1,0,0,0
8192,Specialty,TBC Tire Tech,4,2,6,0,0,0
8202,Fresh,Baker/Packager,2,3,5,0,0,0
8202,Fresh,Bakery Lead,1,0,1,0,0,0
8202,Fresh,Café,3,5,8,1,-1,0
8202,Fresh,Cake Decorator,3,0,3,0,-1,-1
8202,Fresh,Freezer/Cooler/Deli,3,1,4,0,0,0
8202,Fresh,HMS/Rotisserie,3,3,6,0,0,0
8202,Fresh,Meat Cutter/Wrapper,1,2,3,0,0,0
8202,Fresh,Meat Lead,1,0,1,0,0,0
8202,Fresh,Prepared Food Lead,1,0,1,0,0,0
8202,Fresh,Produce,3,2,5,0,0,0
8202,Fresh,Produce Lead,1,0,1,0,0,0
8202,Fresh,Senior Meat Cutter,4,1,5,0,0,0
8202,Member Team,Member Assist,3,4,7,0,0,0
8202,Member Team,Member Frontline,6,15,21,0,0,0
8202,Member Team,Member Specialist,6,4,10,0,0,0
8202,Member Team,Member Support,0,0,0,0,0,0
8202,Member Team,Member Team Lead,5,0,5,0,0,0
8202,Merchandising Team,Backroom Associate,4,0,4,0,0,0
8202,Merchandising Team,Forklift Driver,4,0,4,0,0,0
8202,Merchandising Team,Merchandising,10,11,21,0,1,1
8202,Merchandising Team,Merchandising Lead,4,0,4,0,0,0
8202,Personal Shopper,Personal Shopper,4,1,5,0,0,0
8202,Personal Shopper,Personal Shopper Lead,1,0,1,0,0,0
8202,Specialty,Fuel/Car Wash,2,1,3,0,0,0
8202,Specialty,Maintenance,3,0,3,0,0,0
8202,Specialty,Optical,2,0,2,0,0,0
8202,Specialty,Pharmacy Tech,2,2,4,0,0,0
8202,Specialty,TBC Lead,1,0,1,0,0,0
8202,Specialty,TBC Tire Tech,4,3,7,0,0,0
8252,Fresh,Baker/Packager,3,1,4,0,0,0
8252,Fresh,Bakery Lead,1,0,1,0,0,0
8252,Fresh,Café,4,5,9,1,0,1
8252,Fresh,Cake Decorator,3,1,4,0,0,0
8252,Fresh,Freezer/Cooler/Deli,3,2,5,0,0,0
8252,Fresh,HMS/Rotisserie,3,3,6,0,0,0
8252,Fresh,Meat Cutter/Wrapper,2,1,3,0,0,0
8252,Fresh,Meat Lead,1,0,1,0,0,0
8252,Fresh,Prepared Food Lead,1,0,1,0,0,0
8252,Fresh,Produce,3,3,6,0,1,1
8252,Fresh,Produce Lead,1,0,1,0,0,0
8252,Fresh,Senior Meat Cutter,3,1,4,0,0,0
8252,Member Team,Member Assist,2,7,9,0,1,1
8252,Member Team,Member Frontline,7,20,27,0,0,0
8252,Member Team,Member Specialist,8,3,11,0,0,0
8252,Member Team,Member Support,0,0,0,0,0,0
8252,Member Team,Member Team Lead,5,0,5,0,0,0
8252,Merchandising Team,Backroom Associate,5,0,5,0,0,0
8252,Merchandising Team,Forklift Driver,6,0,6,1,0,1
8252,Merchandising Team,Merchandising,12,15,27,0,0,0
8252,Merchandising Team,Merchandising Lead,4,0,4,0,0,0
8252,Personal Shopper,Personal Shopper,7,4,11,-1,2,1
8252,Personal Shopper,Personal Shopper Lead,1,0,1,0,0,0
8252,Specialty,Fuel/Car Wash,2,1,3,0,0,0
8252,Specialty,Liquor,2,3,5,0,3,3
8252,Specialty,Maintenance,3,2,5,0,0,0
8252,Specialty,Optical,2,1,3,0,0,0
8252,Specialty,Pharmacy Tech,2,0,2,0,0,0
8252,Specialty,TBC Lead,1,0,1,0,0,0
8252,Specialty,TBC Tire Tech,4,3,7,0,0,0
8253,Fresh,Baker/Packager,2,1,3,0,0,0
8253,Fresh,Bakery Lead,1,0,1,0,0,0
8253,Fresh,Café,3,5,8,0,0,0
8253,Fresh,Cake Decorator,3,0,3,0,-1,-1
8253,Fresh,Freezer/Cooler/Deli,3,2,5,0,0,0
8253,Fresh,HMS/Rotisserie,3,2,5,0,0,0
8253,Fresh,Meat Cutter/Wrapper,2,1,3,0,0,0
8253,Fresh,Meat Lead,1,0,1,0,0,0
8253,Fresh,Prepared Food Lead,1,0,1,0,0,0
8253,Fresh,Produce,2,4,6,0,1,1
8253,Fresh,Produce Lead,1,0,1,0,0,0
8253,Fresh,Senior Meat Cutter,4,1,5,0,0,0
8253,Member Team,Member Assist,3,5,8,0,0,0
8253,Member Team,Member Frontline,6,17,23,0,0,0
8253,Member Team,Member Specialist,7,4,11,0,0,0
8253,Member Team,Member Support,0,0,0,0,0,0
8253,Member Team,Member Team Lead,5,0,5,0,0,0
8253,Merchandising Team,Backroom Associate,4,0,4,0,0,0
8253,Merchandising Team,Forklift Driver,5,0,5,1,0,1
8253,Merchandising Team,Merchandising,10,9,19,-1,0,-1
8253,Merchandising Team,Merchandising Lead,4,0,4,0,0,0
8253,Personal Shopper,Personal Shopper,4,1,5,0,1,1
8253,Personal Shopper,Personal Shopper Lead,1,0,1,0,0,0
8253,Specialty,Fuel/Car Wash,2,1,3,0,0,0
8253,Specialty,Liquor,2,2,4,0,1,1
8253,Specialty,Maintenance,3,2,5,0,0,0
8253,Specialty,Optical,1,1,2,0,0,0
8253,Specialty,Pharmacy Tech,2,2,4,0,0,0
8253,Specialty,TBC Lead,1,0,1,0,0,0
8253,Specialty,TBC Tire Tech,4,3,7,0,0,0
8253,Specialty,Wholesale Trading,1,0,1,0,0,0
8253,Specialty,Wholesale Trading Lead,2,0,2,0,0,0
4797,Fresh,Baker/Packager,2,3,5,0,0,0
4797,Fresh,Bakery Lead,1,0,1,0,0,0
4797,Fresh,Café,3,5,8,0,1,1
4797,Fresh,Cake Decorator,3,1,4,0,0,0
4797,Fresh,Freezer/Cooler/Deli,3,1,4,0,0,0
4797,Fresh,HMS/Rotisserie,3,3,6,0,0,0
4797,Fresh,Meat Cutter/Wrapper,2,1,3,0,0,0
4797,Fresh,Meat Lead,1,0,1,0,0,0
4797,Fresh,Prepared Food Lead,1,0,1,0,0,0
4797,Fresh,Produce,2,3,5,0,1,1
4797,Fresh,Produce Lead,1,0,1,0,0,0
4797,Fresh,Senior Meat Cutter,4,1,5,0,0,0
4797,Member Team,Member Assist,3,4,7,0,0,0
4797,Member Team,Member Frontline,5,16,21,0,0,0
4797,Member Team,Member Specialist,6,3,9,0,2,2
4797,Member Team,Member Support,0,0,0,0,0,0
4797,Member Team,Member Team Lead,5,0,5,0,0,0
4797,Merchandising Team,Backroom Associate,4,0,4,0,0,0
4797,Merchandising Team,Forklift Driver,4,0,4,0,0,0
4797,Merchandising Team,Merchandising,10,10,20,1,0,1
4797,Merchandising Team,Merchandising Lead,4,0,4,0,0,0
4797,Personal Shopper,Personal Shopper,4,3,7,-1,2,1
4797,Personal Shopper,Personal Shopper Lead,1,0,1,0,0,0
4797,Specialty,Fuel/Car Wash,2,1,3,0,0,0
4797,Specialty,Maintenance,2,3,5,0,0,0
4797,Specialty,Optical,2,1,3,0,0,0
4797,Specialty,Pharmacy Tech,3,1,4,0,0,0
4797,Specialty,TBC Lead,1,0,1,0,0,0
4797,Specialty,TBC Tire Tech,3,3,6,0,0,0
4901,Fresh,Baker/Packager,2,1,3,0,0,0
4901,Fresh,Bakery Lead,1,0,1,0,0,0
4901,Fresh,Café,3,4,7,1,0,1
4901,Fresh,Cake Decorator,3,0,3,0,0,0
4901,Fresh,Freezer/Cooler/Deli,3,1,4,0,0,0
4901,Fresh,HMS/Rotisserie,2,3,5,0,1,1
4901,Fresh,Meat Cutter/Wrapper,1,2,3,0,0,0
4901,Fresh,Meat Lead,1,0,1,0,0,0
4901,Fresh,Prepared Food Lead,1,0,1,0,0,0
4901,Fresh,Produce,2,3,5,0,1,1
4901,Fresh,Produce Lead,1,0,1,0,0,0
4901,Fresh,Senior Meat Cutter,3,1,4,0,0,0
4901,Member Team,Member Assist,2,5,7,0,1,1
4901,Member Team,Member Frontline,5,16,21,0,0,0
4901,Member Team,Member Specialist,5,3,8,0,0,0
4901,Member Team,Member Support,0,0,0,0,0,0
4901,Member Team,Member Team Lead,4,0,4,0,0,0
4901,Merchandising Team,Backroom Associate,4,0,4,0,0,0
4901,Merchandising Team,Forklift Driver,4,0,4,0,0,0
4901,Merchandising Team,Merchandising,9,8,17,0,2,2
4901,Merchandising Team,Merchandising Lead,4,0,4,0,0,0
4901,Personal Shopper,Personal Shopper,6,3,9,-1,2,1
4901,Personal Shopper,Personal Shopper Lead,1,0,1,0,0,0
4901,Specialty,Fuel/Car Wash,2,1,3,0,0,0
4901,Specialty,Maintenance,2,2,4,0,0,0
4901,Specialty,Optical,1,1,2,0,0,0
4901,Specialty,Pharmacy Tech,2,1,3,0,0,0
4901,Specialty,TBC Lead,1,0,1,0,0,0
4901,Specialty,TBC Tire Tech,3,2,5,0,0,0
4917,Fresh,Baker/Packager,2,1,3,0,0,0
4917,Fresh,Bakery Lead,1,0,1,0,0,0
4917,Fresh,Café,2,5,7,0,2,2
4917,Fresh,Cake Decorator,1,2,3,0,0,0
4917,Fresh,Freezer/Cooler/Deli,3,1,4,0,0,0
4917,Fresh,HMS/Rotisserie,2,2,4,0,0,0
4917,Fresh,Meat Cutter/Wrapper,1,1,2,0,0,0
4917,Fresh,Meat Lead,1,0,1,0,0,0
4917,Fresh,Prepared Food Lead,1,0,1,0,0,0
4917,Fresh,Produce,2,2,4,0,0,0
4917,Fresh,Produce Lead,1,0,1,0,0,0
4917,Fresh,Senior Meat Cutter,3,1,4,0,0,0
4917,Member Team,Member Assist,2,3,5,0,0,0
4917,Member Team,Member Frontline,4,15,19,0,0,0
4917,Member Team,Member Specialist,5,2,7,0,0,0
4917,Member Team,Member Support,0,0,0,0,0,0
4917,Member Team,Member Team Lead,4,0,4,0,0,0
4917,Merchandising Team,Backroom Associate,4,0,4,0,0,0
4917,Merchandising Team,Forklift Driver,3,0,3,0,0,0
4917,Merchandising Team,Merchandising,7,7,14,0,1,1
4917,Merchandising Team,Merchandising Lead,4,0,4,0,0,0
4917,Personal Shopper,Personal Shopper,12,6,18,6,4,10
4917,Personal Shopper,Personal Shopper Lead,1,0,1,0,0,0
4917,Specialty,Fuel/Car Wash,2,1,3,0,0,0
4917,Specialty,Maintenance,2,2,4,0,0,0
4917,Specialty,Optical,1,1,2,0,0,0
4917,Specialty,Pharmacy Tech,2,0,2,0,0,0
4917,Specialty,TBC Lead,1,0,1,0,0,0
4917,Specialty,TBC Tire Tech,3,3,6,0,0,0
4950,Fresh,Baker/Packager,2,3,5,0,2,2
4950,Fresh,Bakery Lead,1,0,1,0,0,0
4950,Fresh,Café,3,5,8,1,1,2
4950,Fresh,Cake Decorator,2,1,3,0,0,0
4950,Fresh,Freezer/Cooler/Deli,3,1,4,0,0,0
4950,Fresh,HMS/Rotisserie,2,3,5,0,0,0
4950,Fresh,Meat Cutter/Wrapper,1,1,2,0,0,0
4950,Fresh,Meat Lead,1,0,1,0,0,0
4950,Fresh,Prepared Food Lead,1,0,1,0,0,0
4950,Fresh,Produce,2,3,5,0,0,0
4950,Fresh,Produce Lead,1,0,1,0,0,0
4950,Fresh,Senior Meat Cutter,3,1,4,0,0,0
4950,Member Team,Member Assist,2,4,6,0,0,0
4950,Member Team,Member Frontline,5,14,19,0,0,0
4950,Member Team,Member Specialist,5,3,8,0,0,0
4950,Member Team,Member Support,0,0,0,0,0,0
4950,Member Team,Member Team Lead,4,0,4,0,0,0
4950,Merchandising Team,Backroom Associate,4,0,4,0,0,0
4950,Merchandising Team,Forklift Driver,4,0,4,0,0,0
4950,Merchandising Team,Merchandising,9,9,18,0,0,0
4950,Merchandising Team,Merchandising Lead,4,0,4,0,0,0
4950,Personal Shopper,Personal Shopper,4,1,5,0,0,0
4950,Personal Shopper,Personal Shopper Lead,1,0,1,0,0,0
4950,Specialty,Fuel/Car Wash,2,1,3,0,0,0
4950,Specialty,Maintenance,2,2,4,0,0,0
4950,Specialty,Optical,1,1,2,0,0,0
4950,Specialty,Pharmacy Tech,3,2,5,0,0,0
4950,Specialty,TBC Lead,1,0,1,0,0,0
4950,Specialty,TBC Tire Tech,4,3,7,0,0,0
6236,Fresh,Baker/Packager,2,2,4,0,1,1
6236,Fresh,Bakery Lead,1,0,1,0,0,0
6236,Fresh,Café,3,6,9,1,1,2
6236,Fresh,Cake Decorator,2,2,4,0,0,0
6236,Fresh,Freezer/Cooler/Deli,3,1,4,0,0,0
6236,Fresh,HMS/Rotisserie,3,3,6,0,1,1
6236,Fresh,Meat Cutter/Wrapper,1,1,2,0,0,0
6236,Fresh,Meat Lead,1,0,1,0,0,0
6236,Fresh,Prepared Food Lead,1,0,1,0,0,0
6236,Fresh,Produce,2,3,5,0,1,1
6236,Fresh,Produce Lead,1,0,1,0,0,0
6236,Fresh,Senior Meat Cutter,3,1,4,0,0,0
6236,Member Team,Member Assist,2,5,7,0,1,1
6236,Member Team,Member Frontline,5,15,20,0,0,0
6236,Member Team,Member Specialist,6,3,9,0,0,0
6236,Member Team,Member Support,0,0,0,0,0,0
6236,Member Team,Member Team Lead,4,0,4,0,0,0
6236,Merchandising Team,Backroom Associate,4,0,4,0,0,0
6236,Merchandising Team,Forklift Driver,4,0,4,0,0,0
6236,Merchandising Team,Merchandising,10,9,19,0,0,0
6236,Merchandising Team,Merchandising Lead,4,0,4,0,0,0
6236,Personal Shopper,Personal Shopper,4,2,6,1,0,1
6236,Personal Shopper,Personal Shopper Lead,1,0,1,0,0,0
6236,Specialty,Fuel/Car Wash,2,1,3,0,0,0
6236,Specialty,Maintenance,2,2,4,0,0,0
6236,Specialty,Optical,1,2,3,0,0,0
6236,Specialty,Pharmacy Tech,1,1,2,0,0,0
6236,Specialty,TBC Lead,1,0,1,0,0,0
6236,Specialty,TBC Tire Tech,3,3,6,0,0,0
6348,Fresh,Baker/Packager,2,3,5,0,0,0
6348,Fresh,Bakery Lead,1,0,1,0,0,0
6348,Fresh,Café,2,3,5,0,-1,-1
6348,Fresh,Cake Decorator,2,2,4,0,0,0
6348,Fresh,Freezer/Cooler/Deli,3,2,5,0,1,1
6348,Fresh,HMS/Rotisserie,3,3,6,0,0,0
6348,Fresh,Meat Cutter/Wrapper,4,1,5,0,0,0
6348,Fresh,Meat Lead,1,0,1,0,0,0
6348,Fresh,Prepared Food Lead,1,0,1,0,0,0
6348,Fresh,Produce,2,5,7,0,1,1
6348,Fresh,Produce Lead,1,0,1,0,0,0
6348,Fresh,Senior Meat Cutter,4,1,5,0,0,0
6348,Member Team,Member Assist,4,3,7,0,0,0
6348,Member Team,Member Frontline,6,17,23,0,0,0
6348,Member Team,Member Specialist,6,4,10,0,0,0
6348,Member Team,Member Support,0,0,0,0,0,0
6348,Member Team,Member Team Lead,5,0,5,0,0,0
6348,Merchandising Team,Backroom Associate,4,0,4,0,0,0
6348,Merchandising Team,Forklift Driver,4,0,4,0,0,0
6348,Merchandising Team,Merchandising,9,9,18,1,0,1
6348,Merchandising Team,Merchandising Lead,4,0,4,0,0,0
6348,Personal Shopper,Personal Shopper,8,4,12,-1,2,1
6348,Personal Shopper,Personal Shopper Lead,1,0,1,0,0,0
6348,Specialty,Fuel/Car Wash,2,1,3,0,0,0
6348,Specialty,Maintenance,3,1,4,0,0,0
6348,Specialty,Optical,1,1,2,0,0,0
6348,Specialty,Pharmacy Tech,2,0,2,0,0,0
6348,Specialty,TBC Lead,1,0,1,0,0,0
6348,Specialty,TBC Tire Tech,4,2,6,0,0,0
6355,Fresh,Baker/Packager,3,3,6,0,1,1
6355,Fresh,Bakery Lead,1,0,1,0,0,0
6355,Fresh,Café,4,5,9,0,1,1
6355,Fresh,Cake Decorator,3,2,5,0,0,0
6355,Fresh,Freezer/Cooler/Deli,4,2,6,1,0,1
6355,Fresh,HMS/Rotisserie,3,4,7,0,0,0
6355,Fresh,Meat Cutter/Wrapper,2,1,3,0,0,0
6355,Fresh,Meat Lead,1,0,1,0,0,0
6355,Fresh,Prepared Food Lead,1,0,1,0,0,0
6355,Fresh,Produce,3,2,5,0,0,0
6355,Fresh,Produce Lead,1,0,1,0,0,0
6355,Fresh,Senior Meat Cutter,4,1,5,0,0,0
6355,Member Team,Member Assist,4,5,9,0,0,0
6355,Member Team,Member Frontline,6,19,25,0,0,0
6355,Member Team,Member Specialist,9,3,12,0,0,0
6355,Member Team,Member Support,0,0,0,0,0,0
6355,Member Team,Member Team Lead,5,0,5,0,0,0
6355,Merchandising Team,Backroom Associate,5,0,5,1,0,1
6355,Merchandising Team,Forklift Driver,6,0,6,1,0,1
6355,Merchandising Team,Merchandising,13,12,25,1,0,1
6355,Merchandising Team,Merchandising Lead,4,0,4,0,0,0
6355,Personal Shopper,Personal Shopper,6,3,9,0,1,1
6355,Personal Shopper,Personal Shopper Lead,1,0,1,0,0,0
6355,Specialty,Fuel/Car Wash,2,1,3,0,0,0
6355,Specialty,Maintenance,3,2,5,0,0,0
6355,Specialty,Optical,2,2,4,0,1,1
6355,Specialty,Pharmacy Tech,2,1,3,0,0,0
6355,Specialty,TBC Lead,1,0,1,0,0,0
6355,Specialty,TBC Tire Tech,4,2,6,0,0,0
6414,Fresh,Baker/Packager,2,4,6,0,1,1
6414,Fresh,Bakery Lead,1,0,1,0,0,0
6414,Fresh,Café,3,4,7,1,-1,0
6414,Fresh,Cake Decorator,3,1,4,0,0,0
6414,Fresh,Freezer/Cooler/Deli,3,1,4,0,0,0
6414,Fresh,HMS/Rotisserie,3,4,7,0,0,0
6414,Fresh,Meat Cutter/Wrapper,4,1,5,0,0,0
6414,Fresh,Meat Lead,1,0,1,0,0,0
6414,Fresh,Prepared Food Lead,1,0,1,0,0,0
6414,Fresh,Produce,2,4,6,0,1,1
6414,Fresh,Produce Lead,1,0,1,0,0,0
6414,Fresh,Senior Meat Cutter,4,1,5,0,0,0
6414,Member Team,Member Assist,3,4,7,0,0,0
6414,Member Team,Member Frontline,6,15,21,0,0,0
6414,Member Team,Member Specialist,7,4,11,0,0,0
6414,Member Team,Member Support,0,0,0,0,0,0
6414,Member Team,Member Team Lead,5,0,5,0,0,0
6414,Merchandising Team,Backroom Associate,4,0,4,0,0,0
6414,Merchandising Team,Forklift Driver,5,0,5,1,0,1
6414,Merchandising Team,Merchandising,12,11,23,2,1,3
6414,Merchandising Team,Merchandising Lead,4,0,4,0,0,0
6414,Personal Shopper,Personal Shopper,14,6,20,6,4,10
6414,Personal Shopper,Personal Shopper Lead,1,0,1,0,0,0
6414,Specialty,Fuel/Car Wash,2,1,3,0,0,0
6414,Specialty,Maintenance,3,1,4,0,0,0
6414,Specialty,Optical,2,0,2,0,0,0
6414,Specialty,Pharmacy Tech,2,1,3,0,0,0
6414,Specialty,TBC Lead,1,0,1,0,0,0
6414,Specialty,TBC Tire Tech,4,2,6,0,0,0
6452,Fresh,Baker/Packager,3,3,6,1,0,1
6452,Fresh,Bakery Lead,1,0,1,0,0,0
6452,Fresh,Café,3,5,8,0,1,1
6452,Fresh,Cake Decorator,3,1,4,0,0,0
6452,Fresh,Freezer/Cooler/Deli,4,2,6,1,0,1
6452,Fresh,HMS/Rotisserie,3,2,5,0,0,0
6452,Fresh,Meat Cutter/Wrapper,2,1,3,0,0,0
6452,Fresh,Meat Lead,1,0,1,0,0,0
6452,Fresh,Prepared Food Lead,1,0,1,0,0,0
6452,Fresh,Produce,3,4,7,0,1,1
6452,Fresh,Produce Lead,1,0,1,0,0,0
6452,Fresh,Senior Meat Cutter,3,1,4,0,0,0
6452,Member Team,Member Assist,2,7,9,0,1,1
6452,Member Team,Member Frontline,7,17,24,0,0,0
6452,Member Team,Member Specialist,8,4,12,0,0,0
6452,Member Team,Member Support,0,0,0,0,0,0
6452,Member Team,Member Team Lead,5,0,5,0,0,0
6452,Merchandising Team,Backroom Associate,5,0,5,1,0,1
6452,Merchandising Team,Forklift Driver,6,0,6,1,0,1
6452,Merchandising Team,Merchandising,12,12,24,1,0,1
6452,Merchandising Team,Merchandising Lead,4,0,4,0,0,0
6452,Personal Shopper,Personal Shopper,7,3,10,-1,2,1
6452,Personal Shopper,Personal Shopper Lead,1,0,1,0,0,0
6452,Specialty,Fuel/Car Wash,2,1,3,0,0,0
6452,Specialty,Maintenance,3,3,6,0,0,0
6452,Specialty,Optical,2,1,3,0,0,0
6452,Specialty,Pharmacy Tech,3,2,5,0,0,0
6452,Specialty,TBC Lead,1,0,1,0,0,0
6452,Specialty,TBC Tire Tech,4,2,6,0,0,0
6463,Fresh,Baker/Packager,2,1,3,0,0,0
6463,Fresh,Bakery Lead,1,0,1,0,0,0
6463,Fresh,Café,3,4,7,0,1,1
6463,Fresh,Cake Decorator,3,1,4,0,0,0
6463,Fresh,Freezer/Cooler/Deli,3,2,5,0,0,0
6463,Fresh,HMS/Rotisserie,2,3,5,0,0,0
6463,Fresh,Meat Cutter/Wrapper,2,1,3,0,0,0
6463,Fresh,Meat Lead,1,0,1,0,0,0
6463,Fresh,Prepared Food Lead,1,0,1,0,0,0
6463,Fresh,Produce,2,3,5,0,1,1
6463,Fresh,Produce Lead,1,0,1,0,0,0
6463,Fresh,Senior Meat Cutter,4,1,5,0,0,0
6463,Member Team,Member Assist,3,5,8,0,1,1
6463,Member Team,Member Frontline,5,16,21,0,0,0
6463,Member Team,Member Specialist,7,4,11,0,0,0
6463,Member Team,Member Support,0,0,0,0,0,0
6463,Member Team,Member Team Lead,5,0,5,0,0,0
6463,Merchandising Team,Backroom Associate,4,0,4,0,0,0
6463,Merchandising Team,Forklift Driver,5,0,5,1,0,1
6463,Merchandising Team,Merchandising,10,10,20,-1,1,0
6463,Merchandising Team,Merchandising Lead,4,0,4,0,0,0
6463,Personal Shopper,Personal Shopper,5,2,7,-1,2,1
6463,Personal Shopper,Personal Shopper Lead,1,0,1,0,0,0
6463,Specialty,Fuel/Car Wash,2,1,3,0,0,0
6463,Specialty,Maintenance,3,1,4,0,0,0
6463,Specialty,Optical,1,1,2,0,0,0
6463,Specialty,Pharmacy Tech,2,1,3,0,0,0
6463,Specialty,TBC Lead,1,0,1,0,0,0
6463,Specialty,TBC Tire Tech,4,3,7,0,0,0
6540,Fresh,Baker/Packager,2,3,5,0,0,0
6540,Fresh,Bakery Lead,1,0,1,0,0,0
6540,Fresh,Café,3,3,6,0,-1,-1
6540,Fresh,Cake Decorator,4,1,5,0,0,0
6540,Fresh,Freezer/Cooler/Deli,4,2,6,1,1,2
6540,Fresh,HMS/Rotisserie,2,3,5,0,0,0
6540,Fresh,Meat Cutter/Wrapper,1,1,2,0,0,0
6540,Fresh,Meat Lead,1,0,1,0,0,0
6540,Fresh,Prepared Food Lead,1,0,1,0,0,0
6540,Fresh,Produce,3,3,6,0,1,1
6540,Fresh,Produce Lead,1,0,1,0,0,0
6540,Fresh,Senior Meat Cutter,4,1,5,0,0,0
6540,Member Team,Member Assist,3,5,8,0,0,0
6540,Member Team,Member Frontline,6,18,24,0,0,0
6540,Member Team,Member Specialist,7,3,10,0,0,0
6540,Member Team,Member Support,0,0,0,0,0,0
6540,Member Team,Member Team Lead,5,0,5,0,0,0
6540,Merchandising Team,Backroom Associate,4,0,4,0,0,0
6540,Merchandising Team,Forklift Driver,5,0,5,1,0,1
6540,Merchandising Team,Merchandising,10,9,19,1,0,1
6540,Merchandising Team,Merchandising Lead,4,0,4,0,0,0
6540,Personal Shopper,Personal Shopper,12,6,18,6,6,12
6540,Personal Shopper,Personal Shopper Lead,1,0,1,0,0,0
6540,Specialty,Asset Protection,1,0,1,0,0,0
6540,Specialty,Fuel/Car Wash,2,3,5,0,1,1
6540,Specialty,Maintenance,3,1,4,0,0,0
6540,Specialty,Optical,1,1,2,0,0,0
6540,Specialty,Pharmacy Tech,1,2,3,0,0,0
6540,Specialty,TBC Lead,1,0,1,0,0,0
6540,Specialty,TBC Tire Tech,3,3,6,0,0,0
8142,Fresh,Baker/Packager,3,1,4,0,0,0
8142,Fresh,Bakery Lead,1,0,1,0,0,0
8142,Fresh,Café,3,5,8,0,2,2
8142,Fresh,Cake Decorator,3,1,4,0,0,0
8142,Fresh,Freezer/Cooler/Deli,4,2,6,1,0,1
8142,Fresh,HMS/Rotisserie,2,3,5,0,0,0
8142,Fresh,Meat Cutter/Wrapper,2,1,3,0,0,0
8142,Fresh,Meat Lead,1,0,1,0,0,0
8142,Fresh,Prepared Food Lead,1,0,1,0,0,0
8142,Fresh,Produce,2,3,5,0,1,1
8142,Fresh,Produce Lead,1,0,1,0,0,0
8142,Fresh,Senior Meat Cutter,4,1,5,0,0,0
8142,Member Team,Member Assist,3,5,8,0,0,0
8142,Member Team,Member Frontline,6,17,23,0,0,0
8142,Member Team,Member Specialist,6,4,10,0,0,0
8142,Member Team,Member Support,0,0,0,0,0,0
8142,Member Team,Member Team Lead,5,0,5,0,0,0
8142,Merchandising Team,Backroom Associate,5,0,5,1,0,1
8142,Merchandising Team,Forklift Driver,6,0,6,1,0,1
8142,Merchandising Team,Merchandising,12,10,22,2,0,2
8142,Merchandising Team,Merchandising Lead,4,0,4,0,0,0
8142,Personal Shopper,Personal Shopper,5,1,6,0,0,0
8142,Personal Shopper,Personal Shopper Lead,1,0,1,0,0,0
8142,Specialty,Fuel/Car Wash,2,1,3,0,0,0
8142,Specialty,Maintenance,3,2,5,0,0,0
8142,Specialty,Optical,1,1,2,0,0,0
8142,Specialty,Pharmacy Tech,2,2,4,0,0,0
8142,Specialty,TBC Lead,1,0,1,0,0,0
8142,Specialty,TBC Tire Tech,4,2,6,0,0,0
8219,Fresh,Baker/Packager,3,3,6,1,0,1
8219,Fresh,Bakery Lead,1,0,1,0,0,0
8219,Fresh,Café,3,5,8,1,0,1
8219,Fresh,Cake Decorator,2,1,3,0,0,0
8219,Fresh,Freezer/Cooler/Deli,3,2,5,0,1,1
8219,Fresh,HMS/Rotisserie,2,3,5,0,0,0
8219,Fresh,Meat Cutter/Wrapper,1,2,3,0,0,0
8219,Fresh,Meat Lead,1,0,1,0,0,0
8219,Fresh,Prepared Food Lead,1,0,1,0,0,0
8219,Fresh,Produce,3,2,5,0,0,0
8219,Fresh,Produce Lead,1,0,1,0,0,0
8219,Fresh,Senior Meat Cutter,4,1,5,0,0,0
8219,Member Team,Member Assist,3,5,8,0,0,0
8219,Member Team,Member Frontline,6,15,21,0,0,0
8219,Member Team,Member Specialist,6,4,10,0,0,0
8219,Member Team,Member Support,0,0,0,0,0,0
8219,Member Team,Member Team Lead,5,0,5,0,0,0
8219,Merchandising Team,Backroom Associate,4,0,4,0,0,0
8219,Merchandising Team,Forklift Driver,4,0,4,0,0,0
8219,Merchandising Team,Merchandising,10,9,19,2,1,3
8219,Merchandising Team,Merchandising Lead,4,0,4,0,0,0
8219,Personal Shopper,Personal Shopper,5,2,7,-1,2,1
8219,Personal Shopper,Personal Shopper Lead,1,0,1,0,0,0
8219,Specialty,Maintenance,3,1,4,0,0,0
8219,Specialty,Optical,1,1,2,0,0,0
8219,Specialty,Pharmacy Tech,2,0,2,0,0,0
8219,Specialty,TBC Lead,1,0,1,0,0,0
8219,Specialty,TBC Tire Tech,3,3,6,0,0,0
8278,Fresh,Baker/Packager,2,3,5,0,0,0
8278,Fresh,Bakery Lead,1,0,1,0,0,0
8278,Fresh,Café,3,3,6,0,-1,-1
8278,Fresh,Cake Decorator,3,1,4,0,0,0
8278,Fresh,Freezer/Cooler/Deli,4,2,6,1,0,1
8278,Fresh,HMS/Rotisserie,3,3,6,0,0,0
8278,Fresh,Meat Cutter/Wrapper,2,1,3,0,0,0
8278,Fresh,Meat Lead,1,0,1,0,0,0
8278,Fresh,Prepared Food Lead,1,0,1,0,0,0
8278,Fresh,Produce,3,3,6,0,1,1
8278,Fresh,Produce Lead,1,0,1,0,0,0
8278,Fresh,Senior Meat Cutter,4,1,5,0,0,0
8278,Member Team,Member Assist,3,4,7,0,0,0
8278,Member Team,Member Frontline,6,17,23,0,0,0
8278,Member Team,Member Specialist,7,4,11,0,2,2
8278,Member Team,Member Support,0,0,0,0,0,0
8278,Member Team,Member Team Lead,5,0,5,0,0,0
8278,Merchandising Team,Backroom Associate,4,0,4,0,0,0
8278,Merchandising Team,Forklift Driver,5,0,5,1,0,1
8278,Merchandising Team,Merchandising,11,12,23,2,0,2
8278,Merchandising Team,Merchandising Lead,4,0,4,0,0,0
8278,Personal Shopper,Personal Shopper,7,3,10,0,1,1
8278,Personal Shopper,Personal Shopper Lead,1,0,1,0,0,0
8278,Specialty,Fuel/Car Wash,2,1,3,0,0,0
8278,Specialty,Maintenance,3,2,5,0,0,0
8278,Specialty,Optical,1,1,2,0,0,0
8278,Specialty,Pharmacy Tech,2,1,3,0,0,0
8278,Specialty,TBC Lead,1,0,1,0,0,0
8278,Specialty,TBC Tire Tech,4,2,6,0,0,0
4772,Fresh,Baker/Packager,2,3,5,0,0,0
4772,Fresh,Bakery Lead,1,0,1,0,0,0
4772,Fresh,Café,3,5,8,0,0,0
4772,Fresh,Cake Decorator,2,1,3,0,-1,-1
4772,Fresh,Freezer/Cooler/Deli,3,2,5,0,0,0
4772,Fresh,HMS/Rotisserie,4,4,8,0,0,0
4772,Fresh,Meat Cutter/Wrapper,2,1,3,0,0,0
4772,Fresh,Meat Lead,1,0,1,0,0,0
4772,Fresh,Prepared Food Lead,1,0,1,0,0,0
4772,Fresh,Produce,3,3,6,0,0,0
4772,Fresh,Produce Lead,1,0,1,0,0,0
4772,Fresh,Senior Meat Cutter,3,1,4,0,0,0
4772,Member Team,Member Assist,3,4,7,0,0,0
4772,Member Team,Member Frontline,6,16,22,0,0,0
4772,Member Team,Member Specialist,6,4,10,0,0,0
4772,Member Team,Member Support,0,0,0,0,0,0
4772,Member Team,Member Team Lead,5,0,5,0,0,0
4772,Merchandising Team,Backroom Associate,4,0,4,0,0,0
4772,Merchandising Team,Forklift Driver,4,0,4,0,0,0
4772,Merchandising Team,Merchandising,8,9,17,0,0,0
4772,Merchandising Team,Merchandising Lead,4,0,4,0,0,0
4772,Personal Shopper,Personal Shopper,6,4,10,-1,2,1
4772,Personal Shopper,Personal Shopper Lead,1,0,1,0,0,0
4772,Specialty,Liquor,2,0,2,0,0,0
4772,Specialty,Maintenance,3,1,4,0,0,0
4772,Specialty,Optical,2,1,3,0,0,0
4772,Specialty,Pharmacy Tech,2,1,3,0,0,0
4772,Specialty,TBC Lead,1,0,1,0,0,0
4772,Specialty,TBC Tire Tech,4,3,7,0,0,0
4794,Fresh,Baker/Packager,3,3,6,1,0,1
4794,Fresh,Bakery Lead,1,0,1,0,0,0
4794,Fresh,Café,4,7,11,0,2,2
4794,Fresh,Cake Decorator,2,2,4,0,0,0
4794,Fresh,Freezer/Cooler/Deli,4,3,7,1,0,1
4794,Fresh,HMS/Rotisserie,3,4,7,0,0,0
4794,Fresh,Meat Cutter/Wrapper,2,2,4,0,0,0
4794,Fresh,Meat Lead,1,0,1,0,0,0
4794,Fresh,Prepared Food Lead,1,0,1,0,0,0
4794,Fresh,Produce,3,2,5,0,0,0
4794,Fresh,Produce Lead,1,0,1,0,0,0
4794,Fresh,Senior Meat Cutter,4,1,5,0,0,0
4794,Member Team,Member Assist,3,4,7,0,0,0
4794,Member Team,Member Frontline,7,20,27,0,0,0
4794,Member Team,Member Specialist,7,4,11,0,0,0
4794,Member Team,Member Support,0,0,0,0,0,0
4794,Member Team,Member Team Lead,5,0,5,0,0,0
4794,Merchandising Team,Backroom Associate,5,0,5,0,0,0
4794,Merchandising Team,Forklift Driver,6,0,6,1,0,1
4794,Merchandising Team,Merchandising,13,12,25,2,0,2
4794,Merchandising Team,Merchandising Lead,4,0,4,0,0,0
4794,Personal Shopper,Personal Shopper,7,4,11,-1,2,1
4794,Personal Shopper,Personal Shopper Lead,1,0,1,0,0,0
4794,Specialty,Fuel/Car Wash,2,1,3,0,0,0
4794,Specialty,Liquor,2,1,3,0,1,1
4794,Specialty,Maintenance,3,2,5,0,0,0
4794,Specialty,Optical,2,0,2,0,0,0
4794,Specialty,Pharmacy Tech,1,2,3,0,0,0
4794,Specialty,TBC Lead,1,0,1,0,0,0
4794,Specialty,TBC Tire Tech,4,2,6,0,0,0
4801,Fresh,Baker/Packager,4,2,6,1,0,1
4801,Fresh,Bakery Lead,1,0,1,0,0,0
4801,Fresh,Café,4,7,11,0,1,1
4801,Fresh,Cake Decorator,3,0,3,0,0,0
4801,Fresh,Freezer/Cooler/Deli,4,3,7,1,0,1
4801,Fresh,HMS/Rotisserie,4,4,8,0,0,0
4801,Fresh,Meat Cutter/Wrapper,3,3,6,0,0,0
4801,Fresh,Meat Lead,1,0,1,0,0,0
4801,Fresh,Prepared Food Lead,1,0,1,0,0,0
4801,Fresh,Produce,3,5,8,0,1,1
4801,Fresh,Produce Lead,1,0,1,0,0,0
4801,Fresh,Senior Meat Cutter,4,2,6,0,1,1
4801,Member Team,Member Assist,3,6,9,0,2,2
4801,Member Team,Member Frontline,7,19,26,0,0,0
4801,Member Team,Member Specialist,8,3,11,0,0,0
4801,Member Team,Member Support,0,0,0,0,0,0
4801,Member Team,Member Team Lead,5,0,5,0,0,0
4801,Merchandising Team,Backroom Associate,5,0,5,0,0,0
4801,Merchandising Team,Forklift Driver,6,0,6,2,0,2
4801,Merchandising Team,Merchandising,12,11,23,1,1,2
4801,Merchandising Team,Merchandising Lead,4,0,4,0,0,0
4801,Personal Shopper,Personal Shopper,7,5,12,-1,3,2
4801,Personal Shopper,Personal Shopper Lead,1,0,1,0,0,0
4801,Specialty,Fuel/Car Wash,2,1,3,0,0,0
4801,Specialty,Liquor,2,2,4,0,1,1
4801,Specialty,Maintenance,3,2,5,0,0,0
4801,Specialty,Optical,2,0,2,0,0,0
4801,Specialty,Pharmacy Tech,2,1,3,0,0,0
4801,Specialty,TBC Lead,1,0,1,0,0,0
4801,Specialty,TBC Tire Tech,4,3,7,0,0,0
4818,Fresh,Baker/Packager,3,4,7,0,1,1
4818,Fresh,Bakery Lead,1,0,1,0,0,0
4818,Fresh,Café,4,5,9,0,0,0
4818,Fresh,Cake Decorator,2,2,4,0,0,0
4818,Fresh,Freezer/Cooler/Deli,4,4,8,1,0,1
4818,Fresh,HMS/Rotisserie,4,5,9,0,0,0
4818,Fresh,Meat Cutter/Wrapper,3,3,6,0,0,0
4818,Fresh,Meat Lead,1,0,1,0,0,0
4818,Fresh,Prepared Food Lead,1,0,1,0,0,0
4818,Fresh,Produce,3,3,6,0,1,1
4818,Fresh,Produce Lead,1,0,1,0,0,0
4818,Fresh,Senior Meat Cutter,4,2,6,0,1,1
4818,Member Team,Member Assist,3,6,9,0,1,1
4818,Member Team,Member Frontline,7,19,26,0,0,0
4818,Member Team,Member Specialist,9,4,13,0,0,0
4818,Member Team,Member Support,0,0,0,0,0,0
4818,Member Team,Member Team Lead,5,0,5,0,0,0
4818,Merchandising Team,Backroom Associate,5,0,5,0,0,0
4818,Merchandising Team,Forklift Driver,5,0,5,0,0,0
4818,Merchandising Team,Merchandising,12,10,22,1,0,1
4818,Merchandising Team,Merchandising Lead,4,0,4,0,0,0
4818,Personal Shopper,Personal Shopper,6,4,10,-1,2,1
4818,Personal Shopper,Personal Shopper Lead,1,0,1,0,0,0
4818,Specialty,Fuel/Car Wash,2,1,3,0,0,0
4818,Specialty,Liquor,2,2,4,0,1,1
4818,Specialty,Maintenance,3,2,5,0,0,0
4818,Specialty,Optical,1,1,2,0,0,0
4818,Specialty,Pharmacy Tech,3,1,4,0,0,0
4818,Specialty,TBC Lead,1,0,1,0,0,0
4818,Specialty,TBC Tire Tech,4,3,7,0,0,0
4852,Fresh,Baker/Packager,3,3,6,1,0,1
4852,Fresh,Bakery Lead,1,0,1,0,0,0
4852,Fresh,Café,4,4,8,0,-1,-1
4852,Fresh,Cake Decorator,2,2,4,0,0,0
4852,Fresh,Freezer/Cooler/Deli,4,3,7,1,0,1
4852,Fresh,HMS/Rotisserie,3,4,7,0,0,0
4852,Fresh,Meat Cutter/Wrapper,3,1,4,0,0,0
4852,Fresh,Meat Lead,1,0,1,0,0,0
4852,Fresh,Prepared Food Lead,1,0,1,0,0,0
4852,Fresh,Produce,3,4,7,0,0,0
4852,Fresh,Produce Lead,1,0,1,0,0,0
4852,Fresh,Senior Meat Cutter,4,1,5,0,0,0
4852,Member Team,Member Assist,4,4,8,0,0,0
4852,Member Team,Member Frontline,7,20,27,0,0,0
4852,Member Team,Member Specialist,7,4,11,0,0,0
4852,Member Team,Member Support,0,0,0,0,0,0
4852,Member Team,Member Team Lead,5,0,5,0,0,0
4852,Merchandising Team,Backroom Associate,4,0,4,0,0,0
4852,Merchandising Team,Forklift Driver,5,0,5,1,0,1
4852,Merchandising Team,Merchandising,10,11,21,0,0,0
4852,Merchandising Team,Merchandising Lead,4,0,4,0,0,0
4852,Personal Shopper,Personal Shopper,10,1,11,0,0,0
4852,Personal Shopper,Personal Shopper Lead,1,0,1,0,0,0
4852,Specialty,Fuel/Car Wash,3,2,5,0,0,0
4852,Specialty,Liquor,2,1,3,0,1,1
4852,Specialty,Maintenance,3,2,5,0,0,0
4852,Specialty,Optical,2,2,4,0,0,0
4852,Specialty,Pharmacy Tech,2,0,2,0,0,0
4852,Specialty,TBC Lead,1,0,1,0,0,0
4852,Specialty,TBC Tire Tech,4,3,7,0,0,0
4861,Fresh,Baker/Packager,2,3,5,0,0,0
4861,Fresh,Bakery Lead,1,0,1,0,0,0
4861,Fresh,Café,4,4,8,0,0,0
4861,Fresh,Cake Decorator,2,1,3,0,-1,-1
4861,Fresh,Freezer/Cooler/Deli,3,2,5,0,0,0
4861,Fresh,HMS/Rotisserie,3,5,8,0,0,0
4861,Fresh,Meat Cutter/Wrapper,3,2,5,0,0,0
4861,Fresh,Meat Lead,1,0,1,0,0,0
4861,Fresh,Prepared Food Lead,1,0,1,0,0,0
4861,Fresh,Produce,3,3,6,0,0,0
4861,Fresh,Produce Lead,1,0,1,0,0,0
4861,Fresh,Senior Meat Cutter,3,1,4,0,0,0
4861,Member Team,Member Assist,3,5,8,0,0,0
4861,Member Team,Member Frontline,7,18,25,0,0,0
4861,Member Team,Member Specialist,8,3,11,0,0,0
4861,Member Team,Member Support,0,0,0,0,0,0
4861,Member Team,Member Team Lead,5,0,5,0,0,0
4861,Merchandising Team,Backroom Associate,4,0,4,0,0,0
4861,Merchandising Team,Forklift Driver,4,0,4,1,0,1
4861,Merchandising Team,Merchandising,9,9,18,1,0,1
4861,Merchandising Team,Merchandising Lead,4,0,4,0,0,0
4861,Personal Shopper,Personal Shopper,6,2,8,0,0,0
4861,Personal Shopper,Personal Shopper Lead,1,0,1,0,0,0
4861,Specialty,Fuel/Car Wash,2,1,3,0,0,0
4861,Specialty,Liquor,2,2,4,0,2,2
4861,Specialty,Maintenance,3,1,4,0,0,0
4861,Specialty,Optical,1,1,2,0,0,0
4861,Specialty,Pharmacy Tech,2,0,2,0,0,0
4861,Specialty,TBC Lead,1,0,1,0,0,0
4861,Specialty,TBC Tire Tech,4,2,6,0,0,0
4998,Fresh,Baker/Packager,3,3,6,1,0,1
4998,Fresh,Bakery Lead,1,0,1,0,0,0
4998,Fresh,Café,4,4,8,0,-1,-1
4998,Fresh,Cake Decorator,2,2,4,0,0,0
4998,Fresh,Freezer/Cooler/Deli,4,3,7,1,0,1
4998,Fresh,HMS/Rotisserie,6,3,9,0,-2,-2
4998,Fresh,Meat Cutter/Wrapper,4,1,5,0,0,0
4998,Fresh,Meat Lead,1,0,1,0,0,0
4998,Fresh,Prepared Food Lead,1,0,1,0,0,0
4998,Fresh,Produce,3,3,6,0,0,0
4998,Fresh,Produce Lead,1,0,1,0,0,0
4998,Fresh,Senior Meat Cutter,5,1,6,0,1,1
4998,Member Team,Member Assist,3,6,9,0,0,0
4998,Member Team,Member Frontline,7,19,26,0,0,0
4998,Member Team,Member Specialist,7,4,11,0,0,0
4998,Member Team,Member Support,0,0,0,0,0,0
4998,Member Team,Member Team Lead,5,0,5,0,0,0
4998,Merchandising Team,Backroom Associate,5,0,5,1,0,1
4998,Merchandising Team,Forklift Driver,6,0,6,1,0,1
4998,Merchandising Team,Merchandising,12,11,23,0,0,0
4998,Merchandising Team,Merchandising Lead,4,0,4,0,0,0
4998,Personal Shopper,Personal Shopper,5,3,8,-1,2,1
4998,Personal Shopper,Personal Shopper Lead,1,0,1,0,0,0
4998,Specialty,Fuel/Car Wash,2,3,5,0,0,0
4998,Specialty,Liquor,2,1,3,0,1,1
4998,Specialty,Maintenance,3,3,6,0,0,0
4998,Specialty,Optical,2,1,3,0,0,0
4998,Specialty,Pharmacy Tech,2,1,3,0,0,0
4998,Specialty,TBC Lead,1,0,1,0,0,0
4998,Specialty,TBC Tire Tech,4,3,7,0,0,0
6335,Fresh,Baker/Packager,4,2,6,1,0,1
6335,Fresh,Bakery Lead,1,0,1,0,0,0
6335,Fresh,Café,5,4,9,0,-1,-1
6335,Fresh,Cake Decorator,3,1,4,0,0,0
6335,Fresh,Freezer/Cooler/Deli,4,3,7,1,0,1
6335,Fresh,HMS/Rotisserie,4,4,8,0,0,0
6335,Fresh,Meat Cutter/Wrapper,2,2,4,0,0,0
6335,Fresh,Meat Lead,1,0,1,0,0,0
6335,Fresh,Prepared Food Lead,1,0,1,0,0,0
6335,Fresh,Produce,3,3,6,0,0,0
6335,Fresh,Produce Lead,1,0,1,0,0,0
6335,Fresh,Senior Meat Cutter,5,1,6,0,0,0
6335,Member Team,Member Assist,3,6,9,0,0,0
6335,Member Team,Member Frontline,7,20,27,0,0,0
6335,Member Team,Member Specialist,9,3,12,0,0,0
6335,Member Team,Member Support,0,0,0,0,0,0
6335,Member Team,Member Team Lead,5,0,5,0,0,0
6335,Merchandising Team,Backroom Associate,5,0,5,0,0,0
6335,Merchandising Team,Forklift Driver,6,0,6,0,0,0
6335,Merchandising Team,Merchandising,13,13,26,1,0,1
6335,Merchandising Team,Merchandising Lead,4,0,4,0,0,0
6335,Personal Shopper,Personal Shopper,6,4,10,-1,2,1
6335,Personal Shopper,Personal Shopper Lead,1,0,1,0,0,0
6335,Specialty,Fuel/Car Wash,2,1,3,0,0,0
6335,Specialty,Liquor,2,0,2,0,0,0
6335,Specialty,Maintenance,3,3,6,0,0,0
6335,Specialty,Optical,2,1,3,0,0,0
6335,Specialty,Pharmacy Tech,2,1,3,0,0,0
6335,Specialty,TBC Lead,1,0,1,0,0,0
6335,Specialty,TBC Tire Tech,5,4,9,0,0,0
6387,Fresh,Baker/Packager,2,3,5,0,0,0
6387,Fresh,Bakery Lead,1,0,1,0,0,0
6387,Fresh,Café,4,5,9,0,0,0
6387,Fresh,Cake Decorator,3,1,4,0,0,0
6387,Fresh,Freezer/Cooler/Deli,3,3,6,0,0,0
6387,Fresh,HMS/Rotisserie,4,3,7,0,0,0
6387,Fresh,Meat Cutter/Wrapper,3,1,4,0,0,0
6387,Fresh,Meat Lead,1,0,1,0,0,0
6387,Fresh,Prepared Food Lead,1,0,1,0,0,0
6387,Fresh,Produce,3,3,6,0,0,0
6387,Fresh,Produce Lead,1,0,1,0,0,0
6387,Fresh,Senior Meat Cutter,4,1,5,0,0,0
6387,Member Team,Member Assist,3,5,8,0,1,1
6387,Member Team,Member Frontline,7,21,28,0,-1,-1
6387,Member Team,Member Specialist,8,3,11,0,0,0
6387,Member Team,Member Support,0,0,0,0,0,0
6387,Member Team,Member Team Lead,5,0,5,0,0,0
6387,Merchandising Team,Backroom Associate,5,0,5,0,0,0
6387,Merchandising Team,Forklift Driver,5,0,5,1,0,1
6387,Merchandising Team,Merchandising,10,9,19,0,0,0
6387,Merchandising Team,Merchandising Lead,4,0,4,0,0,0
6387,Personal Shopper,Personal Shopper,7,3,10,-1,2,1
6387,Personal Shopper,Personal Shopper Lead,1,0,1,0,0,0
6387,Specialty,Fuel/Car Wash,2,1,3,0,0,0
6387,Specialty,Liquor,2,1,3,0,1,1
6387,Specialty,Maintenance,3,2,5,0,0,0
6387,Specialty,Optical,1,1,2,0,0,0
6387,Specialty,Pharmacy Tech,2,2,4,0,0,0
6387,Specialty,TBC Lead,1,0,1,0,0,0
6387,Specialty,TBC Tire Tech,5,2,7,0,0,0
6401,Fresh,Baker/Packager,2,5,7,0,1,1
6401,Fresh,Bakery Lead,1,0,1,0,0,0
6401,Fresh,Café,4,5,9,0,0,0
6401,Fresh,Cake Decorator,3,1,4,0,0,0
6401,Fresh,Freezer/Cooler/Deli,3,3,6,0,0,0
6401,Fresh,HMS/Rotisserie,3,4,7,0,0,0
6401,Fresh,Meat Cutter/Wrapper,3,2,5,0,0,0
6401,Fresh,Meat Lead,1,0,1,0,0,0
6401,Fresh,Prepared Food Lead,1,0,1,0,0,0
6401,Fresh,Produce,3,4,7,0,1,1
6401,Fresh,Produce Lead,1,0,1,0,0,0
6401,Fresh,Senior Meat Cutter,3,2,5,0,0,0
6401,Member Team,Member Assist,3,5,8,0,0,0
6401,Member Team,Member Frontline,8,18,26,0,0,0
6401,Member Team,Member Specialist,7,4,11,0,0,0
6401,Member Team,Member Support,0,0,0,0,0,0
6401,Member Team,Member Team Lead,5,0,5,0,0,0
6401,Merchandising Team,Backroom Associate,5,0,5,0,0,0
6401,Merchandising Team,Forklift Driver,5,0,5,1,0,1
6401,Merchandising Team,Merchandising,11,12,23,1,0,1
6401,Merchandising Team,Merchandising Lead,4,0,4,0,0,0
6401,Personal Shopper,Personal Shopper,9,4,13,-1,2,1
6401,Personal Shopper,Personal Shopper Lead,1,0,1,0,0,0
6401,Specialty,Fuel/Car Wash,2,1,3,0,0,0
6401,Specialty,Liquor,2,1,3,0,1,1
6401,Specialty,Maintenance,3,2,5,0,0,0
6401,Specialty,Optical,2,2,4,0,0,0
6401,Specialty,Pharmacy Tech,2,2,4,0,0,0
6401,Specialty,TBC Lead,1,0,1,0,0,0
6401,Specialty,TBC Tire Tech,4,2,6,0,0,0
6403,Fresh,Baker/Packager,3,3,6,0,1,1
6403,Fresh,Bakery Lead,1,0,1,0,0,0
6403,Fresh,Café,4,7,11,0,0,0
6403,Fresh,Cake Decorator,3,2,5,0,0,0
6403,Fresh,Freezer/Cooler/Deli,4,3,7,1,0,1
6403,Fresh,HMS/Rotisserie,4,2,6,0,0,0
6403,Fresh,Meat Cutter/Wrapper,3,3,6,0,0,0
6403,Fresh,Meat Lead,1,0,1,0,0,0
6403,Fresh,Prepared Food Lead,1,0,1,0,0,0
6403,Fresh,Produce,3,4,7,0,1,1
6403,Fresh,Produce Lead,1,0,1,0,0,0
6403,Fresh,Senior Meat Cutter,4,2,6,0,1,1
6403,Member Team,Member Assist,3,7,10,0,0,0
6403,Member Team,Member Frontline,9,26,35,1,1,2
6403,Member Team,Member Specialist,10,4,14,0,0,0
6403,Member Team,Member Support,0,0,0,0,0,0
6403,Member Team,Member Team Lead,6,0,6,0,0,0
6403,Merchandising Team,Backroom Associate,6,0,6,0,0,0
6403,Merchandising Team,Forklift Driver,6,0,6,1,0,1
6403,Merchandising Team,Merchandising,15,15,30,4,0,4
6403,Merchandising Team,Merchandising Lead,4,0,4,0,0,0
6403,Personal Shopper,Personal Shopper,9,4,13,-1,2,1
6403,Personal Shopper,Personal Shopper Lead,1,0,1,0,0,0
6403,Specialty,Fuel/Car Wash,2,1,3,0,0,0
6403,Specialty,Liquor,2,0,2,0,0,0
6403,Specialty,Maintenance,3,3,6,0,0,0
6403,Specialty,Optical,2,1,3,0,0,0
6403,Specialty,Pharmacy Tech,2,0,2,0,0,0
6403,Specialty,TBC Lead,1,0,1,0,0,0
6403,Specialty,TBC Tire Tech,5,2,7,0,0,0
6420,Fresh,Baker/Packager,3,2,5,0,0,0
6420,Fresh,Bakery Lead,1,0,1,0,0,0
6420,Fresh,Café,4,5,9,0,-1,-1
6420,Fresh,Cake Decorator,3,1,4,0,0,0
6420,Fresh,Freezer/Cooler/Deli,3,2,5,0,0,0
6420,Fresh,HMS/Rotisserie,4,3,7,0,0,0
6420,Fresh,Meat Cutter/Wrapper,2,1,3,0,0,0
6420,Fresh,Meat Lead,1,0,1,0,0,0
6420,Fresh,Prepared Food Lead,1,0,1,0,0,0
6420,Fresh,Produce,3,3,6,0,0,0
6420,Fresh,Produce Lead,1,0,1,0,0,0
6420,Fresh,Senior Meat Cutter,4,1,5,0,0,0
6420,Member Team,Member Assist,2,6,8,0,0,0
6420,Member Team,Member Frontline,8,23,31,0,0,0
6420,Member Team,Member Specialist,7,4,11,0,0,0
6420,Member Team,Member Support,0,0,0,0,0,0
6420,Member Team,Member Team Lead,5,0,5,0,0,0
6420,Merchandising Team,Backroom Associate,5,0,5,0,0,0
6420,Merchandising Team,Forklift Driver,4,0,4,0,0,0
6420,Merchandising Team,Merchandising,10,12,22,0,0,0
6420,Merchandising Team,Merchandising Lead,4,0,4,0,0,0
6420,Personal Shopper,Personal Shopper,8,4,12,-1,2,1
6420,Personal Shopper,Personal Shopper Lead,1,0,1,0,0,0
6420,Specialty,Fuel/Car Wash,2,1,3,0,0,0
6420,Specialty,Liquor,2,1,3,0,1,1
6420,Specialty,Maintenance,3,2,5,0,0,0
6420,Specialty,Optical,1,1,2,0,0,0
6420,Specialty,Pharmacy Tech,2,2,4,0,0,0
6420,Specialty,TBC Lead,1,0,1,0,0,0
6420,Specialty,TBC Tire Tech,5,3,8,0,0,0
6441,Fresh,Baker/Packager,2,3,5,0,0,0
6441,Fresh,Bakery Lead,1,0,1,0,0,0
6441,Fresh,Café,4,6,10,0,1,1
6441,Fresh,Cake Decorator,2,2,4,0,0,0
6441,Fresh,Freezer/Cooler/Deli,3,2,5,0,0,0
6441,Fresh,HMS/Rotisserie,3,4,7,0,0,0
6441,Fresh,Meat Cutter/Wrapper,2,1,3,0,0,0
6441,Fresh,Meat Lead,1,0,1,0,0,0
6441,Fresh,Prepared Food Lead,1,0,1,0,0,0
6441,Fresh,Produce,2,3,5,0,1,1
6441,Fresh,Produce Lead,1,0,1,0,0,0
6441,Fresh,Senior Meat Cutter,4,1,5,0,0,0
6441,Member Team,Member Assist,3,5,8,0,1,1
6441,Member Team,Member Frontline,7,20,27,0,1,1
6441,Member Team,Member Specialist,7,5,12,0,0,0
6441,Member Team,Member Support,0,0,0,0,0,0
6441,Member Team,Member Team Lead,5,0,5,0,0,0
6441,Merchandising Team,Backroom Associate,4,0,4,0,0,0
6441,Merchandising Team,Forklift Driver,5,0,5,1,0,1
6441,Merchandising Team,Merchandising,10,10,20,1,0,1
6441,Merchandising Team,Merchandising Lead,4,0,4,0,0,0
6441,Personal Shopper,Personal Shopper,5,2,7,-1,2,1
6441,Personal Shopper,Personal Shopper Lead,1,0,1,0,0,0
6441,Specialty,Fuel/Car Wash,2,1,3,0,0,0
6441,Specialty,Liquor,2,0,2,0,0,0
6441,Specialty,Maintenance,2,3,5,0,0,0
6441,Specialty,Optical,1,1,2,0,0,0
6441,Specialty,Pharmacy Tech,2,1,3,0,0,0
6441,Specialty,TBC Lead,1,0,1,0,0,0
6441,Specialty,TBC Tire Tech,4,3,7,0,0,0
6448,Fresh,Baker/Packager,3,3,6,0,1,1
6448,Fresh,Bakery Lead,1,0,1,0,0,0
6448,Fresh,Café,4,6,10,0,0,0
6448,Fresh,Cake Decorator,2,2,4,0,0,0
6448,Fresh,Freezer/Cooler/Deli,4,3,7,1,0,1
6448,Fresh,HMS/Rotisserie,4,4,8,0,0,0
6448,Fresh,Meat Cutter/Wrapper,3,3,6,0,0,0
6448,Fresh,Meat Lead,1,0,1,0,0,0
6448,Fresh,Prepared Food Lead,1,0,1,0,0,0
6448,Fresh,Produce,3,3,6,0,1,1
6448,Fresh,Produce Lead,1,0,1,0,0,0
6448,Fresh,Senior Meat Cutter,4,2,6,0,1,1
6448,Member Team,Member Assist,3,5,8,0,1,1
6448,Member Team,Member Frontline,7,22,29,0,0,0
6448,Member Team,Member Specialist,8,3,11,0,0,0
6448,Member Team,Member Support,0,0,0,0,0,0
6448,Member Team,Member Team Lead,5,0,5,0,0,0
6448,Merchandising Team,Backroom Associate,5,0,5,0,0,0
6448,Merchandising Team,Forklift Driver,5,0,5,1,0,1
6448,Merchandising Team,Merchandising,11,12,23,2,0,2
6448,Merchandising Team,Merchandising Lead,4,0,4,0,0,0
6448,Personal Shopper,Personal Shopper,7,3,10,-1,2,1
6448,Personal Shopper,Personal Shopper Lead,1,0,1,0,0,0
6448,Specialty,Fuel/Car Wash,2,1,3,0,0,0
6448,Specialty,Liquor,2,1,3,0,1,1
6448,Specialty,Maintenance,3,2,5,0,0,0
6448,Specialty,Optical,2,0,2,0,0,0
6448,Specialty,Pharmacy Tech,2,2,4,0,0,0
6448,Specialty,TBC Lead,1,0,1,0,0,0
6448,Specialty,TBC Tire Tech,4,2,6,0,0,0
8201,Fresh,Baker/Packager,2,3,5,0,0,0
8201,Fresh,Bakery Lead,1,0,1,0,0,0
8201,Fresh,Café,4,4,8,0,-1,-1
8201,Fresh,Cake Decorator,2,2,4,0,0,0
8201,Fresh,Freezer/Cooler/Deli,3,2,5,0,0,0
8201,Fresh,HMS/Rotisserie,3,4,7,0,0,0
8201,Fresh,Meat Cutter/Wrapper,4,1,5,0,0,0
8201,Fresh,Meat Lead,1,0,1,0,0,0
8201,Fresh,Prepared Food Lead,1,0,1,0,0,0
8201,Fresh,Produce,3,3,6,0,1,1
8201,Fresh,Produce Lead,1,0,1,0,0,0
8201,Fresh,Senior Meat Cutter,3,1,4,0,0,0
8201,Member Team,Member Assist,3,4,7,0,0,0
8201,Member Team,Member Frontline,7,18,25,0,0,0
8201,Member Team,Member Specialist,6,4,10,0,0,0
8201,Member Team,Member Support,0,0,0,0,0,0
8201,Member Team,Member Team Lead,5,0,5,0,0,0
8201,Merchandising Team,Backroom Associate,4,0,4,0,0,0
8201,Merchandising Team,Forklift Driver,5,0,5,0,0,0
8201,Merchandising Team,Merchandising,10,10,20,0,0,0
8201,Merchandising Team,Merchandising Lead,4,0,4,0,0,0
8201,Personal Shopper,Personal Shopper,5,3,8,-1,2,1
8201,Personal Shopper,Personal Shopper Lead,1,0,1,0,0,0
8201,Specialty,Fuel/Car Wash,2,1,3,0,0,0
8201,Specialty,Liquor,2,0,2,0,0,0
8201,Specialty,Maintenance,3,1,4,0,0,0
8201,Specialty,Optical,2,0,2,0,0,0
8201,Specialty,Pharmacy Tech,2,0,2,0,0,0
8201,Specialty,TBC Lead,1,0,1,0,0,0
8201,Specialty,TBC Tire Tech,4,3,7,0,0,0
4857,Fresh,Baker/Packager,2,4,6,0,1,1
4857,Fresh,Bakery Lead,1,0,1,0,0,0
4857,Fresh,Café,3,5,8,0,-1,-1
4857,Fresh,Cake Decorator,2,2,4,0,0,0
4857,Fresh,Freezer/Cooler/Deli,3,2,5,0,0,0
4857,Fresh,HMS/Rotisserie,3,4,7,0,0,0
4857,Fresh,Meat Cutter/Wrapper,2,2,4,0,0,0
4857,Fresh,Meat Lead,1,0,1,0,0,0
4857,Fresh,Prepared Food Lead,1,0,1,0,0,0
4857,Fresh,Produce,2,4,6,0,0,0
4857,Fresh,Produce Lead,1,0,1,0,0,0
4857,Fresh,Senior Meat Cutter,3,1,4,0,0,0
4857,Member Team,Member Assist,3,4,7,0,1,1
4857,Member Team,Member Frontline,6,17,23,0,0,0
4857,Member Team,Member Specialist,6,4,10,0,0,0
4857,Member Team,Member Support,0,0,0,0,0,0
4857,Member Team,Member Team Lead,5,0,5,0,0,0
4857,Merchandising Team,Backroom Associate,4,0,4,0,0,0
4857,Merchandising Team,Forklift Driver,4,0,4,0,0,0
4857,Merchandising Team,Merchandising,10,9,19,0,2,2
4857,Merchandising Team,Merchandising Lead,4,0,4,0,0,0
4857,Personal Shopper,Personal Shopper,5,2,7,-1,2,1
4857,Personal Shopper,Personal Shopper Lead,1,0,1,0,0,0
4857,Specialty,Fuel/Car Wash,2,1,3,0,0,0
4857,Specialty,Liquor,2,2,4,0,2,2
4857,Specialty,Maintenance,2,3,5,0,0,0
4857,Specialty,Optical,1,1,2,0,0,0
4857,Specialty,Pharmacy Tech,2,1,3,0,0,0
4857,Specialty,TBC Lead,1,0,1,0,0,0
4857,Specialty,TBC Tire Tech,5,3,8,0,0,0
4972,Fresh,Baker/Packager,2,3,5,0,1,1
4972,Fresh,Bakery Lead,1,0,1,0,0,0
4972,Fresh,Café,3,5,8,0,0,0
4972,Fresh,Cake Decorator,2,2,4,0,0,0
4972,Fresh,Freezer/Cooler/Deli,3,2,5,0,0,0
4972,Fresh,HMS/Rotisserie,3,3,6,0,0,0
4972,Fresh,Meat Cutter/Wrapper,2,1,3,0,0,0
4972,Fresh,Meat Lead,1,0,1,0,0,0
4972,Fresh,Prepared Food Lead,1,0,1,0,0,0
4972,Fresh,Produce,2,4,6,0,1,1
4972,Fresh,Produce Lead,1,0,1,0,0,0
4972,Fresh,Senior Meat Cutter,3,1,4,0,0,0
4972,Member Team,Member Assist,2,5,7,0,0,0
4972,Member Team,Member Frontline,6,15,21,0,0,0
4972,Member Team,Member Specialist,7,4,11,0,0,0
4972,Member Team,Member Support,0,0,0,0,0,0
4972,Member Team,Member Team Lead,4,0,4,0,0,0
4972,Merchandising Team,Backroom Associate,4,0,4,0,0,0
4972,Merchandising Team,Forklift Driver,4,0,4,0,0,0
4972,Merchandising Team,Merchandising,9,8,17,1,0,1
4972,Merchandising Team,Merchandising Lead,4,0,4,0,0,0
4972,Personal Shopper,Personal Shopper,4,3,7,-1,2,1
4972,Personal Shopper,Personal Shopper Lead,1,0,1,0,0,0
4972,Specialty,Fuel/Car Wash,2,1,3,0,0,0
4972,Specialty,Liquor,2,1,3,0,1,1
4972,Specialty,Maintenance,2,2,4,0,0,0
4972,Specialty,Optical,1,1,2,0,0,0
4972,Specialty,Pharmacy Tech,1,2,3,0,0,0
4972,Specialty,TBC Lead,1,0,1,0,0,0
4972,Specialty,TBC Tire Tech,4,2,6,0,0,0
4991,Fresh,Baker/Packager,2,1,3,0,0,0
4991,Fresh,Bakery Lead,1,0,1,0,0,0
4991,Fresh,Café,3,6,9,0,1,1
4991,Fresh,Cake Decorator,2,1,3,0,0,0
4991,Fresh,Freezer/Cooler/Deli,3,1,4,0,0,0
4991,Fresh,HMS/Rotisserie,3,3,6,0,0,0
4991,Fresh,Meat Cutter/Wrapper,1,2,3,0,0,0
4991,Fresh,Meat Lead,1,0,1,0,0,0
4991,Fresh,Prepared Food Lead,1,0,1,0,0,0
4991,Fresh,Produce,2,2,4,0,0,0
4991,Fresh,Produce Lead,1,0,1,0,0,0
4991,Fresh,Senior Meat Cutter,3,1,4,0,0,0
4991,Member Team,Member Assist,2,4,6,0,0,0
4991,Member Team,Member Frontline,5,15,20,0,0,0
4991,Member Team,Member Specialist,6,3,9,0,0,0
4991,Member Team,Member Support,0,0,0,0,0,0
4991,Member Team,Member Team Lead,4,0,4,0,0,0
4991,Merchandising Team,Backroom Associate,4,0,4,0,0,0
4991,Merchandising Team,Forklift Driver,4,0,4,0,0,0
4991,Merchandising Team,Merchandising,8,8,16,0,0,0
4991,Merchandising Team,Merchandising Lead,4,0,4,0,0,0
4991,Personal Shopper,Personal Shopper,3,2,5,0,1,1
4991,Personal Shopper,Personal Shopper Lead,1,0,1,0,0,0
4991,Specialty,Fuel/Car Wash,2,1,3,0,0,0
4991,Specialty,Liquor,2,0,2,0,0,0
4991,Specialty,Maintenance,2,2,4,0,0,0
4991,Specialty,Optical,1,1,2,0,0,0
4991,Specialty,Pharmacy Tech,2,0,2,0,0,0
4991,Specialty,TBC Lead,1,0,1,0,0,0
4991,Specialty,TBC Tire Tech,4,3,7,0,0,0
6217,Fresh,Baker/Packager,4,4,8,0,0,0
6217,Fresh,Bakery Lead,1,0,1,0,0,0
6217,Fresh,Café,4,7,11,0,1,1
6217,Fresh,Cake Decorator,3,1,4,0,-1,-1
6217,Fresh,Freezer/Cooler/Deli,4,4,8,1,1,2
6217,Fresh,HMS/Rotisserie,3,4,7,0,0,0
6217,Fresh,Meat Cutter/Wrapper,3,3,6,0,0,0
6217,Fresh,Meat Lead,1,0,1,0,0,0
6217,Fresh,Prepared Food Lead,1,0,1,0,0,0
6217,Fresh,Produce,3,7,10,0,2,2
6217,Fresh,Produce Lead,1,0,1,0,0,0
6217,Fresh,Senior Meat Cutter,4,2,6,0,1,1
6217,Member Team,Member Assist,4,7,11,0,0,0
6217,Member Team,Member Frontline,8,26,34,0,0,0
6217,Member Team,Member Specialist,7,7,14,1,3,4
6217,Member Team,Member Support,0,0,0,0,0,0
6217,Member Team,Member Team Lead,6,0,6,0,0,0
6217,Merchandising Team,Backroom Associate,6,0,6,0,0,0
6217,Merchandising Team,Forklift Driver,6,0,6,0,0,0
6217,Merchandising Team,Merchandising,18,13,31,2,0,2
6217,Merchandising Team,Merchandising Lead,4,0,4,0,0,0
6217,Personal Shopper,Personal Shopper,27,14,41,5,11,16
6217,Personal Shopper,Personal Shopper Lead,1,0,1,0,0,0
6217,Specialty,Fuel/Car Wash,2,1,3,0,0,0
6217,Specialty,Liquor,2,2,4,0,2,2
6217,Specialty,Maintenance,4,3,7,0,0,0
6217,Specialty,Optical,2,0,2,0,0,0
6217,Specialty,Pharmacy Tech,2,1,3,0,0,0
6217,Specialty,TBC Lead,1,0,1,0,0,0
6217,Specialty,TBC Tire Tech,3,3,6,0,0,0
6341,Fresh,Baker/Packager,3,1,4,0,0,0
6341,Fresh,Bakery Lead,1,0,1,0,0,0
6341,Fresh,Café,3,6,9,0,0,0
6341,Fresh,Cake Decorator,3,1,4,0,0,0
6341,Fresh,Freezer/Cooler/Deli,3,2,5,0,0,0
6341,Fresh,HMS/Rotisserie,3,3,6,0,0,0
6341,Fresh,Meat Cutter/Wrapper,3,1,4,0,0,0
6341,Fresh,Meat Lead,1,0,1,0,0,0
6341,Fresh,Prepared Food Lead,1,0,1,0,0,0
6341,Fresh,Produce,3,4,7,0,0,0
6341,Fresh,Produce Lead,1,0,1,0,0,0
6341,Fresh,Senior Meat Cutter,3,1,4,0,0,0
6341,Member Team,Member Assist,3,6,9,0,0,0
6341,Member Team,Member Frontline,8,22,30,1,1,2
6341,Member Team,Member Specialist,8,3,11,0,0,0
6341,Member Team,Member Support,0,0,0,0,0,0
6341,Member Team,Member Team Lead,5,0,5,0,0,0
6341,Merchandising Team,Backroom Associate,5,0,5,0,0,0
6341,Merchandising Team,Forklift Driver,5,0,5,1,0,1
6341,Merchandising Team,Merchandising,11,11,22,1,0,1
6341,Merchandising Team,Merchandising Lead,4,0,4,0,0,0
6341,Personal Shopper,Personal Shopper,11,5,16,-1,2,1
6341,Personal Shopper,Personal Shopper Lead,1,0,1,0,0,0
6341,Specialty,Liquor,2,0,2,0,0,0
6341,Specialty,Maintenance,3,2,5,0,0,0
6341,Specialty,Optical,2,0,2,0,0,0
6341,Specialty,Pharmacy Tech,1,2,3,0,0,0
6341,Specialty,TBC Lead,1,0,1,0,0,0
6341,Specialty,TBC Tire Tech,5,3,8,0,0,0
6364,Fresh,Baker/Packager,3,2,5,0,0,0
6364,Fresh,Bakery Lead,1,0,1,0,0,0
6364,Fresh,Café,4,5,9,0,-1,-1
6364,Fresh,Cake Decorator,3,2,5,0,0,0
6364,Fresh,Freezer/Cooler/Deli,4,3,7,1,0,1
6364,Fresh,HMS/Rotisserie,3,4,7,0,0,0
6364,Fresh,Meat Cutter/Wrapper,3,1,4,0,0,0
6364,Fresh,Meat Lead,1,0,1,0,0,0
6364,Fresh,Prepared Food Lead,1,0,1,0,0,0
6364,Fresh,Produce,3,4,7,0,0,0
6364,Fresh,Produce Lead,1,0,1,0,0,0
6364,Fresh,Senior Meat Cutter,3,1,4,0,0,0
6364,Member Team,Member Assist,3,5,8,0,0,0
6364,Member Team,Member Frontline,7,18,25,0,0,0
6364,Member Team,Member Specialist,8,3,11,0,0,0
6364,Member Team,Member Support,0,0,0,0,0,0
6364,Member Team,Member Team Lead,6,0,6,0,0,0
6364,Merchandising Team,Backroom Associate,5,0,5,0,0,0
6364,Merchandising Team,Forklift Driver,6,0,6,1,0,1
6364,Merchandising Team,Merchandising,13,12,25,1,0,1
6364,Merchandising Team,Merchandising Lead,4,0,4,0,0,0
6364,Personal Shopper,Personal Shopper,7,4,11,-1,2,1
6364,Personal Shopper,Personal Shopper Lead,1,0,1,0,0,0
6364,Specialty,Fuel/Car Wash,2,3,5,0,0,0
6364,Specialty,Liquor,2,1,3,0,1,1
6364,Specialty,Maintenance,3,3,6,0,0,0
6364,Specialty,Optical,2,1,3,0,0,0
6364,Specialty,Pharmacy Tech,2,3,5,0,0,0
6364,Specialty,TBC Lead,1,0,1,0,0,0
6364,Specialty,TBC Tire Tech,5,4,9,0,0,0
6445,Fresh,Baker/Packager,3,3,6,0,1,1
6445,Fresh,Bakery Lead,1,0,1,0,0,0
6445,Fresh,Café,4,5,9,0,0,0
6445,Fresh,Cake Decorator,2,2,4,0,0,0
6445,Fresh,Freezer/Cooler/Deli,3,2,5,0,0,0
6445,Fresh,HMS/Rotisserie,4,3,7,0,0,0
6445,Fresh,Meat Cutter/Wrapper,3,1,4,0,0,0
6445,Fresh,Meat Lead,1,0,1,0,0,0
6445,Fresh,Prepared Food Lead,1,0,1,0,0,0
6445,Fresh,Produce,3,2,5,0,0,0
6445,Fresh,Produce Lead,1,0,1,0,0,0
6445,Fresh,Senior Meat Cutter,4,1,5,0,0,0
6445,Member Team,Member Assist,3,5,8,0,0,0
6445,Member Team,Member Frontline,7,18,25,0,0,0
6445,Member Team,Member Specialist,6,5,11,0,0,0
6445,Member Team,Member Support,0,0,0,0,0,0
6445,Member Team,Member Team Lead,5,0,5,0,0,0
6445,Merchandising Team,Backroom Associate,5,0,5,0,0,0
6445,Merchandising Team,Forklift Driver,5,0,5,0,0,0
6445,Merchandising Team,Merchandising,11,10,21,1,0,1
6445,Merchandising Team,Merchandising Lead,4,0,4,0,0,0
6445,Personal Shopper,Personal Shopper,6,2,8,0,0,0
6445,Personal Shopper,Personal Shopper Lead,1,0,1,0,0,0
6445,Specialty,Fuel/Car Wash,2,1,3,0,0,0
6445,Specialty,Liquor,2,1,3,0,1,1
6445,Specialty,Maintenance,3,2,5,0,0,0
6445,Specialty,Optical,2,1,3,0,0,0
6445,Specialty,Pharmacy Tech,3,1,4,0,0,0
6445,Specialty,TBC Lead,1,0,1,0,0,0
6445,Specialty,TBC Tire Tech,5,3,8,0,0,0
6520,Fresh,Baker/Packager,2,3,5,0,0,0
6520,Fresh,Bakery Lead,1,0,1,0,0,0
6520,Fresh,Café,3,4,7,0,-1,-1
6520,Fresh,Cake Decorator,2,2,4,0,0,0
6520,Fresh,Freezer/Cooler/Deli,3,2,5,0,0,0
6520,Fresh,HMS/Rotisserie,4,3,7,0,0,0
6520,Fresh,Meat Cutter/Wrapper,3,2,5,0,0,0
6520,Fresh,Meat Lead,1,0,1,0,0,0
6520,Fresh,Prepared Food Lead,1,0,1,0,0,0
6520,Fresh,Produce,3,3,6,0,0,0
6520,Fresh,Produce Lead,1,0,1,0,0,0
6520,Fresh,Senior Meat Cutter,4,1,5,0,0,0
6520,Member Team,Member Assist,3,5,8,0,1,1
6520,Member Team,Member Frontline,6,17,23,0,0,0
6520,Member Team,Member Specialist,7,5,12,0,0,0
6520,Member Team,Member Support,0,0,0,0,0,0
6520,Member Team,Member Team Lead,5,0,5,0,0,0
6520,Merchandising Team,Backroom Associate,4,0,4,0,0,0
6520,Merchandising Team,Forklift Driver,4,0,4,0,0,0
6520,Merchandising Team,Merchandising,10,10,20,2,0,2
6520,Merchandising Team,Merchandising Lead,4,0,4,0,0,0
6520,Personal Shopper,Personal Shopper,7,3,10,-1,2,1
6520,Personal Shopper,Personal Shopper Lead,1,0,1,0,0,0
6520,Specialty,Fuel/Car Wash,2,1,3,0,0,0
6520,Specialty,Liquor,2,1,3,0,1,1
6520,Specialty,Maintenance,3,1,4,0,0,0
6520,Specialty,Optical,2,0,2,0,0,0
6520,Specialty,Pharmacy Tech,2,0,2,0,0,0
6520,Specialty,TBC Lead,1,0,1,0,0,0
6520,Specialty,TBC Tire Tech,4,2,6,0,0,0
6637,Fresh,Baker/Packager,2,3,5,0,0,0
6637,Fresh,Bakery Lead,1,0,1,0,0,0
6637,Fresh,Café,3,5,8,0,0,0
6637,Fresh,Cake Decorator,3,1,4,0,0,0
6637,Fresh,Freezer/Cooler/Deli,3,2,5,0,1,1
6637,Fresh,HMS/Rotisserie,3,3,6,0,0,0
6637,Fresh,Meat Cutter/Wrapper,1,2,3,0,0,0
6637,Fresh,Meat Lead,1,0,1,0,0,0
6637,Fresh,Prepared Food Lead,1,0,1,0,0,0
6637,Fresh,Produce,3,4,7,0,1,1
6637,Fresh,Produce Lead,1,0,1,0,0,0
6637,Fresh,Senior Meat Cutter,4,1,5,0,0,0
6637,Member Team,Member Assist,3,4,7,0,1,1
6637,Member Team,Member Frontline,7,17,24,0,0,0
6637,Member Team,Member Specialist,6,4,10,0,0,0
6637,Member Team,Member Support,0,0,0,0,0,0
6637,Member Team,Member Team Lead,5,0,5,0,0,0
6637,Merchandising Team,Backroom Associate,4,0,4,0,0,0
6637,Merchandising Team,Forklift Driver,4,0,4,1,0,1
6637,Merchandising Team,Merchandising,10,9,19,3,0,3
6637,Merchandising Team,Merchandising Lead,4,0,4,0,0,0
6637,Personal Shopper,Personal Shopper,6,2,8,0,0,0
6637,Personal Shopper,Personal Shopper Lead,1,0,1,0,0,0
6637,Specialty,Liquor,2,0,2,0,0,0
6637,Specialty,Maintenance,3,1,4,0,0,0
6637,Specialty,Optical,2,0,2,0,0,0
6637,Specialty,Pharmacy Tech,1,2,3,0,0,0
6637,Specialty,TBC Lead,1,0,1,0,0,0
6637,Specialty,TBC Tire Tech,5,2,7,0,0,0
7191,Merchandising Team,Backroom Associate,8,0,8,0,0,0
7191,Merchandising Team,Merchandising,12,0,12,0,0,0
7191,Specialty,18-994-461 Receiving Dock_Day (T),0,0,0,0,0,0
7191,Specialty,18-994-602 Receiving Office (T),0,0,0,0,0,0
7191,Specialty,18-994-603 Claims (T),0,0,0,0,0,0
7191,Specialty,Asset Protection,2,0,2,0,0,0
7191,Specialty,Maintenance,2,0,2,0,0,0
7191,Specialty,Wholesale Trading,30,0,30,0,0,0
7191,Specialty,Wholesale Trading Lead,3,0,3,0,0,0
7191,Specialty,Yard Driver,1,0,1,0,0,0
8130,Fresh,Baker/Packager,2,3,5,0,0,0
8130,Fresh,Bakery Lead,1,0,1,0,0,0
8130,Fresh,Café,3,6,9,0,1,1
8130,Fresh,Cake Decorator,2,2,4,0,0,0
8130,Fresh,Freezer/Cooler/Deli,3,1,4,0,0,0
8130,Fresh,HMS/Rotisserie,2,3,5,0,0,0
8130,Fresh,Meat Cutter/Wrapper,2,1,3,0,0,0
8130,Fresh,Meat Lead,1,0,1,0,0,0
8130,Fresh,Prepared Food Lead,1,0,1,0,0,0
8130,Fresh,Produce,2,3,5,0,0,0
8130,Fresh,Produce Lead,1,0,1,0,0,0
8130,Fresh,Senior Meat Cutter,4,1,5,0,0,0
8130,Member Team,Member Assist,3,4,7,0,1,1
8130,Member Team,Member Frontline,6,21,27,0,1,1
8130,Member Team,Member Specialist,6,3,9,0,1,1
8130,Member Team,Member Support,0,0,0,0,0,0
8130,Member Team,Member Team Lead,5,0,5,0,0,0
8130,Merchandising Team,Backroom Associate,5,0,5,0,0,0
8130,Merchandising Team,Forklift Driver,5,0,5,1,0,1
8130,Merchandising Team,Merchandising,10,10,20,1,0,1
8130,Merchandising Team,Merchandising Lead,4,0,4,0,0,0
8130,Personal Shopper,Personal Shopper,7,3,10,-1,2,1
8130,Personal Shopper,Personal Shopper Lead,1,0,1,0,0,0
8130,Specialty,Fuel/Car Wash,2,1,3,0,0,0
8130,Specialty,Liquor,2,0,2,0,0,0
8130,Specialty,Maintenance,3,1,4,0,0,0
8130,Specialty,Optical,1,1,2,0,0,0
8130,Specialty,Pharmacy Tech,1,2,3,0,0,0
8130,Specialty,TBC Lead,1,0,1,0,0,0
8130,Specialty,TBC Tire Tech,5,2,7,0,0,0
8141,Fresh,Baker/Packager,2,3,5,0,0,0
8141,Fresh,Bakery Lead,1,0,1,0,0,0
8141,Fresh,Café,4,5,9,0,0,0
8141,Fresh,Cake Decorator,2,1,3,0,-1,-1
8141,Fresh,Freezer/Cooler/Deli,3,2,5,0,0,0
8141,Fresh,HMS/Rotisserie,3,4,7,0,0,0
8141,Fresh,Meat Cutter/Wrapper,3,1,4,0,0,0
8141,Fresh,Meat Lead,1,0,1,0,0,0
8141,Fresh,Prepared Food Lead,1,0,1,0,0,0
8141,Fresh,Produce,3,2,5,0,0,0
8141,Fresh,Produce Lead,1,0,1,0,0,0
8141,Fresh,Senior Meat Cutter,3,1,4,0,0,0
8141,Member Team,Member Assist,3,4,7,0,0,0
8141,Member Team,Member Frontline,7,16,23,0,0,0
8141,Member Team,Member Specialist,7,3,10,0,0,0
8141,Member Team,Member Support,0,0,0,0,0,0
8141,Member Team,Member Team Lead,5,0,5,0,0,0
8141,Merchandising Team,Backroom Associate,4,0,4,0,0,0
8141,Merchandising Team,Forklift Driver,4,0,4,1,0,1
8141,Merchandising Team,Merchandising,10,11,21,2,0,2
8141,Merchandising Team,Merchandising Lead,4,0,4,0,0,0
8141,Personal Shopper,Personal Shopper,7,3,10,-1,2,1
8141,Personal Shopper,Personal Shopper Lead,1,0,1,0,0,0
8141,Specialty,Fuel/Car Wash,2,1,3,0,0,0
8141,Specialty,Liquor,2,2,4,0,2,2
8141,Specialty,Maintenance,3,1,4,0,0,0
8141,Specialty,Optical,1,1,2,0,0,0
8141,Specialty,Pharmacy Tech,1,2,3,0,0,0
8141,Specialty,TBC Lead,1,0,1,0,0,0
8141,Specialty,TBC Tire Tech,4,4,8,0,0,0
8150,Fresh,Baker/Packager,2,1,3,0,0,0
8150,Fresh,Bakery Lead,1,0,1,0,0,0
8150,Fresh,Café,3,5,8,1,-1,0
8150,Fresh,Cake Decorator,2,2,4,0,0,0
8150,Fresh,Freezer/Cooler/Deli,3,1,4,0,0,0
8150,Fresh,HMS/Rotisserie,3,3,6,0,0,0
8150,Fresh,Meat Cutter/Wrapper,2,1,3,0,0,0
8150,Fresh,Meat Lead,1,0,1,0,0,0
8150,Fresh,Prepared Food Lead,1,0,1,0,0,0
8150,Fresh,Produce,2,3,5,0,1,1
8150,Fresh,Produce Lead,1,0,1,0,0,0
8150,Fresh,Senior Meat Cutter,3,1,4,0,0,0
8150,Member Team,Member Assist,3,4,7,0,0,0
8150,Member Team,Member Frontline,6,15,21,0,0,0
8150,Member Team,Member Specialist,5,4,9,0,0,0
8150,Member Team,Member Support,0,0,0,0,0,0
8150,Member Team,Member Team Lead,4,0,4,0,0,0
8150,Merchandising Team,Backroom Associate,4,0,4,0,0,0
8150,Merchandising Team,Forklift Driver,4,0,4,1,0,1
8150,Merchandising Team,Merchandising,10,8,18,3,0,3
8150,Merchandising Team,Merchandising Lead,4,0,4,0,0,0
8150,Personal Shopper,Personal Shopper,19,11,30,13,9,22
8150,Personal Shopper,Personal Shopper Lead,1,0,1,0,0,0
8150,Specialty,Fuel/Car Wash,2,1,3,0,0,0
8150,Specialty,Liquor,2,1,3,0,1,1
8150,Specialty,Maintenance,2,2,4,0,0,0
8150,Specialty,Optical,1,1,2,0,0,0
8150,Specialty,Pharmacy Tech,1,2,3,0,0,0
8150,Specialty,TBC Lead,1,0,1,0,0,0
8150,Specialty,TBC Tire Tech,4,2,6,0,0,0
8157,Fresh,Baker/Packager,3,4,7,1,0,1
8157,Fresh,Bakery Lead,1,0,1,0,0,0
8157,Fresh,Café,4,5,9,0,0,0
8157,Fresh,Cake Decorator,2,2,4,0,0,0
8157,Fresh,Freezer/Cooler/Deli,4,3,7,1,1,2
8157,Fresh,HMS/Rotisserie,3,3,6,0,0,0
8157,Fresh,Meat Cutter/Wrapper,1,3,4,0,0,0
8157,Fresh,Meat Lead,1,0,1,0,0,0
8157,Fresh,Prepared Food Lead,1,0,1,0,0,0
8157,Fresh,Produce,3,4,7,0,1,1
8157,Fresh,Produce Lead,1,0,1,0,0,0
8157,Fresh,Senior Meat Cutter,4,2,6,0,0,0
8157,Member Team,Member Assist,3,7,10,0,0,0
8157,Member Team,Member Frontline,9,21,30,0,0,0
8157,Member Team,Member Specialist,8,5,13,0,0,0
8157,Member Team,Member Support,0,0,0,0,0,0
8157,Member Team,Member Team Lead,6,0,6,0,0,0
8157,Merchandising Team,Backroom Associate,6,0,6,1,0,1
8157,Merchandising Team,Forklift Driver,6,0,6,1,0,1
8157,Merchandising Team,Merchandising,16,13,29,6,0,6
8157,Merchandising Team,Merchandising Lead,4,0,4,0,0,0
8157,Personal Shopper,Personal Shopper,9,4,13,-1,2,1
8157,Personal Shopper,Personal Shopper Lead,1,0,1,0,0,0
8157,Specialty,Fuel/Car Wash,2,1,3,0,0,0
8157,Specialty,Liquor,2,2,4,0,1,1
8157,Specialty,Maintenance,3,4,7,0,0,0
8157,Specialty,Optical,1,1,2,0,0,0
8157,Specialty,Pharmacy Tech,3,1,4,0,0,0
8157,Specialty,TBC Lead,1,0,1,0,0,0
8157,Specialty,TBC Tire Tech,4,3,7,0,0,0
8173,Fresh,Baker/Packager,3,3,6,0,1,1
8173,Fresh,Bakery Lead,1,0,1,0,0,0
8173,Fresh,Café,4,6,10,1,0,1
8173,Fresh,Cake Decorator,3,2,5,0,0,0
8173,Fresh,Freezer/Cooler/Deli,3,3,6,0,1,1
8173,Fresh,HMS/Rotisserie,3,3,6,0,0,0
8173,Fresh,Meat Cutter/Wrapper,1,2,3,0,0,0
8173,Fresh,Meat Lead,1,0,1,0,0,0
8173,Fresh,Prepared Food Lead,1,0,1,0,0,0
8173,Fresh,Produce,3,4,7,0,1,1
8173,Fresh,Produce Lead,1,0,1,0,0,0
8173,Fresh,Senior Meat Cutter,4,1,5,0,0,0
8173,Member Team,Member Assist,3,6,9,0,0,0
8173,Member Team,Member Frontline,8,27,35,0,1,1
8173,Member Team,Member Specialist,6,4,10,0,1,1
8173,Member Team,Member Support,0,0,0,0,0,0
8173,Member Team,Member Team Lead,5,0,5,0,0,0
8173,Merchandising Team,Backroom Associate,5,0,5,0,0,0
8173,Merchandising Team,Forklift Driver,6,0,6,1,0,1
8173,Merchandising Team,Merchandising,14,13,27,3,0,3
8173,Merchandising Team,Merchandising Lead,4,0,4,0,0,0
8173,Personal Shopper,Personal Shopper,15,8,23,0,6,6
8173,Personal Shopper,Personal Shopper Lead,1,0,1,0,0,0
8173,Specialty,Liquor,2,2,4,0,1,1
8173,Specialty,Maintenance,3,3,6,0,0,0
8173,Specialty,Optical,2,0,2,0,0,0
8173,Specialty,Pharmacy Tech,1,2,3,0,0,0
8173,Specialty,TBC Lead,1,0,1,0,0,0
8173,Specialty,TBC Tire Tech,4,2,6,0,0,0
4831,Fresh,Baker/Packager,2,4,6,0,1,1
4831,Fresh,Bakery Lead,1,0,1,0,0,0
4831,Fresh,Café,3,4,7,0,0,0
4831,Fresh,Cake Decorator,2,2,4,0,0,0
4831,Fresh,Freezer/Cooler/Deli,3,2,5,0,0,0
4831,Fresh,HMS/Rotisserie,3,3,6,0,1,1
4831,Fresh,Meat Cutter/Wrapper,1,2,3,0,0,0
4831,Fresh,Meat Lead,1,0,1,0,0,0
4831,Fresh,Prepared Food Lead,1,0,1,0,0,0
4831,Fresh,Produce,3,4,7,0,1,1
4831,Fresh,Produce Lead,1,0,1,0,0,0
4831,Fresh,Senior Meat Cutter,3,1,4,0,0,0
4831,Member Team,Member Assist,3,5,8,0,1,1
4831,Member Team,Member Frontline,6,16,22,0,1,1
4831,Member Team,Member Specialist,8,4,12,0,0,0
4831,Member Team,Member Support,0,0,0,0,0,0
4831,Member Team,Member Team Lead,5,0,5,0,0,0
4831,Merchandising Team,Backroom Associate,4,0,4,0,0,0
4831,Merchandising Team,Forklift Driver,5,0,5,1,0,1
4831,Merchandising Team,Merchandising,11,9,20,1,0,1
4831,Merchandising Team,Merchandising Lead,4,0,4,0,0,0
4831,Personal Shopper,Personal Shopper,6,2,8,0,0,0
4831,Personal Shopper,Personal Shopper Lead,1,0,1,0,0,0
4831,Specialty,Fuel/Car Wash,2,1,3,0,0,0
4831,Specialty,Maintenance,3,1,4,0,0,0
4831,Specialty,Optical,2,0,2,0,0,0
4831,Specialty,Pharmacy Tech,2,0,2,0,0,0
4831,Specialty,TBC Lead,1,0,1,0,0,0
4831,Specialty,TBC Tire Tech,4,2,6,0,0,0
4872,Fresh,Baker/Packager,2,1,3,0,0,0
4872,Fresh,Bakery Lead,1,0,1,0,0,0
4872,Fresh,Café,3,6,9,0,0,0
4872,Fresh,Cake Decorator,3,1,4,0,0,0
4872,Fresh,Freezer/Cooler/Deli,3,1,4,0,0,0
4872,Fresh,HMS/Rotisserie,3,3,6,0,0,0
4872,Fresh,Meat Cutter/Wrapper,1,1,2,0,0,0
4872,Fresh,Meat Lead,1,0,1,0,0,0
4872,Fresh,Prepared Food Lead,1,0,1,0,0,0
4872,Fresh,Produce,2,4,6,0,1,1
4872,Fresh,Produce Lead,1,0,1,0,0,0
4872,Fresh,Senior Meat Cutter,3,1,4,0,0,0
4872,Member Team,Member Assist,3,5,8,0,0,0
4872,Member Team,Member Frontline,5,16,21,0,0,0
4872,Member Team,Member Specialist,6,4,10,0,1,1
4872,Member Team,Member Support,0,0,0,0,0,0
4872,Member Team,Member Team Lead,4,0,4,0,0,0
4872,Merchandising Team,Backroom Associate,4,0,4,0,0,0
4872,Merchandising Team,Forklift Driver,4,0,4,0,0,0
4872,Merchandising Team,Merchandising,9,9,18,1,1,2
4872,Merchandising Team,Merchandising Lead,4,0,4,0,0,0
4872,Personal Shopper,Personal Shopper,7,4,11,-1,2,1
4872,Personal Shopper,Personal Shopper Lead,1,0,1,0,0,0
4872,Specialty,Fuel/Car Wash,2,1,3,0,0,0
4872,Specialty,Maintenance,2,2,4,0,0,0
4872,Specialty,Optical,1,1,2,0,0,0
4872,Specialty,Pharmacy Tech,2,0,2,0,0,0
4872,Specialty,TBC Lead,1,0,1,0,0,0
4872,Specialty,TBC Tire Tech,4,2,6,0,0,0
4946,Fresh,Baker/Packager,2,3,5,0,2,2
4946,Fresh,Bakery Lead,1,0,1,0,0,0
4946,Fresh,Café,3,4,7,1,-1,0
4946,Fresh,Cake Decorator,2,1,3,0,0,0
4946,Fresh,Freezer/Cooler/Deli,3,1,4,0,0,0
4946,Fresh,HMS/Rotisserie,2,3,5,0,0,0
4946,Fresh,Meat Cutter/Wrapper,1,1,2,0,0,0
4946,Fresh,Meat Lead,1,0,1,0,0,0
4946,Fresh,Prepared Food Lead,1,0,1,0,0,0
4946,Fresh,Produce,2,2,4,0,0,0
4946,Fresh,Produce Lead,1,0,1,0,0,0
4946,Fresh,Senior Meat Cutter,3,1,4,0,0,0
4946,Member Team,Member Assist,3,4,7,0,1,1
4946,Member Team,Member Frontline,5,14,19,0,0,0
4946,Member Team,Member Specialist,6,3,9,0,1,1
4946,Member Team,Member Support,0,0,0,0,0,0
4946,Member Team,Member Team Lead,4,0,4,0,0,0
4946,Merchandising Team,Backroom Associate,4,0,4,0,0,0
4946,Merchandising Team,Forklift Driver,4,0,4,0,0,0
4946,Merchandising Team,Merchandising,8,8,16,0,0,0
4946,Merchandising Team,Merchandising Lead,4,0,4,0,0,0
4946,Personal Shopper,Personal Shopper Lead,1,0,1,0,0,0
4946,Specialty,Fuel/Car Wash,2,1,3,0,0,0
4946,Specialty,Maintenance,2,2,4,0,0,0
4946,Specialty,Pharmacy Tech,3,2,5,0,0,0
4946,Specialty,TBC Lead,1,0,1,0,0,0
4946,Specialty,TBC Tire Tech,4,2,6,0,0,0
6203,Fresh,Baker/Packager,2,2,4,0,1,1
6203,Fresh,Bakery Lead,1,0,1,0,0,0
6203,Fresh,Café,3,4,7,1,0,1
6203,Fresh,Cake Decorator,3,0,3,0,0,0
6203,Fresh,Freezer/Cooler/Deli,3,1,4,0,0,0
6203,Fresh,HMS/Rotisserie,2,2,4,0,0,0
6203,Fresh,Meat Cutter/Wrapper,1,1,2,0,0,0
6203,Fresh,Meat Lead,1,0,1,0,0,0
6203,Fresh,Prepared Food Lead,1,0,1,0,0,0
6203,Fresh,Produce,2,3,5,0,1,1
6203,Fresh,Produce Lead,1,0,1,0,0,0
6203,Fresh,Senior Meat Cutter,3,1,4,0,0,0
6203,Member Team,Member Assist,3,4,7,0,1,1
6203,Member Team,Member Frontline,5,17,22,0,1,1
6203,Member Team,Member Specialist,6,4,10,0,0,0
6203,Member Team,Member Support,0,0,0,0,0,0
6203,Member Team,Member Team Lead,5,0,5,0,0,0
6203,Merchandising Team,Backroom Associate,4,0,4,0,0,0
6203,Merchandising Team,Forklift Driver,5,0,5,1,0,1
6203,Merchandising Team,Merchandising,10,9,19,-1,0,-1
6203,Merchandising Team,Merchandising Lead,4,0,4,0,0,0
6203,Personal Shopper,Personal Shopper,3,3,6,0,2,2
6203,Personal Shopper,Personal Shopper Lead,1,0,1,0,0,0
6203,Specialty,Fuel/Car Wash,2,1,3,0,0,0
6203,Specialty,Maintenance,2,3,5,0,0,0
6203,Specialty,Optical,2,0,2,0,0,0
6203,Specialty,Pharmacy Tech,2,2,4,0,0,0
6203,Specialty,TBC Lead,1,0,1,0,0,0
6203,Specialty,TBC Tire Tech,4,2,6,0,0,0
6216,Fresh,Baker/Packager,2,4,6,0,1,1
6216,Fresh,Bakery Lead,1,0,1,0,0,0
6216,Fresh,Café,3,5,8,1,0,1
6216,Fresh,Cake Decorator,3,0,3,0,0,0
6216,Fresh,Freezer/Cooler/Deli,3,1,4,0,0,0
6216,Fresh,HMS/Rotisserie,3,3,6,0,0,0
6216,Fresh,Meat Cutter/Wrapper,1,2,3,0,0,0
6216,Fresh,Meat Lead,1,0,1,0,0,0
6216,Fresh,Prepared Food Lead,1,0,1,0,0,0
6216,Fresh,Produce,2,3,5,0,0,0
6216,Fresh,Produce Lead,1,0,1,0,0,0
6216,Fresh,Senior Meat Cutter,4,1,5,0,0,0
6216,Member Team,Member Assist,4,3,7,0,0,0
6216,Member Team,Member Frontline,5,17,22,0,2,2
6216,Member Team,Member Specialist,6,5,11,0,0,0
6216,Member Team,Member Support,0,0,0,0,0,0
6216,Member Team,Member Team Lead,5,0,5,0,0,0
6216,Merchandising Team,Backroom Associate,4,0,4,0,0,0
6216,Merchandising Team,Forklift Driver,5,0,5,0,0,0
6216,Merchandising Team,Merchandising,11,10,21,0,2,2
6216,Merchandising Team,Merchandising Lead,4,0,4,0,0,0
6216,Personal Shopper,Personal Shopper,3,3,6,-1,3,2
6216,Personal Shopper,Personal Shopper Lead,1,0,1,0,0,0
6216,Specialty,Fuel/Car Wash,2,1,3,0,0,0
6216,Specialty,Maintenance,2,3,5,0,0,0
6216,Specialty,Pharmacy Tech,2,1,3,0,0,0
6216,Specialty,TBC Lead,1,0,1,0,0,0
6216,Specialty,TBC Tire Tech,4,2,6,0,0,0
6353,Fresh,Baker/Packager,3,2,5,0,0,0
6353,Fresh,Bakery Lead,1,0,1,0,0,0
6353,Fresh,Café,5,6,11,0,-1,-1
6353,Fresh,Cake Decorator,3,2,5,0,0,0
6353,Fresh,Freezer/Cooler/Deli,4,2,6,1,0,1
6353,Fresh,HMS/Rotisserie,3,4,7,0,0,0
6353,Fresh,Meat Cutter/Wrapper,3,1,4,0,0,0
6353,Fresh,Meat Lead,1,0,1,0,0,0
6353,Fresh,Prepared Food Lead,1,0,1,0,0,0
6353,Fresh,Produce,3,4,7,0,2,2
6353,Fresh,Produce Lead,1,0,1,0,0,0
6353,Fresh,Senior Meat Cutter,3,1,4,0,0,0
6353,Member Team,Member Assist,4,5,9,0,0,0
6353,Member Team,Member Frontline,8,22,30,0,0,0
6353,Member Team,Member Specialist,7,5,12,0,2,2
6353,Member Team,Member Support,0,0,0,0,0,0
6353,Member Team,Member Team Lead,5,0,5,0,0,0
6353,Merchandising Team,Backroom Associate,5,0,5,1,0,1
6353,Merchandising Team,Forklift Driver,6,0,6,0,0,0
6353,Merchandising Team,Merchandising,12,13,25,0,0,0
6353,Merchandising Team,Merchandising Lead,4,0,4,0,0,0
6353,Personal Shopper,Personal Shopper,7,3,10,0,1,1
6353,Personal Shopper,Personal Shopper Lead,1,0,1,0,0,0
6353,Specialty,Asset Protection,1,0,1,0,0,0
6353,Specialty,Fuel/Car Wash,2,1,3,0,0,0
6353,Specialty,Liquor,4,3,7,0,3,3
6353,Specialty,Maintenance,3,2,5,0,0,0
6353,Specialty,Optical,2,0,2,0,0,0
6353,Specialty,Pharmacy Tech,2,2,4,0,0,0
6353,Specialty,TBC Lead,1,0,1,0,0,0
6353,Specialty,TBC Tire Tech,4,3,7,0,0,0
6443,Fresh,Baker/Packager,2,1,3,0,0,0
6443,Fresh,Bakery Lead,1,0,1,0,0,0
6443,Fresh,Café,4,5,9,1,-1,0
6443,Fresh,Cake Decorator,3,1,4,0,0,0
6443,Fresh,Freezer/Cooler/Deli,3,1,4,0,0,0
6443,Fresh,HMS/Rotisserie,3,2,5,0,1,1
6443,Fresh,Meat Cutter/Wrapper,1,2,3,0,0,0
6443,Fresh,Meat Lead,1,0,1,0,0,0
6443,Fresh,Prepared Food Lead,1,0,1,0,0,0
6443,Fresh,Produce,2,3,5,0,1,1
6443,Fresh,Produce Lead,1,0,1,0,0,0
6443,Fresh,Senior Meat Cutter,3,1,4,0,0,0
6443,Member Team,Member Assist,2,6,8,0,1,1
6443,Member Team,Member Frontline,6,17,23,0,0,0
6443,Member Team,Member Specialist,6,3,9,0,0,0
6443,Member Team,Member Support,0,0,0,0,0,0
6443,Member Team,Member Team Lead,4,0,4,0,0,0
6443,Merchandising Team,Backroom Associate,4,0,4,0,0,0
6443,Merchandising Team,Forklift Driver,4,0,4,0,0,0
6443,Merchandising Team,Merchandising,9,9,18,0,1,1
6443,Merchandising Team,Merchandising Lead,4,0,4,0,0,0
6443,Personal Shopper,Personal Shopper,4,1,5,0,1,1
6443,Personal Shopper,Personal Shopper Lead,1,0,1,0,0,0
6443,Specialty,Fuel/Car Wash,2,1,3,0,0,0
6443,Specialty,Maintenance,2,2,4,0,0,0
6443,Specialty,Pharmacy Tech,2,0,2,0,0,0
6443,Specialty,TBC Lead,1,0,1,0,0,0
6443,Specialty,TBC Tire Tech,5,3,8,0,0,0
6570,Fresh,Baker/Packager,2,3,5,0,0,0
6570,Fresh,Bakery Lead,1,0,1,0,0,0
6570,Fresh,Café,3,3,6,0,-1,-1
6570,Fresh,Cake Decorator,2,2,4,0,0,0
6570,Fresh,Freezer/Cooler/Deli,3,1,4,0,0,0
6570,Fresh,HMS/Rotisserie,2,3,5,0,0,0
6570,Fresh,Meat Cutter/Wrapper,1,2,3,0,0,0
6570,Fresh,Meat Lead,1,0,1,0,0,0
6570,Fresh,Prepared Food Lead,1,0,1,0,0,0
6570,Fresh,Produce,2,4,6,0,1,1
6570,Fresh,Produce Lead,1,0,1,0,0,0
6570,Fresh,Senior Meat Cutter,3,1,4,0,0,0
6570,Member Team,Member Assist,3,3,6,0,0,0
6570,Member Team,Member Frontline,6,15,21,0,0,0
6570,Member Team,Member Specialist,5,4,9,0,1,1
6570,Member Team,Member Support,0,0,0,0,0,0
6570,Member Team,Member Team Lead,4,0,4,0,0,0
6570,Merchandising Team,Backroom Associate,4,0,4,0,0,0
6570,Merchandising Team,Forklift Driver,4,0,4,0,0,0
6570,Merchandising Team,Merchandising,8,8,16,0,0,0
6570,Merchandising Team,Merchandising Lead,4,0,4,0,0,0
6570,Personal Shopper,Personal Shopper,3,2,5,0,2,2
6570,Personal Shopper,Personal Shopper Lead,1,0,1,0,0,0
6570,Specialty,Maintenance,2,2,4,0,0,0
6570,Specialty,Optical,1,1,2,0,0,0
6570,Specialty,Pharmacy Tech,2,0,2,0,0,0
6570,Specialty,TBC Lead,1,0,1,0,0,0
6570,Specialty,TBC Tire Tech,3,3,6,0,0,0
6571,Fresh,Baker/Packager,2,2,4,0,1,1
6571,Fresh,Bakery Lead,1,0,1,0,0,0
6571,Fresh,Café,3,5,8,1,0,1
6571,Fresh,Cake Decorator,3,1,4,0,0,0
6571,Fresh,Freezer/Cooler/Deli,3,1,4,0,0,0
6571,Fresh,HMS/Rotisserie,2,3,5,0,1,1
6571,Fresh,Meat Cutter/Wrapper,1,1,2,0,0,0
6571,Fresh,Meat Lead,1,0,1,0,0,0
6571,Fresh,Prepared Food Lead,1,0,1,0,0,0
6571,Fresh,Produce,2,3,5,0,1,1
6571,Fresh,Produce Lead,1,0,1,0,0,0
6571,Fresh,Senior Meat Cutter,3,1,4,0,0,0
6571,Member Team,Member Assist,3,5,8,0,1,1
6571,Member Team,Member Frontline,6,17,23,0,0,0
6571,Member Team,Member Specialist,6,4,10,0,0,0
6571,Member Team,Member Support,0,0,0,0,0,0
6571,Member Team,Member Team Lead,5,0,5,0,0,0
6571,Merchandising Team,Backroom Associate,4,0,4,0,0,0
6571,Merchandising Team,Forklift Driver,5,0,5,1,0,1
6571,Merchandising Team,Merchandising,11,10,21,1,0,1
6571,Merchandising Team,Merchandising Lead,4,0,4,0,0,0
6571,Personal Shopper,Personal Shopper,3,2,5,0,2,2
6571,Personal Shopper,Personal Shopper Lead,1,0,1,0,0,0
6571,Specialty,Fuel/Car Wash,2,1,3,0,0,0
6571,Specialty,Maintenance,2,3,5,0,0,0
6571,Specialty,Optical,1,1,2,0,0,0
6571,Specialty,Pharmacy Tech,2,1,3,0,0,0
6571,Specialty,TBC Lead,1,0,1,0,0,0
6571,Specialty,TBC Tire Tech,3,3,6,0,0,0
6573,Fresh,Baker/Packager,2,3,5,0,1,1
6573,Fresh,Bakery Lead,1,0,1,0,0,0
6573,Fresh,Café,3,7,10,1,1,2
6573,Fresh,Cake Decorator,2,2,4,0,0,0
6573,Fresh,Freezer/Cooler/Deli,3,1,4,0,0,0
6573,Fresh,HMS/Rotisserie,3,2,5,0,0,0
6573,Fresh,Meat Cutter/Wrapper,1,2,3,0,0,0
6573,Fresh,Meat Lead,1,0,1,0,0,0
6573,Fresh,Prepared Food Lead,1,0,1,0,0,0
6573,Fresh,Produce,2,3,5,0,0,0
6573,Fresh,Produce Lead,1,0,1,0,0,0
6573,Fresh,Senior Meat Cutter,4,1,5,0,0,0
6573,Member Team,Member Assist,4,3,7,0,0,0
6573,Member Team,Member Frontline,6,16,22,0,0,0
6573,Member Team,Member Specialist,6,4,10,0,0,0
6573,Member Team,Member Support,0,0,0,0,0,0
6573,Member Team,Member Team Lead,5,0,5,0,0,0
6573,Merchandising Team,Backroom Associate,4,0,4,0,0,0
6573,Merchandising Team,Forklift Driver,4,0,4,0,0,0
6573,Merchandising Team,Merchandising,10,9,19,0,1,1
6573,Merchandising Team,Merchandising Lead,4,0,4,0,0,0
6573,Personal Shopper,Personal Shopper,4,3,7,-1,3,2
6573,Personal Shopper,Personal Shopper Lead,1,0,1,0,0,0
6573,Specialty,Fuel/Car Wash,2,1,3,0,0,0
6573,Specialty,Maintenance,3,1,4,0,0,0
6573,Specialty,Pharmacy Tech,1,2,3,0,0,0
6573,Specialty,TBC Lead,1,0,1,0,0,0
6573,Specialty,TBC Tire Tech,5,3,8,0,0,0
6976,Fresh,Baker/Packager,2,2,4,0,0,0
6976,Fresh,Bakery Lead,1,0,1,0,0,0
6976,Fresh,Café,3,7,10,0,2,2
6976,Fresh,Cake Decorator,3,0,3,0,0,0
6976,Fresh,Freezer/Cooler/Deli,3,1,4,0,0,0
6976,Fresh,HMS/Rotisserie,3,4,7,0,0,0
6976,Fresh,Meat Cutter/Wrapper,1,1,2,0,0,0
6976,Fresh,Meat Lead,1,0,1,0,0,0
6976,Fresh,Prepared Food Lead,1,0,1,0,0,0
6976,Fresh,Produce,2,4,6,0,1,1
6976,Fresh,Produce Lead,1,0,1,0,0,0
6976,Fresh,Senior Meat Cutter,3,1,4,0,0,0
6976,Member Team,Member Assist,2,5,7,0,0,0
6976,Member Team,Member Frontline,5,17,22,0,0,0
6976,Member Team,Member Specialist,6,2,8,0,0,0
6976,Member Team,Member Support,0,0,0,0,0,0
6976,Member Team,Member Team Lead,4,0,4,0,0,0
6976,Merchandising Team,Backroom Associate,4,0,4,0,0,0
6976,Merchandising Team,Forklift Driver,4,0,4,1,0,1
6976,Merchandising Team,Merchandising,9,9,18,1,1,2
6976,Merchandising Team,Merchandising Lead,4,0,4,0,0,0
6976,Personal Shopper,Personal Shopper,6,4,10,-1,2,1
6976,Personal Shopper,Personal Shopper Lead,1,0,1,0,0,0
6976,Specialty,Fuel/Car Wash,2,1,3,0,0,0
6976,Specialty,Maintenance,2,2,4,0,0,0
6976,Specialty,Optical,2,0,2,0,0,0
6976,Specialty,Pharmacy Tech,2,1,3,0,0,0
6976,Specialty,TBC Lead,1,0,1,0,0,0
6976,Specialty,TBC Tire Tech,4,2,6,0,0,0
8129,Fresh,Baker/Packager,2,4,6,0,1,1
8129,Fresh,Bakery Lead,1,0,1,0,0,0
8129,Fresh,Café,3,6,9,0,2,2
8129,Fresh,Cake Decorator,2,2,4,0,0,0
8129,Fresh,Freezer/Cooler/Deli,3,1,4,0,0,0
8129,Fresh,HMS/Rotisserie,3,2,5,0,0,0
8129,Fresh,Meat Cutter/Wrapper,2,1,3,0,0,0
8129,Fresh,Meat Lead,1,0,1,0,0,0
8129,Fresh,Prepared Food Lead,1,0,1,0,0,0
8129,Fresh,Produce,3,3,6,0,1,1
8129,Fresh,Produce Lead,1,0,1,0,0,0
8129,Fresh,Senior Meat Cutter,4,1,5,0,0,0
8129,Member Team,Member Assist,3,5,8,0,1,1
8129,Member Team,Member Frontline,6,17,23,0,0,0
8129,Member Team,Member Specialist,6,4,10,0,0,0
8129,Member Team,Member Support,0,0,0,0,0,0
8129,Member Team,Member Team Lead,5,0,5,0,0,0
8129,Merchandising Team,Backroom Associate,4,0,4,0,0,0
8129,Merchandising Team,Forklift Driver,5,0,5,0,0,0
8129,Merchandising Team,Merchandising,10,11,21,0,0,0
8129,Merchandising Team,Merchandising Lead,4,0,4,0,0,0
8129,Personal Shopper,Personal Shopper,6,3,9,-1,2,1
8129,Personal Shopper,Personal Shopper Lead,1,0,1,0,0,0
8129,Specialty,Fuel/Car Wash,2,3,5,0,0,0
8129,Specialty,Maintenance,3,0,3,0,0,0
8129,Specialty,Optical,2,0,2,0,0,0
8129,Specialty,Pharmacy Tech,3,2,5,0,0,0
8129,Specialty,TBC Lead,1,0,1,0,0,0
8129,Specialty,TBC Tire Tech,4,2,6,0,0,0
8218,Fresh,Baker/Packager,3,3,6,1,0,1
8218,Fresh,Bakery Lead,1,0,1,0,0,0
8218,Fresh,Café,4,7,11,0,2,2
8218,Fresh,Cake Decorator,3,2,5,0,0,0
8218,Fresh,Freezer/Cooler/Deli,4,2,6,1,0,1
8218,Fresh,HMS/Rotisserie,3,3,6,0,0,0
8218,Fresh,Meat Cutter/Wrapper,2,1,3,0,0,0
8218,Fresh,Meat Lead,1,0,1,0,0,0
8218,Fresh,Prepared Food Lead,1,0,1,0,0,0
8218,Fresh,Produce,2,4,6,0,0,0
8218,Fresh,Produce Lead,1,0,1,0,0,0
8218,Fresh,Senior Meat Cutter,4,1,5,0,0,0
8218,Member Team,Member Assist,4,4,8,0,0,0
8218,Member Team,Member Frontline,7,19,26,0,0,0
8218,Member Team,Member Specialist,8,4,12,0,1,1
8218,Member Team,Member Support,0,0,0,0,0,0
8218,Member Team,Member Team Lead,6,0,6,0,0,0
8218,Merchandising Team,Backroom Associate,5,0,5,0,0,0
8218,Merchandising Team,Forklift Driver,6,0,6,0,0,0
8218,Merchandising Team,Merchandising,15,13,28,1,1,2
8218,Merchandising Team,Merchandising Lead,4,0,4,0,0,0
8218,Personal Shopper,Personal Shopper,8,4,12,-1,2,1
8218,Personal Shopper,Personal Shopper Lead,1,0,1,0,0,0
8218,Specialty,Fuel/Car Wash,2,1,3,0,0,0
8218,Specialty,Maintenance,3,4,7,0,0,0
8218,Specialty,Optical,2,2,4,0,0,0
8218,Specialty,Pharmacy Tech,2,1,3,0,0,0
8218,Specialty,TBC Lead,1,0,1,0,0,0
8218,Specialty,TBC Tire Tech,6,3,9,0,0,0
8223,Fresh,Baker/Packager,2,3,5,0,0,0
8223,Fresh,Bakery Lead,1,0,1,0,0,0
8223,Fresh,Café,3,6,9,0,0,0
8223,Fresh,Cake Decorator,2,2,4,0,0,0
8223,Fresh,Freezer/Cooler/Deli,3,1,4,0,0,0
8223,Fresh,HMS/Rotisserie,3,2,5,0,0,0
8223,Fresh,Meat Cutter/Wrapper,1,2,3,0,0,0
8223,Fresh,Meat Lead,1,0,1,0,0,0
8223,Fresh,Prepared Food Lead,1,0,1,0,0,0
8223,Fresh,Produce,2,4,6,0,1,1
8223,Fresh,Produce Lead,1,0,1,0,0,0
8223,Fresh,Senior Meat Cutter,3,1,4,0,0,0
8223,Member Team,Member Assist,3,4,7,0,0,0
8223,Member Team,Member Frontline,6,16,22,0,0,0
8223,Member Team,Member Specialist,6,3,9,0,0,0
8223,Member Team,Member Support,0,0,0,0,0,0
8223,Member Team,Member Team Lead,5,0,5,0,0,0
8223,Merchandising Team,Backroom Associate,4,0,4,0,0,0
8223,Merchandising Team,Forklift Driver,4,0,4,0,0,0
8223,Merchandising Team,Merchandising,10,8,18,0,0,0
8223,Merchandising Team,Merchandising Lead,4,0,4,0,0,0
8223,Personal Shopper,Personal Shopper,6,2,8,0,0,0
8223,Personal Shopper,Personal Shopper Lead,1,0,1,0,0,0
8223,Specialty,Asset Protection,1,0,1,0,0,0
8223,Specialty,Fuel/Car Wash,2,1,3,0,0,0
8223,Specialty,Maintenance,3,0,3,0,0,0
8223,Specialty,Optical,1,1,2,0,0,0
8223,Specialty,Pharmacy Tech,2,0,2,0,0,0
8223,Specialty,TBC Lead,1,0,1,0,0,0
8223,Specialty,TBC Tire Tech,4,3,7,0,0,0
8283,Fresh,Baker/Packager,2,1,3,0,0,0
8283,Fresh,Bakery Lead,1,0,1,0,0,0
8283,Fresh,Café,2,5,7,0,1,1
8283,Fresh,Cake Decorator,2,1,3,0,-1,-1
8283,Fresh,Freezer/Cooler/Deli,3,1,4,0,0,0
8283,Fresh,HMS/Rotisserie,2,3,5,0,0,0
8283,Fresh,Meat Cutter/Wrapper,1,1,2,0,0,0
8283,Fresh,Meat Lead,1,0,1,0,0,0
8283,Fresh,Prepared Food Lead,1,0,1,0,0,0
8283,Fresh,Produce,2,3,5,0,1,1
8283,Fresh,Produce Lead,1,0,1,0,0,0
8283,Fresh,Senior Meat Cutter,2,1,3,0,0,0
8283,Member Team,Member Assist,2,5,7,0,0,0
8283,Member Team,Member Frontline,6,15,21,0,0,0
8283,Member Team,Member Specialist,5,3,8,0,0,0
8283,Member Team,Member Support,0,0,0,0,0,0
8283,Member Team,Member Team Lead,4,0,4,0,0,0
8283,Merchandising Team,Backroom Associate,4,0,4,0,0,0
8283,Merchandising Team,Forklift Driver,4,0,4,0,0,0
8283,Merchandising Team,Merchandising,9,8,17,0,0,0
8283,Merchandising Team,Merchandising Lead,4,0,4,0,0,0
8283,Personal Shopper,Personal Shopper,5,3,8,-1,2,1
8283,Personal Shopper,Personal Shopper Lead,1,0,1,0,0,0
8283,Specialty,Fuel/Car Wash,2,1,3,0,0,0
8283,Specialty,Maintenance,2,2,4,0,0,0
8283,Specialty,Optical,1,1,2,0,0,0
8283,Specialty,Pharmacy Tech,1,2,3,0,0,0
8283,Specialty,TBC Lead,1,0,1,0,0,0
8283,Specialty,TBC Tire Tech,3,3,6,0,0,0
4782,Fresh,Baker/Packager,4,2,6,0,0,0
4782,Fresh,Bakery Lead,1,0,1,0,0,0
4782,Fresh,Café,4,6,10,0,1,1
4782,Fresh,Cake Decorator,2,2,4,0,0,0
4782,Fresh,Freezer/Cooler/Deli,4,3,7,1,1,2
4782,Fresh,HMS/Rotisserie,3,3,6,0,1,1
4782,Fresh,Meat Cutter/Wrapper,3,3,6,0,0,0
4782,Fresh,Meat Lead,1,0,1,0,0,0
4782,Fresh,Prepared Food Lead,1,0,1,0,0,0
4782,Fresh,Produce,3,3,6,0,0,0
4782,Fresh,Produce Lead,1,0,1,0,0,0
4782,Fresh,Senior Meat Cutter,3,1,4,0,0,0
4782,Member Team,Member Assist,3,4,7,0,1,1
4782,Member Team,Member Frontline,6,16,22,0,0,0
4782,Member Team,Member Specialist,8,4,12,0,1,1
4782,Member Team,Member Support,0,0,0,0,0,0
4782,Member Team,Member Team Lead,5,0,5,0,0,0
4782,Merchandising Team,Backroom Associate,4,0,4,0,0,0
4782,Merchandising Team,Forklift Driver,5,0,5,1,0,1
4782,Merchandising Team,Merchandising,10,10,20,0,3,3
4782,Merchandising Team,Merchandising Lead,4,0,4,0,0,0
4782,Personal Shopper,Personal Shopper,6,4,10,-1,2,1
4782,Personal Shopper,Personal Shopper Lead,1,0,1,0,0,0
4782,Specialty,Fuel/Car Wash,2,2,4,0,0,0
4782,Specialty,Liquor,2,1,3,0,1,1
4782,Specialty,Maintenance,2,3,5,0,0,0
4782,Specialty,Optical,1,1,2,0,0,0
4782,Specialty,Pharmacy Tech,1,1,2,0,0,0
4782,Specialty,TBC Lead,1,0,1,0,0,0
4782,Specialty,TBC Tire Tech,3,3,6,0,0,0
4785,Fresh,Baker/Packager,3,1,4,0,0,0
4785,Fresh,Bakery Lead,1,0,1,0,0,0
4785,Fresh,Café,4,6,10,0,1,1
4785,Fresh,Cake Decorator,3,1,4,0,0,0
4785,Fresh,Freezer/Cooler/Deli,4,3,7,1,1,2
4785,Fresh,HMS/Rotisserie,4,3,7,0,0,0
4785,Fresh,Meat Cutter/Wrapper,2,1,3,0,0,0
4785,Fresh,Meat Lead,1,0,1,0,0,0
4785,Fresh,Prepared Food Lead,1,0,1,0,0,0
4785,Fresh,Produce,3,4,7,0,1,1
4785,Fresh,Produce Lead,1,0,1,0,0,0
4785,Fresh,Senior Meat Cutter,4,2,6,0,1,1
4785,Member Team,Member Assist,3,4,7,0,0,0
4785,Member Team,Member Frontline,6,21,27,0,0,0
4785,Member Team,Member Specialist,9,3,12,0,0,0
4785,Member Team,Member Support,0,0,0,0,0,0
4785,Member Team,Member Team Lead,5,0,5,0,0,0
4785,Merchandising Team,Backroom Associate,5,0,5,1,0,1
4785,Merchandising Team,Forklift Driver,4,0,4,0,0,0
4785,Merchandising Team,Merchandising,10,9,19,2,0,2
4785,Merchandising Team,Merchandising Lead,4,0,4,0,0,0
4785,Personal Shopper,Personal Shopper,7,3,10,0,1,1
4785,Personal Shopper,Personal Shopper Lead,1,0,1,0,0,0
4785,Specialty,Fuel/Car Wash,2,1,3,0,0,0
4785,Specialty,Liquor,3,0,3,0,0,0
4785,Specialty,Maintenance,3,2,5,0,0,0
4785,Specialty,Optical,2,0,2,0,0,0
4785,Specialty,Pharmacy Tech,2,1,3,0,0,0
4785,Specialty,TBC Lead,1,0,1,0,0,0
4785,Specialty,TBC Tire Tech,4,3,7,0,0,0
4828,Fresh,Baker/Packager,3,2,5,1,0,1
4828,Fresh,Bakery Lead,1,0,1,0,0,0
4828,Fresh,Café,3,5,8,0,0,0
4828,Fresh,Cake Decorator,2,2,4,0,0,0
4828,Fresh,Freezer/Cooler/Deli,4,2,6,1,0,1
4828,Fresh,HMS/Rotisserie,3,4,7,0,0,0
4828,Fresh,Meat Cutter/Wrapper,2,3,5,0,0,0
4828,Fresh,Meat Lead,1,0,1,0,0,0
4828,Fresh,Prepared Food Lead,1,0,1,0,0,0
4828,Fresh,Produce,2,6,8,0,1,1
4828,Fresh,Produce Lead,1,0,1,0,0,0
4828,Fresh,Senior Meat Cutter,4,2,6,0,0,0
4828,Member Team,Member Assist,2,5,7,0,1,1
4828,Member Team,Member Frontline,6,16,22,0,0,0
4828,Member Team,Member Specialist,7,4,11,0,0,0
4828,Member Team,Member Support,0,0,0,0,0,0
4828,Member Team,Member Team Lead,4,0,4,0,0,0
4828,Merchandising Team,Backroom Associate,4,0,4,0,0,0
4828,Merchandising Team,Forklift Driver,4,0,4,1,0,1
4828,Merchandising Team,Merchandising,10,7,17,2,1,3
4828,Merchandising Team,Merchandising Lead,4,0,4,0,0,0
4828,Personal Shopper,Personal Shopper,8,4,12,-1,2,1
4828,Personal Shopper,Personal Shopper Lead,1,0,1,0,0,0
4828,Specialty,Fuel/Car Wash,2,1,3,0,0,0
4828,Specialty,Liquor,2,1,3,0,0,0
4828,Specialty,Maintenance,3,1,4,0,0,0
4828,Specialty,Optical,1,1,2,0,0,0
4828,Specialty,Pharmacy Tech,1,2,3,0,1,1
4828,Specialty,TBC Lead,1,0,1,0,0,0
4828,Specialty,TBC Tire Tech,3,3,6,0,0,0
4866,Fresh,Baker/Packager,3,4,7,3,4,7
4866,Fresh,Bakery Lead,1,0,1,1,0,1
4866,Fresh,Café,5,9,14,5,9,14
4866,Fresh,Cake Decorator,3,0,3,3,0,3
4866,Fresh,Freezer/Cooler/Deli,5,6,11,5,6,11
4866,Fresh,HMS/Rotisserie,2,8,10,2,8,10
4866,Fresh,Meat Cutter/Wrapper,3,0,3,3,0,3
4866,Fresh,Meat Lead,1,0,1,1,0,1
4866,Fresh,Prepared Food Lead,1,0,1,1,0,1
4866,Fresh,Produce,3,7,10,3,7,10
4866,Fresh,Produce Lead,1,0,1,1,0,1
4866,Fresh,Senior Meat Cutter,6,4,10,6,4,10
4866,Member Team,Member Assist,4,9,13,4,9,13
4866,Member Team,Member Frontline,4,19,23,4,19,23
4866,Member Team,Member Greeter,0,4,4,0,4,4
4866,Member Team,Member Specialist,9,12,21,9,12,21
4866,Member Team,Member Team Lead,8,0,8,8,0,8
4866,Member Team,PTC,1,0,1,1,0,1
4866,Merchandising Team,Backroom Associate,8,0,8,8,0,8
4866,Merchandising Team,Forklift Driver,10,0,10,10,0,10
4866,Merchandising Team,Merchandising,29,25,54,29,25,54
4866,Merchandising Team,Merchandising Lead,4,0,4,4,0,4
4866,Personal Shopper,Personal Shopper,12,6,18,12,6,18
4866,Personal Shopper,Personal Shopper Lead,1,0,1,1,0,1
4866,Specialty,Asset Protection,1,0,1,1,0,1
4866,Specialty,Maintenance,3,9,12,3,9,12
4866,Specialty,Optical,2,0,2,2,0,2
4866,Specialty,Pharmacy Tech,1,2,3,1,2,3
4866,Specialty,Wholesale Trading,1,0,1,1,0,1
6189,Fresh,Baker/Packager,3,2,5,0,1,1
6189,Fresh,Bakery Lead,1,0,1,0,0,0
6189,Fresh,Café,4,5,9,0,1,1
6189,Fresh,Cake Decorator,3,1,4,0,0,0
6189,Fresh,Freezer/Cooler/Deli,4,2,6,1,0,1
6189,Fresh,HMS/Rotisserie,3,3,6,0,0,0
6189,Fresh,Meat Cutter/Wrapper,2,2,4,0,0,0
6189,Fresh,Meat Lead,1,0,1,0,0,0
6189,Fresh,Prepared Food Lead,1,0,1,0,0,0
6189,Fresh,Produce,2,5,7,0,1,1
6189,Fresh,Produce Lead,1,0,1,0,0,0
6189,Fresh,Senior Meat Cutter,4,1,5,0,0,0
6189,Member Team,Member Assist,3,5,8,0,0,0
6189,Member Team,Member Frontline,6,16,22,0,0,0
6189,Member Team,Member Specialist,7,4,11,0,0,0
6189,Member Team,Member Support,0,0,0,0,0,0
6189,Member Team,Member Team Lead,5,0,5,0,0,0
6189,Merchandising Team,Backroom Associate,4,0,4,0,0,0
6189,Merchandising Team,Forklift Driver,4,0,4,0,0,0
6189,Merchandising Team,Merchandising,10,9,19,2,0,2
6189,Merchandising Team,Merchandising Lead,4,0,4,0,0,0
6189,Personal Shopper,Personal Shopper,6,4,10,-1,2,1
6189,Personal Shopper,Personal Shopper Lead,1,0,1,0,0,0
6189,Specialty,Fuel/Car Wash,2,1,3,0,0,0
6189,Specialty,Liquor,3,0,3,0,0,0
6189,Specialty,Maintenance,2,3,5,0,0,0
6189,Specialty,Optical,1,1,2,0,0,0
6189,Specialty,Pharmacy Tech,2,0,2,0,0,0
6189,Specialty,TBC Lead,1,0,1,0,0,0
6189,Specialty,TBC Tire Tech,3,3,6,0,0,0
6212,Fresh,Baker/Packager,3,3,6,0,1,1
6212,Fresh,Bakery Lead,1,0,1,0,0,0
6212,Fresh,Café,4,4,8,0,0,0
6212,Fresh,Cake Decorator,3,2,5,0,0,0
6212,Fresh,Freezer/Cooler/Deli,4,3,7,1,1,2
6212,Fresh,HMS/Rotisserie,3,3,6,0,1,1
6212,Fresh,Meat Cutter/Wrapper,3,1,4,0,0,0
6212,Fresh,Meat Lead,1,0,1,0,0,0
6212,Fresh,Prepared Food Lead,1,0,1,0,0,0
6212,Fresh,Produce,3,4,7,0,2,2
6212,Fresh,Produce Lead,1,0,1,0,0,0
6212,Fresh,Senior Meat Cutter,3,1,4,0,0,0
6212,Member Team,Member Assist,3,5,8,0,0,0
6212,Member Team,Member Frontline,6,16,22,0,0,0
6212,Member Team,Member Specialist,9,3,12,0,0,0
6212,Member Team,Member Support,0,0,0,0,0,0
6212,Member Team,Member Team Lead,5,0,5,0,0,0
6212,Merchandising Team,Backroom Associate,4,0,4,0,0,0
6212,Merchandising Team,Forklift Driver,5,0,5,1,0,1
6212,Merchandising Team,Merchandising,10,9,19,0,1,1
6212,Merchandising Team,Merchandising Lead,4,0,4,0,0,0
6212,Personal Shopper,Personal Shopper,6,3,9,-1,2,1
6212,Personal Shopper,Personal Shopper Lead,1,0,1,0,0,0
6212,Specialty,Fuel/Car Wash,2,1,3,0,0,0
6212,Specialty,Liquor,2,1,3,0,1,1
6212,Specialty,Maintenance,3,1,4,0,0,0
6212,Specialty,Optical,1,1,2,0,0,0
6212,Specialty,Pharmacy Tech,2,1,3,0,0,0
6212,Specialty,TBC Lead,1,0,1,0,0,0
6212,Specialty,TBC Tire Tech,4,2,6,0,0,0
6218,Fresh,Baker/Packager,3,3,6,0,0,0
6218,Fresh,Bakery Lead,1,0,1,0,0,0
6218,Fresh,Café,4,4,8,0,-1,-1
6218,Fresh,Cake Decorator,3,2,5,0,0,0
6218,Fresh,Freezer/Cooler/Deli,4,3,7,1,1,2
6218,Fresh,HMS/Rotisserie,3,3,6,0,0,0
6218,Fresh,Meat Cutter/Wrapper,3,2,5,0,0,0
6218,Fresh,Meat Lead,1,0,1,0,0,0
6218,Fresh,Prepared Food Lead,1,0,1,0,0,0
6218,Fresh,Produce,3,4,7,0,1,1
6218,Fresh,Produce Lead,1,0,1,0,0,0
6218,Fresh,Senior Meat Cutter,3,1,4,0,0,0
6218,Member Team,Member Assist,4,4,8,0,0,0
6218,Member Team,Member Frontline,8,18,26,0,0,0
6218,Member Team,Member Specialist,8,4,12,0,1,1
6218,Member Team,Member Support,0,0,0,0,0,0
6218,Member Team,Member Team Lead,5,0,5,0,0,0
6218,Merchandising Team,Backroom Associate,5,0,5,0,0,0
6218,Merchandising Team,Forklift Driver,5,0,5,0,0,0
6218,Merchandising Team,Merchandising,12,11,23,1,0,1
6218,Merchandising Team,Merchandising Lead,4,0,4,0,0,0
6218,Personal Shopper,Personal Shopper,7,3,10,-1,2,1
6218,Personal Shopper,Personal Shopper Lead,1,0,1,0,0,0
6218,Specialty,Fuel/Car Wash,2,1,3,0,0,0
6218,Specialty,Liquor,2,2,4,0,1,1
6218,Specialty,Maintenance,3,2,5,0,0,0
6218,Specialty,Optical,2,0,2,0,0,0
6218,Specialty,Pharmacy Tech,1,2,3,0,0,0
6218,Specialty,TBC Lead,1,0,1,0,0,0
6218,Specialty,TBC Tire Tech,4,2,6,0,0,0
6225,Fresh,Baker/Packager,3,4,7,3,4,7
6225,Fresh,Bakery Lead,1,0,1,1,0,1
6225,Fresh,Café,4,5,9,4,5,9
6225,Fresh,Cake Decorator,3,1,4,3,1,4
6225,Fresh,Freezer/Cooler/Deli,6,7,13,6,7,13
6225,Fresh,HMS/Rotisserie,2,8,10,2,8,10
6225,Fresh,Meat Cutter/Wrapper,3,0,3,3,0,3
6225,Fresh,Meat Lead,1,0,1,1,0,1
6225,Fresh,Prepared Food Lead,1,0,1,1,0,1
6225,Fresh,Produce,4,5,9,4,5,9
6225,Fresh,Produce Lead,1,0,1,1,0,1
6225,Fresh,Senior Meat Cutter,6,4,10,6,4,10
6225,Member Team,Member Assist,4,9,13,4,9,13
6225,Member Team,Member Frontline,4,19,23,4,19,23
6225,Member Team,Member Greeter,0,4,4,0,4,4
6225,Member Team,Member Specialist,10,11,21,10,11,21
6225,Member Team,Member Team Lead,8,0,8,8,0,8
6225,Member Team,PTC,1,0,1,1,0,1
6225,Merchandising Team,Backroom Associate,8,0,8,8,0,8
6225,Merchandising Team,Forklift Driver,10,0,10,10,0,10
6225,Merchandising Team,Merchandising,28,25,53,28,25,53
6225,Merchandising Team,Merchandising Lead,4,0,4,4,0,4
6225,Personal Shopper,Personal Shopper,10,4,14,10,4,14
6225,Personal Shopper,Personal Shopper Lead,1,0,1,1,0,1
6225,Specialty,Asset Protection,1,0,1,1,0,1
6225,Specialty,Maintenance,3,9,12,3,9,12
6270,Fresh,Baker/Packager,5,3,8,5,3,8
6270,Fresh,Bakery Lead,1,0,1,1,0,1
6270,Fresh,Café,4,6,10,4,6,10
6270,Fresh,Cake Decorator,2,2,4,2,2,4
6270,Fresh,Freezer/Cooler/Deli,6,7,13,6,7,13
6270,Fresh,HMS/Rotisserie,5,2,7,5,2,7
6270,Fresh,Meat Cutter/Wrapper,3,0,3,3,0,3
6270,Fresh,Meat Lead,1,0,1,1,0,1
6270,Fresh,Prepared Food Lead,1,0,1,1,0,1
6270,Fresh,Produce,3,5,8,3,5,8
6270,Fresh,Produce Lead,1,0,1,1,0,1
6270,Fresh,Senior Meat Cutter,6,4,10,6,4,10
6270,Member Team,Member Assist,3,10,13,3,10,13
6270,Member Team,Member Frontline,5,16,21,5,16,21
6270,Member Team,Member Greeter,0,4,4,0,4,4
6270,Member Team,Member Specialist,8,11,19,8,11,19
6270,Member Team,Member Team Lead,8,0,8,8,0,8
6270,Member Team,PTC,1,0,1,1,0,1
6270,Merchandising Team,Backroom Associate,8,0,8,8,0,8
6270,Merchandising Team,Forklift Driver,10,0,10,10,0,10
6270,Merchandising Team,Merchandising,28,25,53,28,25,53
6270,Merchandising Team,Merchandising Lead,4,0,4,4,0,4
6270,Personal Shopper,Personal Shopper,11,5,16,11,5,16
6270,Personal Shopper,Personal Shopper Lead,1,0,1,1,0,1
6270,Specialty,Asset Protection,1,0,1,1,0,1
6270,Specialty,Maintenance,3,9,12,3,9,12
6270,Specialty,Optical,1,1,2,1,1,2
6270,Specialty,Pharmacy Tech,1,2,3,1,2,3
6270,Specialty,TBC Lead,1,0,1,1,0,1
6270,Specialty,TBC Tire Tech,3,3,6,3,3,6
6543,Fresh,Baker/Packager,3,4,7,3,4,7
6543,Fresh,Bakery Lead,1,0,1,1,0,1
6543,Fresh,Café,5,8,13,5,8,13
6543,Fresh,Cake Decorator,3,0,3,3,0,3
6543,Fresh,Freezer/Cooler/Deli,6,7,13,6,7,13
6543,Fresh,HMS/Rotisserie,2,8,10,2,8,10
6543,Fresh,Meat Cutter/Wrapper,3,0,3,3,0,3
6543,Fresh,Meat Lead,1,0,1,1,0,1
6543,Fresh,Prepared Food Lead,1,0,1,1,0,1
6543,Fresh,Produce,3,6,9,3,6,9
6543,Fresh,Produce Lead,1,0,1,1,0,1
6543,Fresh,Senior Meat Cutter,6,4,10,6,4,10
6543,Member Team,Member Assist,4,11,15,4,11,15
6543,Member Team,Member Frontline,4,18,22,4,18,22
6543,Member Team,Member Greeter,0,4,4,0,4,4
6543,Member Team,Member Specialist,9,11,20,9,11,20
6543,Member Team,Member Team Lead,8,0,8,8,0,8
6543,Member Team,PTC,1,0,1,1,0,1
6543,Merchandising Team,Backroom Associate,8,0,8,8,0,8
6543,Merchandising Team,Forklift Driver,10,0,10,10,0,10
6543,Merchandising Team,Merchandising,28,25,53,28,25,53
6543,Merchandising Team,Merchandising Lead,4,0,4,4,0,4
6543,Personal Shopper,Personal Shopper,10,4,14,10,4,14
6543,Personal Shopper,Personal Shopper Lead,1,0,1,1,0,1
6543,Specialty,Asset Protection,1,0,1,1,0,1
6543,Specialty,Maintenance,3,9,12,3,9,12
6543,Specialty,Optical,2,0,2,2,0,2
6543,Specialty,Pharmacy Tech,1,3,4,1,3,4
6543,Specialty,TBC Lead,1,0,1,1,0,1
6543,Specialty,TBC Tire Tech,3,3,6,3,3,6
6680,Fresh,Baker/Packager,5,3,8,5,3,8
6680,Fresh,Bakery Lead,1,0,1,1,0,1
6680,Fresh,Café,4,7,11,4,7,11
6680,Fresh,Cake Decorator,3,0,3,3,0,3
6680,Fresh,Freezer/Cooler/Deli,6,7,13,6,7,13
6680,Fresh,HMS/Rotisserie,4,3,7,4,3,7
6680,Fresh,Meat Cutter/Wrapper,3,0,3,3,0,3
6680,Fresh,Meat Lead,1,0,1,1,0,1
6680,Fresh,Prepared Food Lead,1,0,1,1,0,1
6680,Fresh,Produce,3,6,9,3,6,9
6680,Fresh,Produce Lead,1,0,1,1,0,1
6680,Fresh,Senior Meat Cutter,6,4,10,6,4,10
6680,Member Team,Member Assist,4,11,15,4,11,15
6680,Member Team,Member Frontline,4,18,22,4,18,22
6680,Member Team,Member Greeter,0,4,4,0,4,4
6680,Member Team,Member Specialist,9,11,20,9,11,20
6680,Member Team,Member Team Lead,8,0,8,8,0,8
6680,Member Team,PTC,1,0,1,1,0,1
6680,Merchandising Team,Backroom Associate,8,0,8,8,0,8
6680,Merchandising Team,Forklift Driver,10,0,10,10,0,10
6680,Merchandising Team,Merchandising,28,26,54,28,26,54
6680,Merchandising Team,Merchandising Lead,4,0,4,4,0,4
6680,Personal Shopper,Personal Shopper,10,4,14,10,4,14
6680,Personal Shopper,Personal Shopper Lead,1,0,1,1,0,1
6680,Specialty,Asset Protection,0,0,0,0,0,0
6680,Specialty,Maintenance,3,9,12,3,9,12
6680,Specialty,Optical,1,1,2,1,1,2
6680,Specialty,Pharmacy Tech,1,3,4,1,3,4
6680,Specialty,TBC Lead,1,0,1,1,0,1
6680,Specialty,TBC Tire Tech,3,3,6,3,3,6
6689,Fresh,Baker/Packager,5,2,7,5,2,7
6689,Fresh,Bakery Lead,1,0,1,1,0,1
6689,Fresh,Café,5,8,13,5,8,13
6689,Fresh,Cake Decorator,3,0,3,3,0,3
6689,Fresh,Freezer/Cooler/Deli,6,7,13,6,7,13
6689,Fresh,HMS/Rotisserie,5,2,7,5,2,7
6689,Fresh,Meat Cutter/Wrapper,3,0,3,3,0,3
6689,Fresh,Meat Lead,1,0,1,1,0,1
6689,Fresh,Prepared Food Lead,1,0,1,1,0,1
6689,Fresh,Produce,3,6,9,3,6,9
6689,Fresh,Produce Lead,1,0,1,1,0,1
6689,Fresh,Senior Meat Cutter,6,4,10,6,4,10
6689,Member Team,Member Assist,4,11,15,4,11,15
6689,Member Team,Member Frontline,5,16,21,5,16,21
6689,Member Team,Member Greeter,0,4,4,0,4,4
6689,Member Team,Member Specialist,9,12,21,9,12,21
6689,Member Team,Member Team Lead,8,0,8,8,0,8
6689,Member Team,PTC,1,0,1,1,0,1
6689,Merchandising Team,Backroom Associate,8,0,8,8,0,8
6689,Merchandising Team,Forklift Driver,10,0,10,10,0,10
6689,Merchandising Team,Merchandising,29,25,54,29,25,54
6689,Merchandising Team,Merchandising Lead,4,0,4,4,0,4
6689,Personal Shopper,Personal Shopper,9,4,13,9,4,13
6689,Personal Shopper,Personal Shopper Lead,1,0,1,1,0,1
6689,Specialty,Asset Protection,1,0,1,1,0,1
6689,Specialty,Maintenance,3,9,12,3,9,12
6689,Specialty,Optical,2,0,2,2,0,2
6689,Specialty,Pharmacy Tech,1,3,4,1,3,4
6689,Specialty,TBC Lead,1,0,1,1,0,1
6689,Specialty,TBC Tire Tech,3,3,6,3,3,6
6690,Fresh,Baker/Packager,5,2,7,5,2,7
6690,Fresh,Bakery Lead,1,0,1,1,0,1
6690,Fresh,Café,5,9,14,5,9,14
6690,Fresh,Cake Decorator,3,0,3,3,0,3
6690,Fresh,Freezer/Cooler/Deli,6,7,13,6,7,13
6690,Fresh,HMS/Rotisserie,5,2,7,5,2,7
6690,Fresh,Meat Cutter/Wrapper,3,0,3,3,0,3
6690,Fresh,Meat Lead,1,0,1,1,0,1
6690,Fresh,Prepared Food Lead,1,0,1,1,0,1
6690,Fresh,Produce,3,7,10,3,7,10
6690,Fresh,Produce Lead,1,0,1,1,0,1
6690,Fresh,Senior Meat Cutter,6,4,10,6,4,10
6690,Member Team,Member Assist,4,10,14,4,10,14
6690,Member Team,Member Frontline,4,19,23,4,19,23
6690,Member Team,Member Greeter,0,4,4,0,4,4
6690,Member Team,Member Specialist,10,10,20,10,10,20
6690,Member Team,Member Team Lead,8,0,8,8,0,8
6690,Member Team,PTC,1,0,1,1,0,1
6690,Merchandising Team,Backroom Associate,8,0,8,8,0,8
6690,Merchandising Team,Forklift Driver,10,0,10,10,0,10
6690,Merchandising Team,Merchandising,29,25,54,29,25,54
6690,Merchandising Team,Merchandising Lead,4,0,4,4,0,4
6690,Personal Shopper,Personal Shopper,9,4,13,9,4,13
6690,Personal Shopper,Personal Shopper Lead,1,0,1,1,0,1
6690,Specialty,Asset Protection,1,0,1,1,0,1
6690,Specialty,Maintenance,3,9,12,3,9,12
6690,Specialty,Optical,1,1,2,1,1,2
6690,Specialty,Pharmacy Tech,1,2,3,1,2,3
8138,Fresh,Baker/Packager,3,3,6,0,1,1
8138,Fresh,Bakery Lead,1,0,1,0,0,0
8138,Fresh,Café,4,5,9,0,-1,-1
8138,Fresh,Cake Decorator,2,2,4,0,0,0
8138,Fresh,Freezer/Cooler/Deli,4,4,8,1,0,1
8138,Fresh,HMS/Rotisserie,4,4,8,0,0,0
8138,Fresh,Meat Cutter/Wrapper,3,2,5,0,0,0
8138,Fresh,Meat Lead,1,0,1,0,0,0
8138,Fresh,Prepared Food Lead,1,0,1,0,0,0
8138,Fresh,Produce,3,4,7,0,1,1
8138,Fresh,Produce Lead,1,0,1,0,0,0
8138,Fresh,Senior Meat Cutter,5,1,6,0,0,0
8138,Member Team,Member Assist,4,4,8,0,0,0
8138,Member Team,Member Frontline,8,19,27,0,0,0
8138,Member Team,Member Specialist,9,4,13,0,0,0
8138,Member Team,Member Support,0,0,0,0,0,0
8138,Member Team,Member Team Lead,5,0,5,0,0,0
8138,Merchandising Team,Backroom Associate,5,0,5,0,0,0
8138,Merchandising Team,Forklift Driver,6,0,6,2,0,2
8138,Merchandising Team,Merchandising,13,12,25,3,1,4
8138,Merchandising Team,Merchandising Lead,4,0,4,0,0,0
8138,Personal Shopper,Personal Shopper,7,4,11,-1,2,1
8138,Personal Shopper,Personal Shopper Lead,1,0,1,0,0,0
8138,Specialty,Fuel/Car Wash,2,1,3,0,0,0
8138,Specialty,Liquor,2,2,4,0,2,2
8138,Specialty,Maintenance,3,3,6,0,0,0
8138,Specialty,Optical,1,1,2,0,0,0
8138,Specialty,Pharmacy Tech,1,1,2,0,0,0
8138,Specialty,TBC Lead,1,0,1,0,0,0
8138,Specialty,TBC Tire Tech,4,3,7,0,0,0
8290,Fresh,Baker/Packager,3,2,5,0,0,0
8290,Fresh,Bakery Lead,1,0,1,0,0,0
8290,Fresh,Café,4,6,10,0,1,1
8290,Fresh,Cake Decorator,3,2,5,0,0,0
8290,Fresh,Freezer/Cooler/Deli,3,2,5,0,0,0
8290,Fresh,HMS/Rotisserie,2,3,5,0,0,0
8290,Fresh,Meat Cutter/Wrapper,1,2,3,0,0,0
8290,Fresh,Meat Lead,1,0,1,0,0,0
8290,Fresh,Prepared Food Lead,1,0,1,0,0,0
8290,Fresh,Produce,3,4,7,0,1,1
8290,Fresh,Produce Lead,1,0,1,0,0,0
8290,Fresh,Senior Meat Cutter,4,1,5,0,0,0
8290,Member Team,Member Assist,4,3,7,0,0,0
8290,Member Team,Member Frontline,6,17,23,0,0,0
8290,Member Team,Member Specialist,8,5,13,0,0,0
8290,Member Team,Member Support,0,0,0,0,0,0
8290,Member Team,Member Team Lead,5,0,5,0,0,0
8290,Merchandising Team,Backroom Associate,4,0,4,0,0,0
8290,Merchandising Team,Forklift Driver,5,0,5,1,0,1
8290,Merchandising Team,Merchandising,10,10,20,1,0,1
8290,Merchandising Team,Merchandising Lead,4,0,4,0,0,0
8290,Personal Shopper,Personal Shopper,8,4,12,-1,2,1
8290,Personal Shopper,Personal Shopper Lead,1,0,1,0,0,0
8290,Specialty,Fuel/Car Wash,2,1,3,0,0,0
8290,Specialty,Liquor,2,1,3,0,1,1
8290,Specialty,Maintenance,3,1,4,0,0,0
8290,Specialty,Optical,1,1,2,0,0,0
8290,Specialty,Pharmacy Tech,1,2,3,0,0,0
8290,Specialty,TBC Lead,1,0,1,0,0,0
8290,Specialty,TBC Tire Tech,4,2,6,0,0,0
4704,Fresh,Baker/Packager,4,2,6,1,1,2
4704,Fresh,Bakery Lead,1,0,1,0,0,0
4704,Fresh,Café,5,8,13,0,1,1
4704,Fresh,Cake Decorator,3,2,5,0,1,1
4704,Fresh,Freezer/Cooler/Deli,3,3,6,0,0,0
4704,Fresh,HMS/Rotisserie,3,3,6,0,0,0
4704,Fresh,Meat Cutter/Wrapper,1,2,3,0,0,0
4704,Fresh,Meat Lead,1,0,1,0,0,0
4704,Fresh,Prepared Food Lead,1,0,1,0,0,0
4704,Fresh,Produce,3,4,7,0,1,1
4704,Fresh,Produce Lead,1,0,1,0,0,0
4704,Fresh,Senior Meat Cutter,3,1,4,0,0,0
4704,Member Team,Member Assist,3,6,9,0,0,0
4704,Member Team,Member Frontline,9,27,36,0,-1,-1
4704,Member Team,Member Specialist,8,3,11,0,0,0
4704,Member Team,Member Support,0,0,0,0,0,0
4704,Member Team,Member Team Lead,5,0,5,0,0,0
4704,Merchandising Team,Backroom Associate,5,0,5,0,0,0
4704,Merchandising Team,Forklift Driver,6,0,6,1,0,1
4704,Merchandising Team,Merchandising,13,12,25,-1,0,-1
4704,Merchandising Team,Merchandising Lead,4,0,4,0,0,0
4704,Personal Shopper,Personal Shopper,8,4,12,-1,2,1
4704,Personal Shopper,Personal Shopper Lead,1,0,1,0,0,0
4704,Specialty,Maintenance,3,3,6,0,0,0
4704,Specialty,Optical,1,1,2,0,0,0
4704,Specialty,Pharmacy Tech,2,1,3,0,0,0
4704,Specialty,TBC Lead,1,0,1,0,0,0
4704,Specialty,TBC Tire Tech,4,4,8,0,0,0
4755,Fresh,Baker/Packager,4,3,7,0,0,0
4755,Fresh,Bakery Lead,1,0,1,0,0,0
4755,Fresh,Café,6,7,13,0,-1,-1
4755,Fresh,Cake Decorator,3,0,3,0,-2,-2
4755,Fresh,Freezer/Cooler/Deli,5,4,9,1,0,1
4755,Fresh,HMS/Rotisserie,5,6,11,0,0,0
4755,Fresh,Meat Cutter/Wrapper,4,4,8,0,0,0
4755,Fresh,Meat Lead,1,0,1,0,0,0
4755,Fresh,Prepared Food Lead,1,0,1,0,0,0
4755,Fresh,Produce,6,7,13,1,2,3
4755,Fresh,Produce Lead,1,0,1,0,0,0
4755,Fresh,Senior Meat Cutter,7,1,8,0,0,0
4755,Member Team,Member Assist,5,10,15,0,0,0
4755,Member Team,Member Frontline,11,25,36,0,0,0
4755,Member Team,Member Specialist,12,9,21,0,0,0
4755,Member Team,Member Support,0,0,0,0,0,0
4755,Member Team,Member Team Lead,6,0,6,0,0,0
4755,Merchandising Team,Backroom Associate,6,0,6,0,0,0
4755,Merchandising Team,Forklift Driver,7,0,7,0,0,0
4755,Merchandising Team,Merchandising,18,15,33,0,0,0
4755,Merchandising Team,Merchandising Lead,4,0,4,0,0,0
4755,Personal Shopper,Personal Shopper,9,5,14,-1,3,2
4755,Personal Shopper,Personal Shopper Lead,1,0,1,0,0,0
4755,Specialty,Maintenance,5,3,8,0,0,0
4755,Specialty,Optical,2,2,4,0,0,0
4755,Specialty,Pharmacy Tech,2,3,5,0,0,0
4755,Specialty,TBC Lead,1,0,1,0,0,0
4755,Specialty,TBC Tire Tech,6,3,9,0,0,0
4767,Fresh,Baker/Packager,4,4,8,0,3,3
4767,Fresh,Bakery Lead,1,0,1,0,0,0
4767,Fresh,Café,6,9,15,0,-1,-1
4767,Fresh,Cake Decorator,3,2,5,0,2,2
4767,Fresh,Freezer/Cooler/Deli,5,5,10,2,0,2
4767,Fresh,HMS/Rotisserie,4,4,8,0,1,1
4767,Fresh,Meat Cutter/Wrapper,2,1,3,0,0,0
4767,Fresh,Meat Lead,1,0,1,0,0,0
4767,Fresh,Prepared Food Lead,1,0,1,0,0,0
4767,Fresh,Produce,4,5,9,1,0,1
4767,Fresh,Produce Lead,1,0,1,0,0,0
4767,Fresh,Senior Meat Cutter,5,1,6,0,1,1
4767,Member Team,Member Assist,5,6,11,0,0,0
4767,Member Team,Member Frontline,9,27,36,0,3,3
4767,Member Team,Member Specialist,7,6,13,0,2,2
4767,Member Team,Member Support,0,0,0,0,0,0
4767,Member Team,Member Team Lead,6,0,6,0,0,0
4767,Merchandising Team,Backroom Associate,5,0,5,0,0,0
4767,Merchandising Team,Forklift Driver,6,0,6,1,0,1
4767,Merchandising Team,Merchandising,12,13,25,-1,1,0
4767,Merchandising Team,Merchandising Lead,4,0,4,0,0,0
4767,Personal Shopper,Personal Shopper,7,4,11,0,2,2
4767,Personal Shopper,Personal Shopper Lead,1,0,1,0,0,0
4767,Specialty,Fuel/Car Wash,2,2,4,0,0,0
4767,Specialty,Maintenance,4,3,7,0,0,0
4767,Specialty,Optical,1,1,2,0,0,0
4767,Specialty,Pharmacy Tech,2,0,2,0,0,0
4767,Specialty,TBC Lead,1,0,1,0,0,0
4767,Specialty,TBC Tire Tech,4,1,5,0,0,0
4768,Fresh,Baker/Packager,2,3,5,0,2,2
4768,Fresh,Bakery Lead,1,0,1,0,0,0
4768,Fresh,Café,4,6,10,1,0,1
4768,Fresh,Cake Decorator,2,1,3,0,0,0
4768,Fresh,Freezer/Cooler/Deli,3,1,4,0,0,0
4768,Fresh,HMS/Rotisserie,2,3,5,0,1,1
4768,Fresh,Meat Cutter/Wrapper,1,1,2,0,0,0
4768,Fresh,Meat Lead,1,0,1,0,0,0
4768,Fresh,Prepared Food Lead,1,0,1,0,0,0
4768,Fresh,Produce,2,4,6,0,1,1
4768,Fresh,Produce Lead,1,0,1,0,0,0
4768,Fresh,Senior Meat Cutter,3,1,4,0,0,0
4768,Member Team,Member Assist,3,3,6,0,0,0
4768,Member Team,Member Frontline,5,16,21,0,0,0
4768,Member Team,Member Specialist,6,3,9,0,0,0
4768,Member Team,Member Support,0,0,0,0,0,0
4768,Member Team,Member Team Lead,4,0,4,0,0,0
4768,Merchandising Team,Backroom Associate,4,0,4,0,0,0
4768,Merchandising Team,Forklift Driver,4,0,4,1,0,1
4768,Merchandising Team,Merchandising,8,9,17,2,0,2
4768,Merchandising Team,Merchandising Lead,4,0,4,0,0,0
4768,Personal Shopper,Personal Shopper,9,4,13,3,2,5
4768,Personal Shopper,Personal Shopper Lead,1,0,1,0,0,0
4768,Specialty,Fuel/Car Wash,2,1,3,0,0,0
4768,Specialty,Maintenance,3,0,3,0,0,0
4768,Specialty,Optical,2,0,2,0,0,0
4768,Specialty,Pharmacy Tech,2,1,3,0,0,0
4768,Specialty,TBC Lead,1,0,1,0,0,0
4768,Specialty,TBC Tire Tech,3,3,6,0,0,0
4799,Fresh,Baker/Packager,2,4,6,0,1,1
4799,Fresh,Bakery Lead,1,0,1,0,0,0
4799,Fresh,Café,4,6,10,0,-1,-1
4799,Fresh,Cake Decorator,3,0,3,0,0,0
4799,Fresh,Freezer/Cooler/Deli,3,3,6,0,0,0
4799,Fresh,HMS/Rotisserie,3,4,7,0,0,0
4799,Fresh,Meat Cutter/Wrapper,1,2,3,0,0,0
4799,Fresh,Meat Lead,1,0,1,0,0,0
4799,Fresh,Prepared Food Lead,1,0,1,0,0,0
4799,Fresh,Produce,3,5,8,0,1,1
4799,Fresh,Produce Lead,1,0,1,0,0,0
4799,Fresh,Senior Meat Cutter,3,1,4,0,0,0
4799,Member Team,Member Assist,3,5,8,0,0,0
4799,Member Team,Member Frontline,8,20,28,0,0,0
4799,Member Team,Member Specialist,6,3,9,0,0,0
4799,Member Team,Member Support,0,0,0,0,0,0
4799,Member Team,Member Team Lead,5,0,5,0,0,0
4799,Merchandising Team,Backroom Associate,4,0,4,0,0,0
4799,Merchandising Team,Forklift Driver,4,0,4,0,0,0
4799,Merchandising Team,Merchandising,10,9,19,0,0,0
4799,Merchandising Team,Merchandising Lead,4,0,4,0,0,0
4799,Personal Shopper,Personal Shopper,5,3,8,-1,2,1
4799,Personal Shopper,Personal Shopper Lead,1,0,1,0,0,0
4799,Specialty,Fuel/Car Wash,2,1,3,0,0,0
4799,Specialty,Maintenance,3,3,6,0,0,0
4799,Specialty,Optical,1,1,2,0,0,0
4799,Specialty,Pharmacy Tech,1,2,3,0,0,0
4799,Specialty,TBC Lead,1,0,1,0,0,0
4799,Specialty,TBC Tire Tech,4,2,6,0,0,0
4819,Fresh,Baker/Packager,4,2,6,0,1,1
4819,Fresh,Bakery Lead,1,0,1,0,0,0
4819,Fresh,Café,5,9,14,0,0,0
4819,Fresh,Cake Decorator,3,2,5,0,0,0
4819,Fresh,Freezer/Cooler/Deli,4,3,7,1,0,1
4819,Fresh,HMS/Rotisserie,3,4,7,0,0,0
4819,Fresh,Meat Cutter/Wrapper,1,2,3,0,0,0
4819,Fresh,Meat Lead,1,0,1,0,0,0
4819,Fresh,Prepared Food Lead,1,0,1,0,0,0
4819,Fresh,Produce,3,5,8,1,0,1
4819,Fresh,Produce Lead,1,0,1,0,0,0
4819,Fresh,Senior Meat Cutter,4,2,6,0,0,0
4819,Member Team,Member Assist,4,5,9,0,0,0
4819,Member Team,Member Frontline,9,26,35,0,-1,-1
4819,Member Team,Member Specialist,9,4,13,0,1,1
4819,Member Team,Member Support,0,0,0,0,0,0
4819,Member Team,Member Team Lead,5,0,5,0,0,0
4819,Merchandising Team,Backroom Associate,5,0,5,0,0,0
4819,Merchandising Team,Forklift Driver,6,0,6,1,0,1
4819,Merchandising Team,Merchandising,12,13,25,-1,1,0
4819,Merchandising Team,Merchandising Lead,4,0,4,0,0,0
4819,Personal Shopper,Personal Shopper,6,4,10,-1,4,3
4819,Personal Shopper,Personal Shopper Lead,1,0,1,0,0,0
4819,Specialty,Fuel/Car Wash,2,1,3,0,0,0
4819,Specialty,Maintenance,3,3,6,0,0,0
4819,Specialty,Optical,1,1,2,0,0,0
4819,Specialty,Pharmacy Tech,2,1,3,0,0,0
4819,Specialty,TBC Lead,1,0,1,0,0,0
4819,Specialty,TBC Tire Tech,4,1,5,0,0,0
4824,Fresh,Baker/Packager,2,4,6,0,1,1
4824,Fresh,Bakery Lead,1,0,1,0,0,0
4824,Fresh,Café,5,6,11,0,-1,-1
4824,Fresh,Cake Decorator,3,0,3,0,0,0
4824,Fresh,Freezer/Cooler/Deli,4,3,7,1,0,1
4824,Fresh,HMS/Rotisserie,4,3,7,0,0,0
4824,Fresh,Meat Cutter/Wrapper,2,4,6,0,0,0
4824,Fresh,Meat Lead,1,0,1,0,0,0
4824,Fresh,Prepared Food Lead,1,0,1,0,0,0
4824,Fresh,Produce,3,6,9,0,1,1
4824,Fresh,Produce Lead,1,0,1,0,0,0
4824,Fresh,Senior Meat Cutter,3,1,4,0,0,0
4824,Member Team,Member Assist,4,5,9,0,0,0
4824,Member Team,Member Frontline,8,21,29,0,0,0
4824,Member Team,Member Specialist,6,3,9,0,0,0
4824,Member Team,Member Support,0,0,0,0,0,0
4824,Member Team,Member Team Lead,6,0,6,0,0,0
4824,Merchandising Team,Backroom Associate,5,0,5,1,0,1
4824,Merchandising Team,Forklift Driver,5,0,5,0,0,0
4824,Merchandising Team,Merchandising,12,12,24,0,2,2
4824,Merchandising Team,Merchandising Lead,4,0,4,0,0,0
4824,Personal Shopper,Personal Shopper,5,3,8,-1,2,1
4824,Personal Shopper,Personal Shopper Lead,1,0,1,0,0,0
4824,Specialty,Fuel/Car Wash,2,1,3,0,0,0
4824,Specialty,Maintenance,3,3,6,0,0,0
4824,Specialty,Optical,1,1,2,0,0,0
4824,Specialty,Pharmacy Tech,1,2,3,0,0,0
4824,Specialty,TBC Lead,1,0,1,0,0,0
4824,Specialty,TBC Tire Tech,4,2,6,0,0,0
6405,Fresh,Baker/Packager,3,2,5,0,1,1
6405,Fresh,Bakery Lead,1,0,1,0,0,0
6405,Fresh,Café,4,6,10,0,-1,-1
6405,Fresh,Cake Decorator,3,1,4,0,0,0
6405,Fresh,Freezer/Cooler/Deli,4,3,7,1,0,1
6405,Fresh,HMS/Rotisserie,3,4,7,0,0,0
6405,Fresh,Meat Cutter/Wrapper,1,2,3,0,0,0
6405,Fresh,Meat Lead,1,0,1,0,0,0
6405,Fresh,Prepared Food Lead,1,0,1,0,0,0
6405,Fresh,Produce,3,4,7,0,1,1
6405,Fresh,Produce Lead,1,0,1,0,0,0
6405,Fresh,Senior Meat Cutter,4,1,5,0,0,0
6405,Member Team,Member Assist,5,4,9,0,0,0
6405,Member Team,Member Frontline,9,22,31,0,0,0
6405,Member Team,Member Specialist,8,4,12,0,0,0
6405,Member Team,Member Support,0,0,0,0,0,0
6405,Member Team,Member Team Lead,5,0,5,0,0,0
6405,Merchandising Team,Backroom Associate,5,0,5,1,0,1
6405,Merchandising Team,Forklift Driver,6,0,6,1,0,1
6405,Merchandising Team,Merchandising,12,11,23,-1,1,0
6405,Merchandising Team,Merchandising Lead,4,0,4,0,0,0
6405,Personal Shopper,Personal Shopper,6,3,9,0,1,1
6405,Personal Shopper,Personal Shopper Lead,1,0,1,0,0,0
6405,Specialty,Fuel/Car Wash,2,1,3,0,0,0
6405,Specialty,Maintenance,3,3,6,0,0,0
6405,Specialty,Optical,1,1,2,0,0,0
6405,Specialty,Pharmacy Tech,3,3,6,0,0,0
6405,Specialty,TBC Lead,1,0,1,0,0,0
6405,Specialty,TBC Tire Tech,4,2,6,0,0,0
6410,Fresh,Baker/Packager,4,4,8,-1,2,1
6410,Fresh,Bakery Lead,1,0,1,0,0,0
6410,Fresh,Café,7,8,15,0,-1,-1
6410,Fresh,Cake Decorator,2,1,3,-1,0,-1
6410,Fresh,Freezer/Cooler/Deli,6,5,11,2,0,2
6410,Fresh,HMS/Rotisserie,5,6,11,0,0,0
6410,Fresh,Meat Cutter/Wrapper,4,4,8,0,0,0
6410,Fresh,Meat Lead,1,0,1,0,0,0
6410,Fresh,Prepared Food Lead,1,0,1,0,0,0
6410,Fresh,Produce,5,7,12,0,2,2
6410,Fresh,Produce Lead,1,0,1,0,0,0
6410,Fresh,Senior Meat Cutter,7,1,8,0,0,0
6410,Member Team,Member Assist,5,11,16,0,0,0
6410,Member Team,Member Frontline,11,32,43,0,-1,-1
6410,Member Team,Member Specialist,12,6,18,0,1,1
6410,Member Team,Member Support,0,0,0,0,0,0
6410,Member Team,Member Team Lead,6,0,6,0,0,0
6410,Merchandising Team,Backroom Associate,6,0,6,0,0,0
6410,Merchandising Team,Forklift Driver,7,0,7,0,0,0
6410,Merchandising Team,Merchandising,18,16,34,0,0,0
6410,Merchandising Team,Merchandising Lead,4,0,4,0,0,0
6410,Personal Shopper,Personal Shopper,12,5,17,0,4,4
6410,Personal Shopper,Personal Shopper Lead,1,0,1,0,0,0
6410,Specialty,Fuel/Car Wash,2,1,3,0,0,0
6410,Specialty,Maintenance,5,3,8,0,0,0
6410,Specialty,Optical,2,2,4,0,0,0
6410,Specialty,Pharmacy Tech,2,2,4,0,0,0
6410,Specialty,TBC Lead,1,0,1,0,0,0
6410,Specialty,TBC Tire Tech,6,4,10,0,0,0
6433,Fresh,Baker/Packager,2,1,3,0,0,0
6433,Fresh,Bakery Lead,1,0,1,0,0,0
6433,Fresh,Café,4,5,9,1,-1,0
6433,Fresh,Cake Decorator,3,0,3,0,0,0
6433,Fresh,Freezer/Cooler/Deli,3,2,5,0,1,1
6433,Fresh,HMS/Rotisserie,3,2,5,0,1,1
6433,Fresh,Meat Cutter/Wrapper,1,1,2,0,0,0
6433,Fresh,Meat Lead,1,0,1,0,0,0
6433,Fresh,Prepared Food Lead,1,0,1,0,0,0
6433,Fresh,Produce,2,4,6,0,1,1
6433,Fresh,Produce Lead,1,0,1,0,0,0
6433,Fresh,Senior Meat Cutter,3,1,4,0,0,0
6433,Member Team,Member Assist,3,3,6,0,0,0
6433,Member Team,Member Frontline,6,18,24,0,0,0
6433,Member Team,Member Specialist,5,2,7,0,0,0
6433,Member Team,Member Support,0,0,0,0,0,0
6433,Member Team,Member Team Lead,5,0,5,0,0,0
6433,Merchandising Team,Backroom Associate,4,0,4,0,0,0
6433,Merchandising Team,Forklift Driver,4,0,4,0,0,0
6433,Merchandising Team,Merchandising,9,8,17,0,0,0
6433,Merchandising Team,Merchandising Lead,4,0,4,0,0,0
6433,Personal Shopper,Personal Shopper,4,2,6,-1,2,1
6433,Personal Shopper,Personal Shopper Lead,1,0,1,0,0,0
6433,Specialty,Fuel/Car Wash,2,1,3,0,0,0
6433,Specialty,Maintenance,3,1,4,0,0,0
6433,Specialty,Optical,2,1,3,0,0,0
6433,Specialty,Pharmacy Tech,1,1,2,0,0,0
6433,Specialty,TBC Lead,1,0,1,0,0,0
6433,Specialty,TBC Tire Tech,3,2,5,0,0,0
6455,Fresh,Baker/Packager,3,3,6,0,1,1
6455,Fresh,Bakery Lead,1,0,1,0,0,0
6455,Fresh,Café,5,5,10,0,-1,-1
6455,Fresh,Cake Decorator,3,1,4,0,0,0
6455,Fresh,Freezer/Cooler/Deli,4,4,8,1,0,1
6455,Fresh,HMS/Rotisserie,4,4,8,0,0,0
6455,Fresh,Meat Cutter/Wrapper,1,2,3,0,0,0
6455,Fresh,Meat Lead,1,0,1,0,0,0
6455,Fresh,Prepared Food Lead,1,0,1,0,0,0
6455,Fresh,Produce,4,4,8,1,1,2
6455,Fresh,Produce Lead,1,0,1,0,0,0
6455,Fresh,Senior Meat Cutter,4,1,5,0,0,0
6455,Member Team,Member Assist,3,6,9,0,1,1
6455,Member Team,Member Frontline,9,21,30,0,0,0
6455,Member Team,Member Specialist,9,3,12,0,0,0
6455,Member Team,Member Support,0,0,0,0,0,0
6455,Member Team,Member Team Lead,6,0,6,0,0,0
6455,Merchandising Team,Backroom Associate,5,0,5,0,0,0
6455,Merchandising Team,Forklift Driver,5,0,5,0,0,0
6455,Merchandising Team,Merchandising,12,12,24,1,1,2
6455,Merchandising Team,Merchandising Lead,4,0,4,0,0,0
6455,Personal Shopper,Personal Shopper,6,2,8,0,0,0
6455,Personal Shopper,Personal Shopper Lead,1,0,1,0,0,0
6455,Specialty,Maintenance,4,2,6,0,0,0
6455,Specialty,Optical,1,1,2,0,0,0
6455,Specialty,Pharmacy Tech,3,1,4,0,0,0
6455,Specialty,TBC Lead,1,0,1,0,0,0
6455,Specialty,TBC Tire Tech,3,3,6,0,0,0
6612,Fresh,Baker/Packager,2,5,7,0,1,1
6612,Fresh,Bakery Lead,1,0,1,0,0,0
6612,Fresh,Café,4,7,11,0,-1,-1
6612,Fresh,Cake Decorator,2,2,4,0,0,0
6612,Fresh,Freezer/Cooler/Deli,4,3,7,1,0,1
6612,Fresh,HMS/Rotisserie,3,4,7,0,0,0
6612,Fresh,Meat Cutter/Wrapper,1,2,3,0,0,0
6612,Fresh,Meat Lead,1,0,1,0,0,0
6612,Fresh,Prepared Food Lead,1,0,1,0,0,0
6612,Fresh,Produce,3,5,8,0,1,1
6612,Fresh,Produce Lead,1,0,1,0,0,0
6612,Fresh,Senior Meat Cutter,4,1,5,0,0,0
6612,Member Team,Member Assist,3,6,9,0,0,0
6612,Member Team,Member Frontline,8,17,25,0,0,0
6612,Member Team,Member Specialist,8,3,11,0,0,0
6612,Member Team,Member Support,0,0,0,0,0,0
6612,Member Team,Member Team Lead,5,0,5,0,0,0
6612,Merchandising Team,Backroom Associate,4,0,4,0,0,0
6612,Merchandising Team,Forklift Driver,5,0,5,0,0,0
6612,Merchandising Team,Merchandising,12,11,23,0,0,0
6612,Merchandising Team,Merchandising Lead,4,0,4,0,0,0
6612,Personal Shopper,Personal Shopper,5,2,7,0,1,1
6612,Personal Shopper,Personal Shopper Lead,1,0,1,0,0,0
6612,Specialty,Maintenance,3,3,6,0,0,0
6612,Specialty,Pharmacy Tech,1,1,2,0,0,0
6612,Specialty,TBC Lead,1,0,1,0,0,0
6612,Specialty,TBC Tire Tech,3,3,6,0,0,0
6612,Specialty,Wholesale Trading,3,0,3,0,0,0
6612,Specialty,Wholesale Trading Lead,2,0,2,0,0,0
6620,Fresh,Baker/Packager,2,2,4,0,1,1
6620,Fresh,Bakery Lead,1,0,1,0,0,0
6620,Fresh,Café,3,5,8,1,-1,0
6620,Fresh,Cake Decorator,2,1,3,0,0,0
6620,Fresh,Freezer/Cooler/Deli,3,2,5,0,0,0
6620,Fresh,HMS/Rotisserie,3,2,5,0,0,0
6620,Fresh,Meat Cutter/Wrapper,1,2,3,0,0,0
6620,Fresh,Meat Lead,1,0,1,0,0,0
6620,Fresh,Prepared Food Lead,1,0,1,0,0,0
6620,Fresh,Produce,2,5,7,0,1,1
6620,Fresh,Produce Lead,1,0,1,0,0,0
6620,Fresh,Senior Meat Cutter,3,1,4,0,0,0
6620,Member Team,Member Assist,3,4,7,0,0,0
6620,Member Team,Member Frontline,6,15,21,0,0,0
6620,Member Team,Member Specialist,5,3,8,0,1,1
6620,Member Team,Member Support,0,0,0,0,0,0
6620,Member Team,Member Team Lead,5,0,5,0,0,0
6620,Merchandising Team,Backroom Associate,4,0,4,0,0,0
6620,Merchandising Team,Forklift Driver,4,0,4,0,0,0
6620,Merchandising Team,Merchandising,8,9,17,0,0,0
6620,Merchandising Team,Merchandising Lead,4,0,4,0,0,0
6620,Personal Shopper,Personal Shopper,4,3,7,-1,3,2
6620,Personal Shopper,Personal Shopper Lead,1,0,1,0,0,0
6620,Specialty,Fuel/Car Wash,2,1,3,0,0,0
6620,Specialty,Maintenance,3,0,3,0,0,0
6620,Specialty,Optical,1,1,2,0,0,0
6620,Specialty,Pharmacy Tech,1,2,3,0,0,0
6620,Specialty,TBC Lead,1,0,1,0,0,0
6620,Specialty,TBC Tire Tech,3,3,6,0,0,0
6621,Fresh,Baker/Packager,2,4,6,0,1,1
6621,Fresh,Bakery Lead,1,0,1,0,0,0
6621,Fresh,Café,4,3,7,0,0,0
6621,Fresh,Cake Decorator,2,1,3,0,0,0
6621,Fresh,Freezer/Cooler/Deli,3,3,6,0,0,0
6621,Fresh,HMS/Rotisserie,3,4,7,0,0,0
6621,Fresh,Meat Cutter/Wrapper,1,2,3,0,0,0
6621,Fresh,Meat Lead,1,0,1,0,0,0
6621,Fresh,Prepared Food Lead,1,0,1,0,0,0
6621,Fresh,Produce,3,5,8,0,1,1
6621,Fresh,Produce Lead,1,0,1,0,0,0
6621,Fresh,Senior Meat Cutter,4,1,5,0,0,0
6621,Member Team,Member Assist,3,6,9,0,0,0
6621,Member Team,Member Frontline,9,25,34,2,0,2
6621,Member Team,Member Specialist,7,4,11,0,0,0
6621,Member Team,Member Support,0,0,0,0,0,0
6621,Member Team,Member Team Lead,5,0,5,0,0,0
6621,Merchandising Team,Backroom Associate,5,0,5,0,0,0
6621,Merchandising Team,Forklift Driver,5,0,5,0,0,0
6621,Merchandising Team,Merchandising,12,11,23,0,0,0
6621,Merchandising Team,Merchandising Lead,4,0,4,0,0,0
6621,Personal Shopper,Personal Shopper,12,7,19,3,4,7
6621,Personal Shopper,Personal Shopper Lead,1,0,1,0,0,0
6621,Specialty,Fuel/Car Wash,2,1,3,0,0,0
6621,Specialty,Maintenance,3,3,6,0,0,0
6621,Specialty,Optical,1,1,2,0,0,0
6621,Specialty,Pharmacy Tech,2,0,2,0,0,0
6621,Specialty,TBC Lead,1,0,1,0,0,0
6621,Specialty,TBC Tire Tech,4,2,6,0,0,0
6622,Fresh,Baker/Packager,4,2,6,1,0,1
6622,Fresh,Bakery Lead,1,0,1,0,0,0
6622,Fresh,Café,5,5,10,0,-1,-1
6622,Fresh,Cake Decorator,3,1,4,0,0,0
6622,Fresh,Freezer/Cooler/Deli,4,3,7,1,0,1
6622,Fresh,HMS/Rotisserie,4,2,6,0,0,0
6622,Fresh,Meat Cutter/Wrapper,2,2,4,0,0,0
6622,Fresh,Meat Lead,1,0,1,0,0,0
6622,Fresh,Prepared Food Lead,1,0,1,0,0,0
6622,Fresh,Produce,3,6,9,0,1,1
6622,Fresh,Produce Lead,1,0,1,0,0,0
6622,Fresh,Senior Meat Cutter,3,1,4,0,0,0
6622,Member Team,Member Assist,4,6,10,0,0,0
6622,Member Team,Member Frontline,8,21,29,0,0,0
6622,Member Team,Member Specialist,5,4,9,0,0,0
6622,Member Team,Member Support,0,0,0,0,0,0
6622,Member Team,Member Team Lead,5,0,5,0,0,0
6622,Merchandising Team,Backroom Associate,4,0,4,0,0,0
6622,Merchandising Team,Forklift Driver,5,0,5,0,0,0
6622,Merchandising Team,Merchandising,11,11,22,0,0,0
6622,Merchandising Team,Merchandising Lead,4,0,4,0,0,0
6622,Personal Shopper,Personal Shopper,6,4,10,-1,4,3
6622,Personal Shopper,Personal Shopper Lead,1,0,1,0,0,0
6622,Specialty,Asset Protection,1,0,1,0,0,0
6622,Specialty,Fuel/Car Wash,2,1,3,0,0,0
6622,Specialty,Maintenance,3,4,7,0,0,0
6622,Specialty,Pharmacy Tech,1,2,3,0,0,0
6622,Specialty,TBC Lead,1,0,1,0,0,0
6622,Specialty,TBC Tire Tech,4,2,6,0,0,0
4709,Fresh,Baker/Packager,4,3,7,0,1,1
4709,Fresh,Bakery Lead,1,0,1,0,0,0
4709,Fresh,Café,7,8,15,0,-1,-1
4709,Fresh,Cake Decorator,3,2,5,0,0,0
4709,Fresh,Freezer/Cooler/Deli,4,5,9,1,0,1
4709,Fresh,HMS/Rotisserie,6,5,11,0,1,1
4709,Fresh,Meat Cutter/Wrapper,3,2,5,0,0,0
4709,Fresh,Meat Lead,1,0,1,0,0,0
4709,Fresh,Prepared Food Lead,1,0,1,0,0,0
4709,Fresh,Produce,4,8,12,0,2,2
4709,Fresh,Produce Lead,1,0,1,0,0,0
4709,Fresh,Senior Meat Cutter,4,1,5,0,1,1
4709,Member Team,Member Assist,4,6,10,0,0,0
4709,Member Team,Member Frontline,9,23,32,0,0,0
4709,Member Team,Member Specialist,7,5,12,0,0,0
4709,Member Team,Member Support,0,0,0,0,0,0
4709,Member Team,Member Team Lead,6,0,6,0,0,0
4709,Merchandising Team,Backroom Associate,5,0,5,0,0,0
4709,Merchandising Team,Forklift Driver,6,0,6,0,0,0
4709,Merchandising Team,Merchandising,14,14,28,0,2,2
4709,Merchandising Team,Merchandising Lead,4,0,4,0,0,0
4709,Personal Shopper,Personal Shopper,7,4,11,-1,2,1
4709,Personal Shopper,Personal Shopper Lead,1,0,1,0,0,0
4709,Specialty,Fuel/Car Wash,2,1,3,0,0,0
4709,Specialty,Maintenance,4,2,6,0,0,0
4709,Specialty,Optical,2,1,3,0,0,0
4709,Specialty,Pharmacy Tech,2,1,3,0,0,0
4709,Specialty,TBC Lead,1,0,1,0,0,0
4709,Specialty,TBC Tire Tech,4,3,7,0,0,0
4735,Fresh,Baker/Packager,3,3,6,0,1,1
4735,Fresh,Bakery Lead,1,0,1,0,0,0
4735,Fresh,Café,4,8,12,0,1,1
4735,Fresh,Cake Decorator,3,1,4,0,0,0
4735,Fresh,Freezer/Cooler/Deli,4,3,7,1,0,1
4735,Fresh,HMS/Rotisserie,4,4,8,0,1,1
4735,Fresh,Meat Cutter/Wrapper,1,2,3,0,0,0
4735,Fresh,Meat Lead,1,0,1,0,0,0
4735,Fresh,Prepared Food Lead,1,0,1,0,0,0
4735,Fresh,Produce,4,5,9,1,0,1
4735,Fresh,Produce Lead,1,0,1,0,0,0
4735,Fresh,Senior Meat Cutter,4,2,6,0,0,0
4735,Member Team,Member Assist,4,5,9,0,0,0
4735,Member Team,Member Frontline,8,19,27,0,0,0
4735,Member Team,Member Specialist,6,5,11,0,2,2
4735,Member Team,Member Support,0,0,0,0,0,0
4735,Member Team,Member Team Lead,6,0,6,0,0,0
4735,Merchandising Team,Backroom Associate,5,0,5,1,0,1
4735,Merchandising Team,Forklift Driver,5,0,5,0,0,0
4735,Merchandising Team,Merchandising,10,12,22,0,0,0
4735,Merchandising Team,Merchandising Lead,4,0,4,0,0,0
4735,Personal Shopper,Personal Shopper,7,4,11,-1,2,1
4735,Personal Shopper,Personal Shopper Lead,1,0,1,0,0,0
4735,Specialty,Fuel/Car Wash,2,1,3,0,0,0
4735,Specialty,Maintenance,3,3,6,0,0,0
4735,Specialty,Optical,1,1,2,0,0,0
4735,Specialty,Pharmacy Tech,2,0,2,0,0,0
4735,Specialty,TBC Lead,1,0,1,0,0,0
4735,Specialty,TBC Tire Tech,4,3,7,0,0,0
4822,Fresh,Baker/Packager,4,3,7,0,1,1
4822,Fresh,Bakery Lead,1,0,1,0,0,0
4822,Fresh,Café,6,6,12,0,-1,-1
4822,Fresh,Cake Decorator,3,1,4,0,0,0
4822,Fresh,Freezer/Cooler/Deli,5,4,9,1,0,1
4822,Fresh,HMS/Rotisserie,5,5,10,0,0,0
4822,Fresh,Meat Cutter/Wrapper,1,2,3,0,0,0
4822,Fresh,Meat Lead,1,0,1,0,0,0
4822,Fresh,Prepared Food Lead,1,0,1,0,0,0
4822,Fresh,Produce,5,6,11,1,1,2
4822,Fresh,Produce Lead,1,0,1,0,0,0
4822,Fresh,Senior Meat Cutter,5,1,6,0,1,1
4822,Member Team,Member Assist,4,7,11,0,0,0
4822,Member Team,Member Frontline,9,22,31,0,0,0
4822,Member Team,Member Specialist,6,5,11,0,1,1
4822,Member Team,Member Support,0,0,0,0,0,0
4822,Member Team,Member Team Lead,6,0,6,0,0,0
4822,Merchandising Team,Backroom Associate,5,0,5,0,0,0
4822,Merchandising Team,Forklift Driver,6,0,6,0,0,0
4822,Merchandising Team,Merchandising,16,14,30,0,1,1
4822,Merchandising Team,Merchandising Lead,4,0,4,0,0,0
4822,Personal Shopper,Personal Shopper,8,3,11,-1,2,1
4822,Personal Shopper,Personal Shopper Lead,1,0,1,0,0,0
4822,Specialty,Fuel/Car Wash,2,1,3,0,0,0
4822,Specialty,Maintenance,4,3,7,0,0,0
4822,Specialty,Optical,2,1,3,0,0,0
4822,Specialty,Pharmacy Tech,2,1,3,0,0,0
4822,Specialty,TBC Lead,1,0,1,0,0,0
4822,Specialty,TBC Tire Tech,4,3,7,0,0,0
6235,Fresh,Baker/Packager,3,2,5,0,1,1
6235,Fresh,Bakery Lead,1,0,1,0,0,0
6235,Fresh,Café,5,5,10,0,-1,-1
6235,Fresh,Cake Decorator,3,1,4,0,0,0
6235,Fresh,Freezer/Cooler/Deli,3,3,6,0,0,0
6235,Fresh,HMS/Rotisserie,3,4,7,0,0,0
6235,Fresh,Meat Cutter/Wrapper,1,2,3,0,0,0
6235,Fresh,Meat Lead,1,0,1,0,0,0
6235,Fresh,Prepared Food Lead,1,0,1,0,0,0
6235,Fresh,Produce,3,5,8,1,0,1
6235,Fresh,Produce Lead,1,0,1,0,0,0
6235,Fresh,Senior Meat Cutter,3,1,4,0,0,0
6235,Member Team,Member Assist,3,5,8,0,0,0
6235,Member Team,Member Frontline,8,19,27,0,0,0
6235,Member Team,Member Specialist,6,4,10,0,1,1
6235,Member Team,Member Support,0,0,0,0,0,0
6235,Member Team,Member Team Lead,5,0,5,0,0,0
6235,Merchandising Team,Backroom Associate,4,0,4,0,0,0
6235,Merchandising Team,Forklift Driver,5,0,5,0,0,0
6235,Merchandising Team,Merchandising,11,11,22,0,2,2
6235,Merchandising Team,Merchandising Lead,4,0,4,0,0,0
6235,Personal Shopper,Personal Shopper,4,3,7,-1,2,1
6235,Personal Shopper,Personal Shopper Lead,1,0,1,0,0,0
6235,Specialty,Maintenance,3,2,5,0,0,0
6235,Specialty,Optical,2,1,3,0,0,0
6235,Specialty,Pharmacy Tech,2,2,4,0,0,0
6235,Specialty,TBC Lead,1,0,1,0,0,0
6235,Specialty,TBC Tire Tech,4,2,6,0,0,0
6235,Specialty,Wholesale Trading Lead,0,0,0,0,0,0
6240,Fresh,Baker/Packager,3,2,5,0,1,1
6240,Fresh,Bakery Lead,1,0,1,0,0,0
6240,Fresh,Café,5,7,12,0,-1,-1
6240,Fresh,Cake Decorator,3,1,4,0,0,0
6240,Fresh,Freezer/Cooler/Deli,3,3,6,0,0,0
6240,Fresh,HMS/Rotisserie,5,4,9,0,1,1
6240,Fresh,Meat Cutter/Wrapper,1,2,3,0,0,0
6240,Fresh,Meat Lead,1,0,1,0,0,0
6240,Fresh,Prepared Food Lead,1,0,1,0,0,0
6240,Fresh,Produce,4,5,9,0,1,1
6240,Fresh,Produce Lead,1,0,1,0,0,0
6240,Fresh,Senior Meat Cutter,4,1,5,0,0,0
6240,Member Team,Member Assist,3,6,9,0,0,0
6240,Member Team,Member Frontline,7,19,26,0,0,0
6240,Member Team,Member Specialist,8,3,11,0,0,0
6240,Member Team,Member Support,0,0,0,0,0,0
6240,Member Team,Member Team Lead,5,0,5,0,0,0
6240,Merchandising Team,Backroom Associate,4,0,4,0,0,0
6240,Merchandising Team,Forklift Driver,5,0,5,0,0,0
6240,Merchandising Team,Merchandising,11,12,23,0,0,0
6240,Merchandising Team,Merchandising Lead,4,0,4,0,0,0
6240,Personal Shopper,Personal Shopper,6,2,8,-1,2,1
6240,Personal Shopper,Personal Shopper Lead,1,0,1,0,0,0
6240,Specialty,Fuel/Car Wash,2,1,3,0,0,0
6240,Specialty,Maintenance,3,3,6,0,0,0
6240,Specialty,Optical,2,0,2,0,0,0
6240,Specialty,Pharmacy Tech,2,0,2,0,0,0
6240,Specialty,TBC Lead,1,0,1,0,0,0
6240,Specialty,TBC Tire Tech,4,3,7,0,0,0
6378,Fresh,Baker/Packager,4,2,6,1,1,2
6378,Fresh,Bakery Lead,1,0,1,0,0,0
6378,Fresh,Café,5,8,13,0,1,1
6378,Fresh,Cake Decorator,3,3,6,0,0,0
6378,Fresh,Freezer/Cooler/Deli,4,4,8,1,0,1
6378,Fresh,HMS/Rotisserie,3,3,6,0,0,0
6378,Fresh,Meat Cutter/Wrapper,1,2,3,0,0,0
6378,Fresh,Meat Lead,1,0,1,0,0,0
6378,Fresh,Prepared Food Lead,1,0,1,0,0,0
6378,Fresh,Produce,3,4,7,0,1,1
6378,Fresh,Produce Lead,1,0,1,0,0,0
6378,Fresh,Senior Meat Cutter,3,1,4,0,0,0
6378,Member Team,Member Assist,4,6,10,0,0,0
6378,Member Team,Member Frontline,8,21,29,0,0,0
6378,Member Team,Member Specialist,9,3,12,0,0,0
6378,Member Team,Member Support,0,0,0,0,0,0
6378,Member Team,Member Team Lead,5,0,5,0,0,0
6378,Merchandising Team,Backroom Associate,5,0,5,1,0,1
6378,Merchandising Team,Forklift Driver,6,0,6,1,0,1
6378,Merchandising Team,Merchandising,13,13,26,-1,1,0
6378,Merchandising Team,Merchandising Lead,4,0,4,0,0,0
6378,Personal Shopper,Personal Shopper,6,2,8,0,0,0
6378,Personal Shopper,Personal Shopper Lead,1,0,1,0,0,0
6378,Specialty,Fuel/Car Wash,2,1,3,0,0,0
6378,Specialty,Maintenance,3,3,6,0,0,0
6378,Specialty,Optical,2,0,2,0,0,0
6378,Specialty,Pharmacy Tech,1,2,3,0,0,0
6378,Specialty,TBC Lead,1,0,1,0,0,0
6378,Specialty,TBC Tire Tech,6,2,8,0,0,0
6522,Merchandising Team,Backroom Associate,6,0,6,-2,0,-2
6522,Merchandising Team,Merchandising,9,6,15,-3,6,3
6522,Specialty,18-994-461 Receiving Dock_Day (T),0,0,0,0,0,0
6522,Specialty,18-994-602 Receiving Office (T),0,0,0,0,0,0
6522,Specialty,18-994-603 Claims (T),0,0,0,0,0,0
6522,Specialty,Asset Protection,2,0,2,0,0,0
6522,Specialty,Maintenance,2,0,2,0,0,0
6522,Specialty,Wholesale Trading,30,0,30,0,0,0
6522,Specialty,Wholesale Trading Lead,3,0,3,0,0,0
6522,Specialty,Yard Driver,0,0,0,-1,0,-1
6609,Fresh,Baker/Packager,2,2,4,0,0,0
6609,Fresh,Bakery Lead,1,0,1,0,0,0
6609,Fresh,Café,4,8,12,0,0,0
6609,Fresh,Cake Decorator,2,1,3,0,-1,-1
6609,Fresh,Freezer/Cooler/Deli,3,2,5,0,0,0
6609,Fresh,HMS/Rotisserie,3,4,7,0,0,0
6609,Fresh,Meat Cutter/Wrapper,1,2,3,0,0,0
6609,Fresh,Meat Lead,1,0,1,0,0,0
6609,Fresh,Prepared Food Lead,1,0,1,0,0,0
6609,Fresh,Produce,2,4,6,0,1,1
6609,Fresh,Produce Lead,1,0,1,0,0,0
6609,Fresh,Senior Meat Cutter,3,1,4,0,0,0
6609,Member Team,Member Assist,3,4,7,0,0,0
6609,Member Team,Member Frontline,7,20,27,0,0,0
6609,Member Team,Member Specialist,5,5,10,0,0,0
6609,Member Team,Member Support,0,0,0,0,0,0
6609,Member Team,Member Team Lead,5,0,5,0,0,0
6609,Merchandising Team,Backroom Associate,4,0,4,0,0,0
6609,Merchandising Team,Forklift Driver,4,0,4,0,0,0
6609,Merchandising Team,Merchandising,10,10,20,0,0,0
6609,Merchandising Team,Merchandising Lead,4,0,4,0,0,0
6609,Personal Shopper,Personal Shopper,6,2,8,0,0,0
6609,Personal Shopper,Personal Shopper Lead,1,0,1,0,0,0
6609,Specialty,Fuel/Car Wash,2,1,3,0,0,0
6609,Specialty,Maintenance,3,2,5,0,0,0
6609,Specialty,Optical,1,1,2,0,0,0
6609,Specialty,Pharmacy Tech,1,2,3,0,0,0
6609,Specialty,TBC Lead,1,0,1,0,0,0
6609,Specialty,TBC Tire Tech,4,1,5,0,0,0
6610,Fresh,Baker/Packager,3,3,6,0,2,2
6610,Fresh,Bakery Lead,1,0,1,0,0,0
6610,Fresh,Café,6,8,14,0,-1,-1
6610,Fresh,Cake Decorator,3,1,4,0,0,0
6610,Fresh,Freezer/Cooler/Deli,4,4,8,1,0,1
6610,Fresh,HMS/Rotisserie,4,5,9,0,0,0
6610,Fresh,Meat Cutter/Wrapper,1,2,3,0,0,0
6610,Fresh,Meat Lead,1,0,1,0,0,0
6610,Fresh,Prepared Food Lead,1,0,1,0,0,0
6610,Fresh,Produce,4,5,9,1,1,2
6610,Fresh,Produce Lead,1,0,1,0,0,0
6610,Fresh,Senior Meat Cutter,4,1,5,0,0,0
6610,Member Team,Member Assist,4,5,9,0,0,0
6610,Member Team,Member Frontline,8,19,27,0,0,0
6610,Member Team,Member Specialist,9,3,12,0,0,0
6610,Member Team,Member Support,0,0,0,0,0,0
6610,Member Team,Member Team Lead,6,0,6,0,0,0
6610,Merchandising Team,Backroom Associate,5,0,5,1,0,1
6610,Merchandising Team,Forklift Driver,6,0,6,1,0,1
6610,Merchandising Team,Merchandising,12,12,24,-1,1,0
6610,Merchandising Team,Merchandising Lead,4,0,4,0,0,0
6610,Personal Shopper,Personal Shopper,7,4,11,-1,2,1
6610,Personal Shopper,Personal Shopper Lead,1,0,1,0,0,0
6610,Specialty,Fuel/Car Wash,2,1,3,0,0,0
6610,Specialty,Maintenance,3,2,5,0,0,0
6610,Specialty,Optical,2,0,2,0,0,0
6610,Specialty,Pharmacy Tech,2,1,3,0,0,0
6610,Specialty,TBC Lead,1,0,1,0,0,0
6610,Specialty,TBC Tire Tech,5,3,8,0,0,0
6613,Fresh,Baker/Packager,4,2,6,1,1,2
6613,Fresh,Bakery Lead,1,0,1,0,0,0
6613,Fresh,Café,5,7,12,1,-1,0
6613,Fresh,Cake Decorator,3,1,4,0,0,0
6613,Fresh,Freezer/Cooler/Deli,4,4,8,0,0,0
6613,Fresh,HMS/Rotisserie,4,3,7,0,0,0
6613,Fresh,Meat Cutter/Wrapper,1,3,4,0,1,1
6613,Fresh,Meat Lead,1,0,1,0,0,0
6613,Fresh,Prepared Food Lead,1,0,1,0,0,0
6613,Fresh,Produce,4,5,9,1,1,2
6613,Fresh,Produce Lead,1,0,1,0,0,0
6613,Fresh,Senior Meat Cutter,4,1,5,0,0,0
6613,Member Team,Member Assist,4,5,9,0,0,0
6613,Member Team,Member Frontline,8,22,30,0,0,0
6613,Member Team,Member Specialist,6,4,10,0,1,1
6613,Member Team,Member Support,0,0,0,0,0,0
6613,Member Team,Member Team Lead,6,0,6,0,0,0
6613,Merchandising Team,Backroom Associate,5,0,5,0,0,0
6613,Merchandising Team,Forklift Driver,6,0,6,1,0,1
6613,Merchandising Team,Merchandising,13,13,26,-1,3,2
6613,Merchandising Team,Merchandising Lead,4,0,4,0,0,0
6613,Personal Shopper,Personal Shopper,5,3,8,-1,2,1
6613,Personal Shopper,Personal Shopper Lead,1,0,1,0,0,0
6613,Specialty,Fuel/Car Wash,2,1,3,0,0,0
6613,Specialty,Maintenance,3,3,6,0,0,0
6613,Specialty,Optical,1,1,2,0,0,0
6613,Specialty,Pharmacy Tech,2,2,4,0,0,0
6613,Specialty,TBC Lead,1,0,1,0,0,0
6613,Specialty,TBC Tire Tech,4,2,6,0,0,0
6613,Specialty,Wholesale Trading,1,0,1,0,0,0
6613,Specialty,Wholesale Trading Lead,0,0,0,0,0,0
6614,Fresh,Baker/Packager,4,5,9,0,2,2
6614,Fresh,Bakery Lead,1,0,1,0,0,0
6614,Fresh,Café,7,10,17,0,-1,-1
6614,Fresh,Cake Decorator,3,1,4,0,0,0
6614,Fresh,Freezer/Cooler/Deli,5,4,9,2,0,2
6614,Fresh,HMS/Rotisserie,4,5,9,0,0,0
6614,Fresh,Meat Cutter/Wrapper,2,3,5,0,2,2
6614,Fresh,Meat Lead,1,0,1,0,0,0
6614,Fresh,Prepared Food Lead,1,0,1,0,0,0
6614,Fresh,Produce,5,7,12,1,2,3
6614,Fresh,Produce Lead,1,0,1,0,0,0
6614,Fresh,Senior Meat Cutter,4,1,5,0,0,0
6614,Member Team,Member Assist,4,8,12,0,2,2
6614,Member Team,Member Frontline,8,23,31,0,3,3
6614,Member Team,Member Specialist,9,6,15,0,1,1
6614,Member Team,Member Support,0,0,0,0,0,0
6614,Member Team,Member Team Lead,6,0,6,0,0,0
6614,Merchandising Team,Backroom Associate,6,0,6,1,0,1
6614,Merchandising Team,Forklift Driver,6,0,6,0,0,0
6614,Merchandising Team,Merchandising,13,14,27,0,0,0
6614,Merchandising Team,Merchandising Lead,4,0,4,0,0,0
6614,Personal Shopper,Personal Shopper,7,4,11,-1,2,1
6614,Personal Shopper,Personal Shopper Lead,1,0,1,0,0,0
6614,Specialty,Fuel/Car Wash,2,1,3,0,0,0
6614,Specialty,Maintenance,4,3,7,0,0,0
6614,Specialty,Pharmacy Tech,2,1,3,0,0,0
6614,Specialty,TBC Lead,1,0,1,0,0,0
6614,Specialty,TBC Tire Tech,6,3,9,0,0,0
6615,Fresh,Baker/Packager,3,4,7,0,1,1
6615,Fresh,Bakery Lead,1,0,1,0,0,0
6615,Fresh,Café,5,6,11,0,-1,-1
6615,Fresh,Cake Decorator,3,1,4,0,0,0
6615,Fresh,Freezer/Cooler/Deli,4,4,8,1,1,2
6615,Fresh,HMS/Rotisserie,4,3,7,0,0,0
6615,Fresh,Meat Cutter/Wrapper,2,2,4,0,0,0
6615,Fresh,Meat Lead,1,0,1,0,0,0
6615,Fresh,Prepared Food Lead,1,0,1,0,0,0
6615,Fresh,Produce,4,6,10,1,0,1
6615,Fresh,Produce Lead,1,0,1,0,0,0
6615,Fresh,Senior Meat Cutter,3,1,4,0,0,0
6615,Member Team,Member Assist,4,7,11,0,0,0
6615,Member Team,Member Frontline,10,23,33,0,0,0
6615,Member Team,Member Specialist,8,5,13,0,0,0
6615,Member Team,Member Support,0,0,0,0,0,0
6615,Member Team,Member Team Lead,6,0,6,0,0,0
6615,Merchandising Team,Backroom Associate,5,0,5,0,0,0
6615,Merchandising Team,Forklift Driver,6,0,6,0,0,0
6615,Merchandising Team,Merchandising,14,14,28,0,1,1
6615,Merchandising Team,Merchandising Lead,4,0,4,0,0,0
6615,Personal Shopper,Personal Shopper,6,4,10,-1,2,1
6615,Personal Shopper,Personal Shopper Lead,1,0,1,0,0,0
6615,Specialty,Asset Protection,1,0,1,0,0,0
6615,Specialty,Fuel/Car Wash,2,2,4,0,0,0
6615,Specialty,Maintenance,4,3,7,0,0,0
6615,Specialty,Optical,2,1,3,0,0,0
6615,Specialty,Pharmacy Tech,2,0,2,0,0,0
6615,Specialty,TBC Lead,1,0,1,0,0,0
6615,Specialty,TBC Tire Tech,5,2,7,0,0,0
6616,Fresh,Baker/Packager,4,2,6,1,0,1
6616,Fresh,Bakery Lead,1,0,1,0,0,0
6616,Fresh,Café,5,6,11,0,-1,-1
6616,Fresh,Cake Decorator,3,1,4,0,0,0
6616,Fresh,Freezer/Cooler/Deli,4,6,10,1,1,2
6616,Fresh,HMS/Rotisserie,4,3,7,0,0,0
6616,Fresh,Meat Cutter/Wrapper,1,3,4,0,1,1
6616,Fresh,Meat Lead,1,0,1,0,0,0
6616,Fresh,Prepared Food Lead,1,0,1,0,0,0
6616,Fresh,Produce,3,7,10,0,1,1
6616,Fresh,Produce Lead,1,0,1,0,0,0
6616,Fresh,Senior Meat Cutter,3,1,4,0,0,0
6616,Member Team,Member Assist,5,5,10,0,0,0
6616,Member Team,Member Frontline,8,21,29,0,0,0
6616,Member Team,Member Specialist,9,3,12,0,0,0
6616,Member Team,Member Support,0,0,0,0,0,0
6616,Member Team,Member Team Lead,6,0,6,0,0,0
6616,Merchandising Team,Backroom Associate,5,0,5,1,0,1
6616,Merchandising Team,Forklift Driver,6,0,6,0,0,0
6616,Merchandising Team,Merchandising,14,13,27,0,0,0
6616,Merchandising Team,Merchandising Lead,4,0,4,0,0,0
6616,Personal Shopper,Personal Shopper,16,9,25,8,7,15
6616,Personal Shopper,Personal Shopper Lead,1,0,1,0,0,0
6616,Specialty,Fuel/Car Wash,2,1,3,0,0,0
6616,Specialty,Maintenance,3,4,7,0,0,0
6616,Specialty,Optical,1,1,2,0,0,0
6616,Specialty,Pharmacy Tech,1,1,2,0,0,0
6616,Specialty,TBC Lead,1,0,1,0,0,0
6616,Specialty,TBC Tire Tech,4,2,6,0,0,0
6616,Specialty,Wholesale Trading,3,0,3,0,0,0
6616,Specialty,Wholesale Trading Lead,0,0,0,0,0,0
6617,Fresh,Baker/Packager,4,2,6,0,0,0
6617,Fresh,Bakery Lead,1,0,1,0,0,0
6617,Fresh,Café,5,8,13,0,2,2
6617,Fresh,Cake Decorator,3,1,4,0,0,0
6617,Fresh,Freezer/Cooler/Deli,4,4,8,1,0,1
6617,Fresh,HMS/Rotisserie,4,4,8,0,0,0
6617,Fresh,Meat Cutter/Wrapper,2,3,5,0,0,0
6617,Fresh,Meat Lead,1,0,1,0,0,0
6617,Fresh,Prepared Food Lead,1,0,1,0,0,0
6617,Fresh,Produce,4,5,9,1,1,2
6617,Fresh,Produce Lead,1,0,1,0,0,0
6617,Fresh,Senior Meat Cutter,3,1,4,0,0,0
6617,Member Team,Member Assist,4,7,11,0,0,0
6617,Member Team,Member Frontline,10,23,33,0,0,0
6617,Member Team,Member Specialist,8,3,11,0,0,0
6617,Member Team,Member Support,0,0,0,0,0,0
6617,Member Team,Member Team Lead,6,0,6,0,0,0
6617,Merchandising Team,Backroom Associate,5,0,5,0,0,0
6617,Merchandising Team,Forklift Driver,6,0,6,0,0,0
6617,Merchandising Team,Merchandising,15,15,30,0,0,0
6617,Merchandising Team,Merchandising Lead,4,0,4,0,0,0
6617,Personal Shopper,Personal Shopper,6,4,10,-1,2,1
6617,Personal Shopper,Personal Shopper Lead,1,0,1,0,0,0
6617,Specialty,Fuel/Car Wash,2,1,3,0,0,0
6617,Specialty,Maintenance,4,3,7,0,0,0
6617,Specialty,Pharmacy Tech,2,2,4,0,0,0
6619,Fresh,Baker/Packager,4,3,7,1,0,1
6619,Fresh,Bakery Lead,1,0,1,0,0,0
6619,Fresh,Café,7,7,14,0,-1,-1
6619,Fresh,Cake Decorator,3,3,6,0,0,0
6619,Fresh,Freezer/Cooler/Deli,4,4,8,1,0,1
6619,Fresh,HMS/Rotisserie,4,4,8,0,0,0
6619,Fresh,Meat Cutter/Wrapper,4,1,5,0,0,0
6619,Fresh,Meat Lead,1,0,1,0,0,0
6619,Fresh,Prepared Food Lead,1,0,1,0,0,0
6619,Fresh,Produce,4,5,9,1,0,1
6619,Fresh,Produce Lead,1,0,1,0,0,0
6619,Fresh,Senior Meat Cutter,4,2,6,0,0,0
6619,Member Team,Member Assist,5,5,10,0,0,0
6619,Member Team,Member Frontline,11,34,45,2,5,7
6619,Member Team,Member Specialist,9,3,12,0,0,0
6619,Member Team,Member Support,0,0,0,0,0,0
6619,Member Team,Member Team Lead,6,0,6,0,0,0
6619,Merchandising Team,Backroom Associate,5,0,5,0,0,0
6619,Merchandising Team,Forklift Driver,6,0,6,0,0,0
6619,Merchandising Team,Merchandising,16,13,29,0,1,1
6619,Merchandising Team,Merchandising Lead,4,0,4,0,0,0
6619,Personal Shopper,Personal Shopper,7,4,11,-1,2,1
6619,Personal Shopper,Personal Shopper Lead,1,0,1,0,0,0
6619,Specialty,Fuel/Car Wash,2,1,3,0,0,0
6619,Specialty,Maintenance,4,2,6,0,0,0
6619,Specialty,Optical,2,0,2,0,0,0
6619,Specialty,Pharmacy Tech,1,2,3,0,0,0
6619,Specialty,TBC Lead,1,0,1,0,0,0
6619,Specialty,TBC Tire Tech,4,3,7,0,0,0
6624,Fresh,Baker/Packager,4,4,8,0,2,2
6624,Fresh,Bakery Lead,1,0,1,0,0,0
6624,Fresh,Café,6,8,14,0,1,1
6624,Fresh,Cake Decorator,3,3,6,0,0,0
6624,Fresh,Freezer/Cooler/Deli,4,4,8,1,0,1
6624,Fresh,HMS/Rotisserie,4,3,7,0,0,0
6624,Fresh,Meat Cutter/Wrapper,1,4,5,0,2,2
6624,Fresh,Meat Lead,1,0,1,0,0,0
6624,Fresh,Prepared Food Lead,1,0,1,0,0,0
6624,Fresh,Produce,3,5,8,0,1,1
6624,Fresh,Produce Lead,1,0,1,0,0,0
6624,Fresh,Senior Meat Cutter,4,1,5,0,1,1
6624,Member Team,Member Assist,4,6,10,0,0,0
6624,Member Team,Member Frontline,9,22,31,0,0,0
6624,Member Team,Member Specialist,6,5,11,0,2,2
6624,Member Team,Member Support,0,0,0,0,0,0
6624,Member Team,Member Team Lead,6,0,6,0,0,0
6624,Merchandising Team,Backroom Associate,5,0,5,1,0,1
6624,Merchandising Team,Forklift Driver,6,0,6,0,0,0
6624,Merchandising Team,Merchandising,13,13,26,0,1,1
6624,Merchandising Team,Merchandising Lead,4,0,4,0,0,0
6624,Personal Shopper,Personal Shopper,6,2,8,0,0,0
6624,Personal Shopper,Personal Shopper Lead,1,0,1,0,0,0
6624,Specialty,Asset Protection,1,0,1,0,0,0
6624,Specialty,Fuel/Car Wash,2,1,3,0,0,0
6624,Specialty,Maintenance,4,2,6,0,0,0
6624,Specialty,Optical,2,0,2,0,0,0
6624,Specialty,Pharmacy Tech,2,0,2,0,0,0
6624,Specialty,TBC Lead,1,0,1,0,0,0
6624,Specialty,TBC Tire Tech,4,2,6,0,0,0
6626,Fresh,Baker/Packager,5,1,6,0,0,0
6626,Fresh,Bakery Lead,1,0,1,0,0,0
6626,Fresh,Café,4,7,11,0,1,1
6626,Fresh,Cake Decorator,3,1,4,0,0,0
6626,Fresh,Freezer/Cooler/Deli,5,4,9,2,0,2
6626,Fresh,HMS/Rotisserie,4,3,7,0,0,0
6626,Fresh,Meat Cutter/Wrapper,1,2,3,0,0,0
6626,Fresh,Meat Lead,1,0,1,0,0,0
6626,Fresh,Prepared Food Lead,1,0,1,0,0,0
6626,Fresh,Produce,4,3,7,1,0,1
6626,Fresh,Produce Lead,1,0,1,0,0,0
6626,Fresh,Senior Meat Cutter,4,1,5,0,0,0
6626,Member Team,Member Assist,4,6,10,0,0,0
6626,Member Team,Member Frontline,9,22,31,0,0,0
6626,Member Team,Member Specialist,9,4,13,0,1,1
6626,Member Team,Member Support,0,0,0,0,0,0
6626,Member Team,Member Team Lead,6,0,6,0,0,0
6626,Merchandising Team,Backroom Associate,6,0,6,1,0,1
6626,Merchandising Team,Forklift Driver,6,0,6,0,0,0
6626,Merchandising Team,Merchandising,16,14,30,0,4,4
6626,Merchandising Team,Merchandising Lead,4,0,4,0,0,0
6626,Personal Shopper,Personal Shopper,5,3,8,-1,2,1
6626,Personal Shopper,Personal Shopper Lead,1,0,1,0,0,0
6626,Specialty,Maintenance,4,2,6,0,0,0
6626,Specialty,Pharmacy Tech,1,1,2,0,0,0
6626,Specialty,TBC Lead,1,0,1,0,0,0
6626,Specialty,TBC Tire Tech,3,3,6,0,0,0
6628,Fresh,Baker/Packager,3,3,6,1,0,1
6628,Fresh,Bakery Lead,1,0,1,0,0,0
6628,Fresh,Café,4,4,8,0,-1,-1
6628,Fresh,Cake Decorator,3,1,4,0,0,0
6628,Fresh,Freezer/Cooler/Deli,4,3,7,1,0,1
6628,Fresh,HMS/Rotisserie,4,3,7,0,0,0
6628,Fresh,Meat Cutter/Wrapper,2,2,4,0,0,0
6628,Fresh,Meat Lead,1,0,1,0,0,0
6628,Fresh,Prepared Food Lead,1,0,1,0,0,0
6628,Fresh,Produce,3,6,9,0,1,1
6628,Fresh,Produce Lead,1,0,1,0,0,0
6628,Fresh,Senior Meat Cutter,3,1,4,0,0,0
6628,Member Team,Member Assist,4,5,9,0,0,0
6628,Member Team,Member Frontline,9,21,30,0,0,0
6628,Member Team,Member Specialist,6,3,9,1,1,2
6628,Member Team,Member Support,0,0,0,0,0,0
6628,Member Team,Member Team Lead,6,0,6,0,0,0
6628,Merchandising Team,Backroom Associate,4,0,4,0,0,0
6628,Merchandising Team,Forklift Driver,5,0,5,0,0,0
6628,Merchandising Team,Merchandising,11,11,22,0,0,0
6628,Merchandising Team,Merchandising Lead,4,0,4,0,0,0
6628,Personal Shopper,Personal Shopper,5,3,8,-1,2,1
6628,Personal Shopper,Personal Shopper Lead,1,0,1,0,0,0
6628,Specialty,Asset Protection,1,0,1,0,0,0
6628,Specialty,Maintenance,3,3,6,0,0,0
6628,Specialty,Optical,2,1,3,0,0,0
6628,Specialty,Pharmacy Tech,3,2,5,0,0,0
6628,Specialty,TBC Lead,1,0,1,0,0,0
6628,Specialty,TBC Tire Tech,4,2,6,0,0,0
4718,Fresh,Baker/Packager,2,2,4,0,1,1
4718,Fresh,Bakery Lead,1,0,1,0,0,0
4718,Fresh,Café,4,5,9,1,-1,0
4718,Fresh,Cake Decorator,2,1,3,0,0,0
4718,Fresh,Freezer/Cooler/Deli,3,1,4,0,0,0
4718,Fresh,HMS/Rotisserie,2,3,5,0,1,1
4718,Fresh,Meat Cutter/Wrapper,1,1,2,0,0,0
4718,Fresh,Meat Lead,1,0,1,0,0,0
4718,Fresh,Prepared Food Lead,1,0,1,0,0,0
4718,Fresh,Produce,2,4,6,0,2,2
4718,Fresh,Produce Lead,1,0,1,0,0,0
4718,Fresh,Senior Meat Cutter,2,1,3,0,0,0
4718,Member Team,Member Assist,2,4,6,0,0,0
4718,Member Team,Member Frontline,4,14,18,0,0,0
4718,Member Team,Member Specialist,5,4,9,0,2,2
4718,Member Team,Member Support,0,0,0,0,0,0
4718,Member Team,Member Team Lead,4,0,4,0,0,0
4718,Merchandising Team,Backroom Associate,4,0,4,0,0,0
4718,Merchandising Team,Forklift Driver,4,0,4,0,0,0
4718,Merchandising Team,Merchandising,9,8,17,0,1,1
4718,Merchandising Team,Merchandising Lead,4,0,4,0,0,0
4718,Personal Shopper,Personal Shopper,6,2,8,-1,2,1
4718,Personal Shopper,Personal Shopper Lead,1,0,1,0,0,0
4718,Specialty,Fuel/Car Wash,2,3,5,0,0,0
4718,Specialty,Maintenance,2,2,4,0,0,0
4718,Specialty,Optical,1,2,3,0,1,1
4718,Specialty,Pharmacy Tech,3,1,4,0,0,0
4718,Specialty,TBC Lead,1,0,1,0,0,0
4718,Specialty,TBC Tire Tech,4,2,6,0,0,0
4730,Fresh,Baker/Packager,2,3,5,0,0,0
4730,Fresh,Bakery Lead,1,0,1,0,0,0
4730,Fresh,Café,4,7,11,1,0,1
4730,Fresh,Cake Decorator,2,2,4,0,0,0
4730,Fresh,Freezer/Cooler/Deli,3,2,5,0,1,1
4730,Fresh,HMS/Rotisserie,2,4,6,0,1,1
4730,Fresh,Meat Cutter/Wrapper,1,1,2,0,0,0
4730,Fresh,Meat Lead,1,0,1,0,0,0
4730,Fresh,Prepared Food Lead,1,0,1,0,0,0
4730,Fresh,Produce,2,4,6,0,1,1
4730,Fresh,Produce Lead,1,0,1,0,0,0
4730,Fresh,Senior Meat Cutter,3,1,4,0,0,0
4730,Member Team,Member Assist,3,4,7,0,1,1
4730,Member Team,Member Frontline,5,15,20,0,0,0
4730,Member Team,Member Specialist,6,5,11,0,1,1
4730,Member Team,Member Support,0,0,0,0,0,0
4730,Member Team,Member Team Lead,5,0,5,0,0,0
4730,Merchandising Team,Backroom Associate,4,0,4,0,0,0
4730,Merchandising Team,Forklift Driver,4,0,4,0,0,0
4730,Merchandising Team,Merchandising,10,9,19,0,0,0
4730,Merchandising Team,Merchandising Lead,4,0,4,0,0,0
4730,Personal Shopper,Personal Shopper,5,3,8,-1,3,2
4730,Personal Shopper,Personal Shopper Lead,1,0,1,0,0,0
4730,Specialty,Fuel/Car Wash,2,1,3,0,0,0
4730,Specialty,Maintenance,2,3,5,0,0,0
4730,Specialty,Optical,2,0,2,0,0,0
4730,Specialty,Pharmacy Tech,3,2,5,0,0,0
4730,Specialty,TBC Lead,1,0,1,0,0,0
4730,Specialty,TBC Tire Tech,4,2,6,0,0,0
4786,Fresh,Baker/Packager,2,2,4,0,-1,-1
4786,Fresh,Bakery Lead,1,0,1,0,0,0
4786,Fresh,Café,4,6,10,0,2,2
4786,Fresh,Cake Decorator,2,1,3,0,0,0
4786,Fresh,Freezer/Cooler/Deli,3,2,5,0,0,0
4786,Fresh,HMS/Rotisserie,3,3,6,0,0,0
4786,Fresh,Meat Cutter/Wrapper,1,1,2,0,0,0
4786,Fresh,Meat Lead,1,0,1,0,0,0
4786,Fresh,Prepared Food Lead,1,0,1,0,0,0
4786,Fresh,Produce,3,3,6,0,1,1
4786,Fresh,Produce Lead,1,0,1,0,0,0
4786,Fresh,Senior Meat Cutter,3,1,4,0,0,0
4786,Member Team,Member Assist,3,5,8,0,1,1
4786,Member Team,Member Frontline,5,16,21,0,0,0
4786,Member Team,Member Specialist,7,4,11,0,1,1
4786,Member Team,Member Support,0,0,0,0,0,0
4786,Member Team,Member Team Lead,5,0,5,0,0,0
4786,Merchandising Team,Backroom Associate,4,0,4,0,0,0
4786,Merchandising Team,Forklift Driver,5,0,5,0,0,0
4786,Merchandising Team,Merchandising,11,10,21,0,1,1
4786,Merchandising Team,Merchandising Lead,4,0,4,0,0,0
4786,Personal Shopper,Personal Shopper,7,4,11,-1,2,1
4786,Personal Shopper,Personal Shopper Lead,1,0,1,0,0,0
4786,Specialty,Fuel/Car Wash,2,1,3,0,0,0
4786,Specialty,Maintenance,3,2,5,0,0,0
4786,Specialty,Optical,2,0,2,0,0,0
4786,Specialty,Pharmacy Tech,2,1,3,0,0,0
4786,Specialty,TBC Lead,1,0,1,0,0,0
4786,Specialty,TBC Tire Tech,4,2,6,0,0,0
4805,Fresh,Baker/Packager,2,3,5,0,2,2
4805,Fresh,Bakery Lead,1,0,1,0,0,0
4805,Fresh,Café,3,4,7,1,-1,0
4805,Fresh,Cake Decorator,2,1,3,0,0,0
4805,Fresh,Freezer/Cooler/Deli,3,2,5,0,0,0
4805,Fresh,HMS/Rotisserie,2,2,4,0,0,0
4805,Fresh,Meat Cutter/Wrapper,1,2,3,0,0,0
4805,Fresh,Meat Lead,1,0,1,0,0,0
4805,Fresh,Prepared Food Lead,1,0,1,0,0,0
4805,Fresh,Produce,2,3,5,0,1,1
4805,Fresh,Produce Lead,1,0,1,0,0,0
4805,Fresh,Senior Meat Cutter,4,1,5,0,0,0
4805,Member Team,Member Assist,3,3,6,0,0,0
4805,Member Team,Member Frontline,5,16,21,0,0,0
4805,Member Team,Member Specialist,6,3,9,0,0,0
4805,Member Team,Member Support,0,0,0,0,0,0
4805,Member Team,Member Team Lead,5,0,5,0,0,0
4805,Merchandising Team,Backroom Associate,4,0,4,0,0,0
4805,Merchandising Team,Forklift Driver,4,0,4,0,0,0
4805,Merchandising Team,Merchandising,9,8,17,0,0,0
4805,Merchandising Team,Merchandising Lead,4,0,4,0,0,0
4805,Personal Shopper,Personal Shopper,8,4,12,-1,2,1
4805,Personal Shopper,Personal Shopper Lead,1,0,1,0,0,0
4805,Specialty,Fuel/Car Wash,2,1,3,0,0,0
4805,Specialty,Maintenance,2,2,4,0,0,0
4805,Specialty,Optical,1,1,2,0,0,0
4805,Specialty,Pharmacy Tech,3,1,4,0,0,0
4805,Specialty,TBC Lead,1,0,1,0,0,0
4805,Specialty,TBC Tire Tech,3,3,6,0,0,0
6345,Fresh,Baker/Packager,2,3,5,0,0,0
6345,Fresh,Bakery Lead,1,0,1,0,0,0
6345,Fresh,Café,5,5,10,0,-1,-1
6345,Fresh,Cake Decorator,2,2,4,0,0,0
6345,Fresh,Freezer/Cooler/Deli,3,2,5,0,0,0
6345,Fresh,HMS/Rotisserie,2,3,5,0,0,0
6345,Fresh,Meat Cutter/Wrapper,2,2,4,0,0,0
6345,Fresh,Meat Lead,1,0,1,0,0,0
6345,Fresh,Prepared Food Lead,1,0,1,0,0,0
6345,Fresh,Produce,3,3,6,0,1,1
6345,Fresh,Produce Lead,1,0,1,0,0,0
6345,Fresh,Senior Meat Cutter,3,1,4,0,0,0
6345,Member Team,Member Assist,3,6,9,0,0,0
6345,Member Team,Member Frontline,6,16,22,0,0,0
6345,Member Team,Member Specialist,8,3,11,0,1,1
6345,Member Team,Member Support,0,0,0,0,0,0
6345,Member Team,Member Team Lead,5,0,5,0,0,0
6345,Merchandising Team,Backroom Associate,4,0,4,0,0,0
6345,Merchandising Team,Forklift Driver,6,0,6,0,0,0
6345,Merchandising Team,Merchandising,16,12,28,0,0,0
6345,Merchandising Team,Merchandising Lead,4,0,4,0,0,0
6345,Personal Shopper,Personal Shopper,9,4,13,-1,3,2
6345,Personal Shopper,Personal Shopper Lead,1,0,1,0,0,0
6345,Specialty,Fuel/Car Wash,2,1,3,0,0,0
6345,Specialty,Maintenance,3,3,6,0,0,0
6345,Specialty,Optical,2,1,3,0,0,0
6345,Specialty,Pharmacy Tech,4,3,7,0,0,0
6345,Specialty,TBC Lead,1,0,1,0,0,0
6345,Specialty,TBC Tire Tech,5,2,7,0,0,0
6360,Fresh,Baker/Packager,3,2,5,1,0,1
6360,Fresh,Bakery Lead,1,0,1,0,0,0
6360,Fresh,Café,3,3,6,0,-1,-1
6360,Fresh,Cake Decorator,2,2,4,0,0,0
6360,Fresh,Freezer/Cooler/Deli,4,3,7,1,0,1
6360,Fresh,HMS/Rotisserie,3,3,6,0,1,1
6360,Fresh,Meat Cutter/Wrapper,3,2,5,0,0,0
6360,Fresh,Meat Lead,1,0,1,0,0,0
6360,Fresh,Prepared Food Lead,1,0,1,0,0,0
6360,Fresh,Produce,2,5,7,0,1,1
6360,Fresh,Produce Lead,1,0,1,0,0,0
6360,Fresh,Senior Meat Cutter,4,1,5,0,0,0
6360,Member Team,Member Assist,3,7,10,0,0,0
6360,Member Team,Member Frontline,6,19,25,0,0,0
6360,Member Team,Member Specialist,8,3,11,0,0,0
6360,Member Team,Member Support,0,0,0,0,0,0
6360,Member Team,Member Team Lead,5,0,5,0,0,0
6360,Merchandising Team,Backroom Associate,5,0,5,1,0,1
6360,Merchandising Team,Forklift Driver,6,0,6,1,0,1
6360,Merchandising Team,Merchandising,12,11,23,2,1,3
6360,Merchandising Team,Merchandising Lead,4,0,4,0,0,0
6360,Personal Shopper,Personal Shopper,10,6,16,-1,4,3
6360,Personal Shopper,Personal Shopper Lead,1,0,1,0,0,0
6360,Specialty,Fuel/Car Wash,2,1,3,0,0,0
6360,Specialty,Maintenance,3,3,6,0,0,0
6360,Specialty,Optical,1,1,2,0,0,0
6360,Specialty,Pharmacy Tech,2,1,3,0,0,0
6360,Specialty,TBC Lead,1,0,1,0,0,0
6360,Specialty,TBC Tire Tech,4,2,6,0,0,0
6379,Fresh,Baker/Packager,2,1,3,0,0,0
6379,Fresh,Bakery Lead,1,0,1,0,0,0
6379,Fresh,Café,3,4,7,1,-1,0
6379,Fresh,Cake Decorator,2,2,4,0,0,0
6379,Fresh,Freezer/Cooler/Deli,3,2,5,0,0,0
6379,Fresh,HMS/Rotisserie,2,2,4,0,0,0
6379,Fresh,Meat Cutter/Wrapper,1,2,3,0,0,0
6379,Fresh,Meat Lead,1,0,1,0,0,0
6379,Fresh,Prepared Food Lead,1,0,1,0,0,0
6379,Fresh,Produce,2,4,6,0,1,1
6379,Fresh,Produce Lead,1,0,1,0,0,0
6379,Fresh,Senior Meat Cutter,3,1,4,0,0,0
6379,Member Team,Member Assist,4,3,7,0,0,0
6379,Member Team,Member Frontline,5,15,20,0,0,0
6379,Member Team,Member Specialist,8,3,11,0,0,0
6379,Member Team,Member Support,0,0,0,0,0,0
6379,Member Team,Member Team Lead,5,0,5,0,0,0
6379,Merchandising Team,Backroom Associate,4,0,4,0,0,0
6379,Merchandising Team,Forklift Driver,4,0,4,0,0,0
6379,Merchandising Team,Merchandising,9,8,17,0,0,0
6379,Merchandising Team,Merchandising Lead,4,0,4,0,0,0
6379,Personal Shopper,Personal Shopper,8,3,11,-1,2,1
6379,Personal Shopper,Personal Shopper Lead,1,0,1,0,0,0
6379,Specialty,Asset Protection,1,0,1,0,0,0
6379,Specialty,Fuel/Car Wash,2,1,3,0,0,0
6379,Specialty,Maintenance,3,1,4,0,0,0
6379,Specialty,Optical,1,1,2,0,0,0
6379,Specialty,Pharmacy Tech,2,1,3,0,0,0
6379,Specialty,TBC Lead,1,0,1,0,0,0
6379,Specialty,TBC Tire Tech,4,2,6,0,0,0
6682,Fresh,Baker/Packager,3,1,4,0,0,0
6682,Fresh,Bakery Lead,1,0,1,0,0,0
6682,Fresh,Café,4,5,9,0,0,0
6682,Fresh,Cake Decorator,2,2,4,0,0,0
6682,Fresh,Freezer/Cooler/Deli,3,2,5,0,0,0
6682,Fresh,HMS/Rotisserie,4,3,7,0,0,0
6682,Fresh,Meat Cutter/Wrapper,1,1,2,0,0,0
6682,Fresh,Meat Lead,1,0,1,0,0,0
6682,Fresh,Prepared Food Lead,1,0,1,0,0,0
6682,Fresh,Produce,3,3,6,0,1,1
6682,Fresh,Produce Lead,1,0,1,0,0,0
6682,Fresh,Senior Meat Cutter,3,1,4,0,0,0
6682,Member Team,Member Assist,4,4,8,0,0,0
6682,Member Team,Member Frontline,5,16,21,0,0,0
6682,Member Team,Member Specialist,7,4,11,0,1,1
6682,Member Team,Member Support,0,0,0,0,0,0
6682,Member Team,Member Team Lead,5,0,5,0,0,0
6682,Merchandising Team,Backroom Associate,4,0,4,0,0,0
6682,Merchandising Team,Forklift Driver,5,0,5,0,0,0
6682,Merchandising Team,Merchandising,11,10,21,0,1,1
6682,Merchandising Team,Merchandising Lead,4,0,4,0,0,0
6682,Personal Shopper,Personal Shopper,7,4,11,-1,2,1
6682,Personal Shopper,Personal Shopper Lead,1,0,1,0,0,0
6682,Specialty,Fuel/Car Wash,2,1,3,0,0,0
6682,Specialty,Maintenance,3,2,5,0,0,0
6682,Specialty,Optical,2,1,3,0,0,0
6682,Specialty,Pharmacy Tech,3,2,5,0,0,0
6682,Specialty,TBC Lead,1,0,1,0,0,0
6682,Specialty,TBC Tire Tech,4,2,6,0,0,0
6683,Fresh,Baker/Packager,2,2,4,0,1,1
6683,Fresh,Bakery Lead,1,0,1,0,0,0
6683,Fresh,Café,3,4,7,1,0,1
6683,Fresh,Cake Decorator,2,1,3,0,0,0
6683,Fresh,Freezer/Cooler/Deli,3,1,4,0,0,0
6683,Fresh,HMS/Rotisserie,2,2,4,0,0,0
6683,Fresh,Meat Cutter/Wrapper,1,1,2,0,0,0
6683,Fresh,Meat Lead,1,0,1,0,0,0
6683,Fresh,Prepared Food Lead,1,0,1,0,0,0
6683,Fresh,Produce,2,3,5,0,1,1
6683,Fresh,Produce Lead,1,0,1,0,0,0
6683,Fresh,Senior Meat Cutter,2,1,3,0,0,0
6683,Member Team,Member Assist,2,4,6,0,0,0
6683,Member Team,Member Frontline,4,14,18,0,0,0
6683,Member Team,Member Specialist,5,3,8,0,0,0
6683,Member Team,Member Support,0,0,0,0,0,0
6683,Member Team,Member Team Lead,4,0,4,0,0,0
6683,Merchandising Team,Backroom Associate,4,0,4,0,0,0
6683,Merchandising Team,Forklift Driver,3,0,3,0,0,0
6683,Merchandising Team,Merchandising,8,7,15,0,0,0
6683,Merchandising Team,Merchandising Lead,4,0,4,0,0,0
6683,Personal Shopper,Personal Shopper,5,2,7,-1,2,1
6683,Personal Shopper,Personal Shopper Lead,1,0,1,0,0,0
6683,Specialty,Fuel/Car Wash,2,1,3,0,0,0
6683,Specialty,Maintenance,2,2,4,0,0,0
6683,Specialty,Optical,1,2,3,0,1,1
6683,Specialty,Pharmacy Tech,2,1,3,0,0,0
6683,Specialty,TBC Lead,1,0,1,0,0,0
6683,Specialty,TBC Tire Tech,4,2,6,0,0,0
6684,Fresh,Baker/Packager,2,3,5,0,0,0
6684,Fresh,Bakery Lead,1,0,1,0,0,0
6684,Fresh,Café,4,7,11,0,2,2
6684,Fresh,Cake Decorator,2,2,4,0,0,0
6684,Fresh,Freezer/Cooler/Deli,3,2,5,0,0,0
6684,Fresh,HMS/Rotisserie,3,3,6,0,0,0
6684,Fresh,Meat Cutter/Wrapper,1,1,2,0,0,0
6684,Fresh,Meat Lead,1,0,1,0,0,0
6684,Fresh,Prepared Food Lead,1,0,1,0,0,0
6684,Fresh,Produce,2,4,6,0,1,1
6684,Fresh,Produce Lead,1,0,1,0,0,0
6684,Fresh,Senior Meat Cutter,3,1,4,0,0,0
6684,Member Team,Member Assist,4,3,7,0,0,0
6684,Member Team,Member Frontline,5,15,20,0,0,0
6684,Member Team,Member Specialist,7,4,11,0,0,0
6684,Member Team,Member Support,0,0,0,0,0,0
6684,Member Team,Member Team Lead,5,0,5,0,0,0
6684,Merchandising Team,Backroom Associate,4,0,4,0,0,0
6684,Merchandising Team,Forklift Driver,4,0,4,0,0,0
6684,Merchandising Team,Merchandising,9,10,19,0,1,1
6684,Merchandising Team,Merchandising Lead,4,0,4,0,0,0
6684,Personal Shopper,Personal Shopper,8,3,11,0,1,1
6684,Personal Shopper,Personal Shopper Lead,1,0,1,0,0,0
6684,Specialty,Fuel/Car Wash,2,1,3,0,0,0
6684,Specialty,Maintenance,3,2,5,0,0,0
6684,Specialty,Optical,2,0,2,0,0,0
6684,Specialty,Pharmacy Tech,2,0,2,0,0,0
6684,Specialty,TBC Lead,1,0,1,0,0,0
6684,Specialty,TBC Tire Tech,4,2,6,0,0,0
6685,Fresh,Baker/Packager,2,3,5,0,0,0
6685,Fresh,Bakery Lead,1,0,1,0,0,0
6685,Fresh,Café,4,7,11,0,2,2
6685,Fresh,Cake Decorator,2,2,4,0,0,0
6685,Fresh,Freezer/Cooler/Deli,3,2,5,0,0,0
6685,Fresh,HMS/Rotisserie,3,3,6,0,1,1
6685,Fresh,Meat Cutter/Wrapper,1,1,2,0,0,0
6685,Fresh,Meat Lead,1,0,1,0,0,0
6685,Fresh,Prepared Food Lead,1,0,1,0,0,0
6685,Fresh,Produce,2,4,6,0,1,1
6685,Fresh,Produce Lead,1,0,1,0,0,0
6685,Fresh,Senior Meat Cutter,3,1,4,0,0,0
6685,Member Team,Member Assist,2,6,8,0,0,0
6685,Member Team,Member Frontline,5,15,20,0,0,0
6685,Member Team,Member Specialist,6,5,11,0,1,1
6685,Member Team,Member Support,0,0,0,0,0,0
6685,Member Team,Member Team Lead,5,0,5,0,0,0
6685,Merchandising Team,Backroom Associate,4,0,4,0,0,0
6685,Merchandising Team,Forklift Driver,4,0,4,0,0,0
6685,Merchandising Team,Merchandising,9,10,19,0,0,0
6685,Merchandising Team,Merchandising Lead,4,0,4,0,0,0
6685,Personal Shopper,Personal Shopper,7,4,11,-1,2,1
6685,Personal Shopper,Personal Shopper Lead,1,0,1,0,0,0
6685,Specialty,Fuel/Car Wash,2,1,3,0,0,0
6685,Specialty,Maintenance,3,2,5,0,0,0
6685,Specialty,Optical,2,0,2,0,0,0
6685,Specialty,Pharmacy Tech,3,2,5,0,0,0
6685,Specialty,TBC Lead,1,0,1,0,0,0
6685,Specialty,TBC Tire Tech,4,2,6,0,0,0
6686,Fresh,Baker/Packager,2,3,5,0,0,0
6686,Fresh,Bakery Lead,1,0,1,0,0,0
6686,Fresh,Café,3,4,7,0,-1,-1
6686,Fresh,Cake Decorator,1,2,3,-1,1,0
6686,Fresh,Freezer/Cooler/Deli,3,1,4,0,0,0
6686,Fresh,HMS/Rotisserie,2,2,4,0,0,0
6686,Fresh,Meat Cutter/Wrapper,1,1,2,0,0,0
6686,Fresh,Meat Lead,1,0,1,0,0,0
6686,Fresh,Prepared Food Lead,1,0,1,0,0,0
6686,Fresh,Produce,2,3,5,0,1,1
6686,Fresh,Produce Lead,1,0,1,0,0,0
6686,Fresh,Senior Meat Cutter,2,1,3,0,0,0
6686,Member Team,Member Assist,2,5,7,0,0,0
6686,Member Team,Member Frontline,5,15,20,0,0,0
6686,Member Team,Member Specialist,5,4,9,0,0,0
6686,Member Team,Member Support,0,0,0,0,0,0
6686,Member Team,Member Team Lead,4,0,4,0,0,0
6686,Merchandising Team,Backroom Associate,4,0,4,0,0,0
6686,Merchandising Team,Forklift Driver,5,0,5,0,0,0
6686,Merchandising Team,Merchandising,12,12,24,0,0,0
6686,Merchandising Team,Merchandising Lead,4,0,4,0,0,0
6686,Personal Shopper,Personal Shopper,10,5,15,2,3,5
6686,Personal Shopper,Personal Shopper Lead,1,0,1,0,0,0
6686,Specialty,Fuel/Car Wash,2,1,3,0,0,0
6686,Specialty,Maintenance,2,2,4,0,0,0
6686,Specialty,Optical,2,0,2,0,0,0
6686,Specialty,Pharmacy Tech,2,0,2,0,0,0
6686,Specialty,TBC Lead,1,0,1,0,0,0
6686,Specialty,TBC Tire Tech,4,2,6,0,0,0
4732,Fresh,Baker/Packager,3,2,5,1,1,2
4732,Fresh,Bakery Lead,1,0,1,0,0,0
4732,Fresh,Café,4,6,10,0,1,1
4732,Fresh,Cake Decorator,2,2,4,0,0,0
4732,Fresh,Freezer/Cooler/Deli,3,1,4,0,0,0
4732,Fresh,HMS/Rotisserie,3,3,6,0,0,0
4732,Fresh,Meat Cutter/Wrapper,1,2,3,0,0,0
4732,Fresh,Meat Lead,1,0,1,0,0,0
4732,Fresh,Prepared Food Lead,1,0,1,0,0,0
4732,Fresh,Produce,2,3,5,0,0,0
4732,Fresh,Produce Lead,1,0,1,0,0,0
4732,Fresh,Senior Meat Cutter,3,1,4,0,0,0
4732,Member Team,Member Assist,3,4,7,0,1,1
4732,Member Team,Member Frontline,6,17,23,0,0,0
4732,Member Team,Member Specialist,8,3,11,0,0,0
4732,Member Team,Member Support,0,0,0,0,0,0
4732,Member Team,Member Team Lead,5,0,5,0,0,0
4732,Merchandising Team,Backroom Associate,4,0,4,0,0,0
4732,Merchandising Team,Forklift Driver,5,0,5,1,0,1
4732,Merchandising Team,Merchandising,10,10,20,-1,0,-1
4732,Merchandising Team,Merchandising Lead,4,0,4,0,0,0
4732,Personal Shopper,Personal Shopper,5,3,8,0,2,2
4732,Personal Shopper,Personal Shopper Lead,1,0,1,0,0,0
4732,Specialty,Fuel/Car Wash,2,1,3,0,0,0
4732,Specialty,Maintenance,2,3,5,0,0,0
4732,Specialty,Optical,3,1,4,0,0,0
4732,Specialty,Pharmacy Tech,2,1,3,0,0,0
4732,Specialty,TBC Lead,1,0,1,0,0,0
4732,Specialty,TBC Tire Tech,5,2,7,0,0,0
4829,Fresh,Baker/Packager,3,2,5,1,1,2
4829,Fresh,Bakery Lead,1,0,1,0,0,0
4829,Fresh,Café,5,3,8,0,-1,-1
4829,Fresh,Cake Decorator,2,2,4,0,0,0
4829,Fresh,Freezer/Cooler/Deli,3,2,5,0,0,0
4829,Fresh,HMS/Rotisserie,3,3,6,0,1,1
4829,Fresh,Meat Cutter/Wrapper,1,2,3,0,0,0
4829,Fresh,Meat Lead,1,0,1,0,0,0
4829,Fresh,Prepared Food Lead,1,0,1,0,0,0
4829,Fresh,Produce,2,4,6,0,1,1
4829,Fresh,Produce Lead,1,0,1,0,0,0
4829,Fresh,Senior Meat Cutter,3,1,4,0,0,0
4829,Member Team,Member Assist,3,4,7,0,1,1
4829,Member Team,Member Frontline,6,16,22,0,0,0
4829,Member Team,Member Specialist,6,3,9,0,1,1
4829,Member Team,Member Support,0,0,0,0,0,0
4829,Member Team,Member Team Lead,5,0,5,0,0,0
4829,Merchandising Team,Backroom Associate,4,0,4,0,0,0
4829,Merchandising Team,Forklift Driver,6,0,6,0,0,0
4829,Merchandising Team,Merchandising,14,11,25,0,0,0
4829,Merchandising Team,Merchandising Lead,4,0,4,0,0,0
4829,Personal Shopper,Personal Shopper,6,4,10,-1,3,2
4829,Personal Shopper,Personal Shopper Lead,1,0,1,0,0,0
4829,Specialty,Fuel/Car Wash,2,1,3,0,0,0
4829,Specialty,Maintenance,3,1,4,0,0,0
4829,Specialty,Optical,2,0,2,0,0,0
4829,Specialty,Pharmacy Tech,2,1,3,0,0,0
4829,Specialty,TBC Lead,1,0,1,0,0,0
4829,Specialty,TBC Tire Tech,3,3,6,0,0,0
4830,Fresh,Baker/Packager,3,3,6,0,1,1
4830,Fresh,Bakery Lead,1,0,1,0,0,0
4830,Fresh,Café,5,8,13,0,-1,-1
4830,Fresh,Cake Decorator,3,2,5,0,0,0
4830,Fresh,Freezer/Cooler/Deli,4,4,8,1,1,2
4830,Fresh,HMS/Rotisserie,4,4,8,0,1,1
4830,Fresh,Meat Cutter/Wrapper,1,2,3,0,0,0
4830,Fresh,Meat Lead,1,0,1,0,0,0
4830,Fresh,Prepared Food Lead,1,0,1,0,0,0
4830,Fresh,Produce,3,4,7,1,0,1
4830,Fresh,Produce Lead,1,0,1,0,0,0
4830,Fresh,Senior Meat Cutter,4,1,5,0,0,0
4830,Member Team,Member Assist,3,6,9,0,0,0
4830,Member Team,Member Frontline,7,19,26,0,0,0
4830,Member Team,Member Specialist,9,4,13,0,1,1
4830,Member Team,Member Support,0,0,0,0,0,0
4830,Member Team,Member Team Lead,5,0,5,0,0,0
4830,Merchandising Team,Backroom Associate,5,0,5,0,0,0
4830,Merchandising Team,Forklift Driver,5,0,5,0,0,0
4830,Merchandising Team,Merchandising,12,12,24,0,1,1
4830,Merchandising Team,Merchandising Lead,4,0,4,0,0,0
4830,Personal Shopper,Personal Shopper,7,3,10,0,1,1
4830,Personal Shopper,Personal Shopper Lead,1,0,1,0,0,0
4830,Specialty,Asset Protection,1,0,1,0,0,0
4830,Specialty,Fuel/Car Wash,2,1,3,0,0,0
4830,Specialty,Maintenance,3,2,5,0,0,0
4830,Specialty,Optical,2,1,3,0,0,0
4830,Specialty,Pharmacy Tech,2,1,3,0,0,0
4830,Specialty,TBC Lead,1,0,1,0,0,0
4830,Specialty,TBC Tire Tech,4,2,6,0,0,0
4915,Fresh,Baker/Packager,2,2,4,0,0,0
4915,Fresh,Bakery Lead,1,0,1,0,0,0
4915,Fresh,Café,4,5,9,1,-1,0
4915,Fresh,Cake Decorator,2,2,4,0,0,0
4915,Fresh,Freezer/Cooler/Deli,3,1,4,0,0,0
4915,Fresh,HMS/Rotisserie,3,3,6,0,0,0
4915,Fresh,Meat Cutter/Wrapper,1,1,2,0,0,0
4915,Fresh,Meat Lead,1,0,1,0,0,0
4915,Fresh,Prepared Food Lead,1,0,1,0,0,0
4915,Fresh,Produce,2,3,5,0,1,1
4915,Fresh,Produce Lead,1,0,1,0,0,0
4915,Fresh,Senior Meat Cutter,3,1,4,0,0,0
4915,Member Team,Member Assist,2,5,7,0,0,0
4915,Member Team,Member Frontline,7,15,22,0,0,0
4915,Member Team,Member Specialist,6,4,10,0,0,0
4915,Member Team,Member Support,0,0,0,0,0,0
4915,Member Team,Member Team Lead,4,0,4,0,0,0
4915,Merchandising Team,Backroom Associate,4,0,4,0,0,0
4915,Merchandising Team,Forklift Driver,4,0,4,0,0,0
4915,Merchandising Team,Merchandising,10,8,18,0,0,0
4915,Merchandising Team,Merchandising Lead,4,0,4,0,0,0
4915,Personal Shopper,Personal Shopper Lead,1,0,1,0,0,0
4915,Specialty,Fuel/Car Wash,2,1,3,0,0,0
4915,Specialty,Maintenance,2,3,5,0,0,0
4915,Specialty,Optical,2,0,2,0,0,0
4915,Specialty,Pharmacy Tech,2,2,4,0,0,0
4915,Specialty,TBC Lead,1,0,1,0,0,0
4915,Specialty,TBC Tire Tech,4,2,6,0,0,0
4955,Fresh,Baker/Packager,2,3,5,0,0,0
4955,Fresh,Bakery Lead,1,0,1,0,0,0
4955,Fresh,Café,5,5,10,0,-1,-1
4955,Fresh,Cake Decorator,3,1,4,0,0,0
4955,Fresh,Freezer/Cooler/Deli,3,2,5,0,0,0
4955,Fresh,HMS/Rotisserie,3,4,7,0,0,0
4955,Fresh,Meat Cutter/Wrapper,1,2,3,0,0,0
4955,Fresh,Meat Lead,1,0,1,0,0,0
4955,Fresh,Prepared Food Lead,1,0,1,0,0,0
4955,Fresh,Produce,2,4,6,0,1,1
4955,Fresh,Produce Lead,1,0,1,0,0,0
4955,Fresh,Senior Meat Cutter,3,1,4,0,0,0
4955,Member Team,Member Assist,3,4,7,0,0,0
4955,Member Team,Member Frontline,7,18,25,0,0,0
4955,Member Team,Member Specialist,7,5,12,0,0,0
4955,Member Team,Member Support,0,0,0,0,0,0
4955,Member Team,Member Team Lead,5,0,5,0,0,0
4955,Merchandising Team,Backroom Associate,4,0,4,0,0,0
4955,Merchandising Team,Forklift Driver,5,0,5,1,0,1
4955,Merchandising Team,Merchandising,10,9,19,-1,0,-1
4955,Merchandising Team,Merchandising Lead,4,0,4,0,0,0
4955,Personal Shopper,Personal Shopper,5,3,8,0,1,1
4955,Personal Shopper,Personal Shopper Lead,1,0,1,0,0,0
4955,Specialty,Fuel/Car Wash,2,1,3,0,0,0
4955,Specialty,Maintenance,3,2,5,0,0,0
4955,Specialty,Optical,3,1,4,0,0,0
4955,Specialty,Pharmacy Tech,3,2,5,0,0,0
4955,Specialty,TBC Lead,1,0,1,0,0,0
4955,Specialty,TBC Tire Tech,5,3,8,0,0,0
4974,Fresh,Baker/Packager,4,3,7,0,1,1
4974,Fresh,Bakery Lead,1,0,1,0,0,0
4974,Fresh,Café,7,7,14,0,-1,-1
4974,Fresh,Cake Decorator,3,2,5,0,0,0
4974,Fresh,Freezer/Cooler/Deli,6,4,10,3,0,3
4974,Fresh,HMS/Rotisserie,4,3,7,0,0,0
4974,Fresh,Meat Cutter/Wrapper,1,2,3,0,0,0
4974,Fresh,Meat Lead,1,0,1,0,0,0
4974,Fresh,Prepared Food Lead,1,0,1,0,0,0
4974,Fresh,Produce,3,5,8,0,1,1
4974,Fresh,Produce Lead,1,0,1,0,0,0
4974,Fresh,Senior Meat Cutter,4,1,5,0,0,0
4974,Member Team,Member Assist,4,5,9,0,0,0
4974,Member Team,Member Frontline,7,21,28,0,0,0
4974,Member Team,Member Specialist,9,3,12,0,0,0
4974,Member Team,Member Support,0,0,0,0,0,0
4974,Member Team,Member Team Lead,5,0,5,0,0,0
4974,Merchandising Team,Backroom Associate,6,0,6,1,0,1
4974,Merchandising Team,Forklift Driver,6,0,6,1,0,1
4974,Merchandising Team,Merchandising,16,11,27,4,1,5
4974,Merchandising Team,Merchandising Lead,4,0,4,0,0,0
4974,Personal Shopper,Personal Shopper,5,3,8,-1,2,1
4974,Personal Shopper,Personal Shopper Lead,1,0,1,0,0,0
4974,Specialty,Fuel/Car Wash,2,3,5,0,0,0
4974,Specialty,Maintenance,3,2,5,0,0,0
4974,Specialty,Optical,1,2,3,0,1,1
4974,Specialty,Pharmacy Tech,2,1,3,0,0,0
4974,Specialty,TBC Lead,1,0,1,0,0,0
4974,Specialty,TBC Tire Tech,4,2,6,0,0,0
4983,Fresh,Baker/Packager,3,4,7,1,1,2
4983,Fresh,Bakery Lead,1,0,1,0,0,0
4983,Fresh,Café,5,6,11,0,-1,-1
4983,Fresh,Cake Decorator,3,0,3,0,0,0
4983,Fresh,Freezer/Cooler/Deli,4,4,8,1,0,1
4983,Fresh,HMS/Rotisserie,4,3,7,0,0,0
4983,Fresh,Meat Cutter/Wrapper,4,1,5,0,0,0
4983,Fresh,Meat Lead,1,0,1,0,0,0
4983,Fresh,Prepared Food Lead,1,0,1,0,0,0
4983,Fresh,Produce,4,6,10,0,1,1
4983,Fresh,Produce Lead,1,0,1,0,0,0
4983,Fresh,Senior Meat Cutter,3,1,4,0,0,0
4983,Member Team,Member Assist,3,6,9,0,1,1
4983,Member Team,Member Frontline,7,21,28,0,0,0
4983,Member Team,Member Specialist,9,4,13,0,0,0
4983,Member Team,Member Support,0,0,0,0,0,0
4983,Member Team,Member Team Lead,5,0,5,0,0,0
4983,Merchandising Team,Backroom Associate,5,0,5,0,0,0
4983,Merchandising Team,Forklift Driver,5,0,5,0,0,0
4983,Merchandising Team,Merchandising,12,10,22,1,0,1
4983,Merchandising Team,Merchandising Lead,4,0,4,0,0,0
4983,Personal Shopper,Personal Shopper,10,1,11,0,0,0
4983,Personal Shopper,Personal Shopper Lead,1,0,1,0,0,0
4983,Specialty,Asset Protection,1,0,1,0,0,0
4983,Specialty,Fuel/Car Wash,2,3,5,0,0,0
4983,Specialty,Maintenance,3,3,6,0,0,0
4983,Specialty,Optical,2,1,3,0,0,0
4983,Specialty,Pharmacy Tech,2,1,3,0,0,0
4983,Specialty,TBC Lead,1,0,1,0,0,0
4983,Specialty,TBC Tire Tech,5,3,8,0,0,0
6205,Fresh,Baker/Packager,3,2,5,0,1,1
6205,Fresh,Bakery Lead,1,0,1,0,0,0
6205,Fresh,Café,5,9,14,0,1,1
6205,Fresh,Cake Decorator,3,2,5,0,0,0
6205,Fresh,Freezer/Cooler/Deli,3,2,5,0,0,0
6205,Fresh,HMS/Rotisserie,3,4,7,0,0,0
6205,Fresh,Meat Cutter/Wrapper,2,1,3,0,0,0
6205,Fresh,Meat Lead,1,0,1,0,0,0
6205,Fresh,Prepared Food Lead,1,0,1,0,0,0
6205,Fresh,Produce,2,4,6,0,0,0
6205,Fresh,Produce Lead,1,0,1,0,0,0
6205,Fresh,Senior Meat Cutter,3,1,4,0,0,0
6205,Member Team,Member Assist,3,6,9,0,2,2
6205,Member Team,Member Frontline,6,19,25,0,0,0
6205,Member Team,Member Specialist,5,6,11,0,1,1
6205,Member Team,Member Support,0,0,0,0,0,0
6205,Member Team,Member Team Lead,5,0,5,0,0,0
6205,Merchandising Team,Backroom Associate,5,0,5,1,0,1
6205,Merchandising Team,Forklift Driver,5,0,5,0,0,0
6205,Merchandising Team,Merchandising,12,11,23,0,1,1
6205,Merchandising Team,Merchandising Lead,4,0,4,0,0,0
6205,Personal Shopper,Personal Shopper,4,3,7,-1,2,1
6205,Personal Shopper,Personal Shopper Lead,1,0,1,0,0,0
6205,Specialty,Fuel/Car Wash,2,1,3,0,0,0
6205,Specialty,Maintenance,3,1,4,0,0,0
6205,Specialty,Optical,2,0,2,0,0,0
6205,Specialty,Pharmacy Tech,2,2,4,0,0,0
6205,Specialty,TBC Lead,1,0,1,0,0,0
6205,Specialty,TBC Tire Tech,4,3,7,0,0,0
6213,Fresh,Baker/Packager,2,3,5,0,1,1
6213,Fresh,Bakery Lead,1,0,1,0,0,0
6213,Fresh,Café,4,6,10,0,1,1
6213,Fresh,Cake Decorator,3,1,4,0,0,0
6213,Fresh,Freezer/Cooler/Deli,3,2,5,0,1,1
6213,Fresh,HMS/Rotisserie,3,3,6,0,1,1
6213,Fresh,Meat Cutter/Wrapper,1,2,3,0,0,0
6213,Fresh,Meat Lead,1,0,1,0,0,0
6213,Fresh,Prepared Food Lead,1,0,1,0,0,0
6213,Fresh,Produce,2,5,7,0,1,1
6213,Fresh,Produce Lead,1,0,1,0,0,0
6213,Fresh,Senior Meat Cutter,3,1,4,0,0,0
6213,Member Team,Member Assist,3,5,8,0,0,0
6213,Member Team,Member Frontline,7,18,25,0,0,0
6213,Member Team,Member Specialist,7,4,11,0,0,0
6213,Member Team,Member Support,0,0,0,0,0,0
6213,Member Team,Member Team Lead,5,0,5,0,0,0
6213,Merchandising Team,Backroom Associate,5,0,5,1,0,1
6213,Merchandising Team,Forklift Driver,5,0,5,1,0,1
6213,Merchandising Team,Merchandising,12,10,22,3,1,4
6213,Merchandising Team,Merchandising Lead,4,0,4,0,0,0
6213,Personal Shopper,Personal Shopper,7,4,11,-1,2,1
6213,Personal Shopper,Personal Shopper Lead,1,0,1,0,0,0
6213,Specialty,Fuel/Car Wash,3,2,5,0,0,0
6213,Specialty,Maintenance,3,2,5,0,0,0
6213,Specialty,Optical,2,1,3,0,0,0
6213,Specialty,Pharmacy Tech,2,1,3,0,0,0
6213,Specialty,TBC Lead,1,0,1,0,0,0
6213,Specialty,TBC Tire Tech,4,1,5,0,0,0
6257,Fresh,Baker/Packager,3,5,8,1,1,2
6257,Fresh,Bakery Lead,1,0,1,0,0,0
6257,Fresh,Café,6,7,13,0,0,0
6257,Fresh,Cake Decorator,2,2,4,0,0,0
6257,Fresh,Freezer/Cooler/Deli,4,3,7,1,0,1
6257,Fresh,HMS/Rotisserie,4,4,8,0,0,0
6257,Fresh,Meat Cutter/Wrapper,2,1,3,0,0,0
6257,Fresh,Meat Lead,1,0,1,0,0,0
6257,Fresh,Prepared Food Lead,1,0,1,0,0,0
6257,Fresh,Produce,3,5,8,0,1,1
6257,Fresh,Produce Lead,1,0,1,0,0,0
6257,Fresh,Senior Meat Cutter,4,1,5,0,0,0
6257,Member Team,Member Assist,3,6,9,0,0,0
6257,Member Team,Member Frontline,6,19,25,0,0,0
6257,Member Team,Member Specialist,9,3,12,0,0,0
6257,Member Team,Member Support,0,0,0,0,0,0
6257,Member Team,Member Team Lead,5,0,5,0,0,0
6257,Merchandising Team,Backroom Associate,5,0,5,1,0,1
6257,Merchandising Team,Forklift Driver,5,0,5,0,0,0
6257,Merchandising Team,Merchandising,12,11,23,1,1,2
6257,Merchandising Team,Merchandising Lead,4,0,4,0,0,0
6257,Personal Shopper,Personal Shopper,6,3,9,-1,2,1
6257,Personal Shopper,Personal Shopper Lead,1,0,1,0,0,0
6257,Specialty,Asset Protection,1,0,1,0,0,0
6257,Specialty,Fuel/Car Wash,2,1,3,0,0,0
6257,Specialty,Maintenance,3,2,5,0,0,0
6257,Specialty,Optical,2,0,2,0,0,0
6257,Specialty,Pharmacy Tech,2,1,3,0,0,0
6257,Specialty,TBC Lead,1,0,1,0,0,0
6257,Specialty,TBC Tire Tech,4,2,6,0,0,0
6261,Fresh,Baker/Packager,3,1,4,0,0,0
6261,Fresh,Bakery Lead,1,0,1,0,0,0
6261,Fresh,Café,5,7,12,0,0,0
6261,Fresh,Cake Decorator,3,1,4,0,0,0
6261,Fresh,Freezer/Cooler/Deli,4,2,6,1,0,1
6261,Fresh,HMS/Rotisserie,4,3,7,0,0,0
6261,Fresh,Meat Cutter/Wrapper,2,1,3,0,0,0
6261,Fresh,Meat Lead,1,0,1,0,0,0
6261,Fresh,Prepared Food Lead,1,0,1,0,0,0
6261,Fresh,Produce,3,5,8,0,1,1
6261,Fresh,Produce Lead,1,0,1,0,0,0
6261,Fresh,Senior Meat Cutter,3,1,4,0,0,0
6261,Member Team,Member Assist,3,5,8,0,0,0
6261,Member Team,Member Frontline,7,15,22,0,0,0
6261,Member Team,Member Specialist,9,4,13,0,0,0
6261,Member Team,Member Support,0,0,0,0,0,0
6261,Member Team,Member Team Lead,5,0,5,0,0,0
6261,Merchandising Team,Backroom Associate,4,0,4,0,0,0
6261,Merchandising Team,Forklift Driver,6,0,6,1,0,1
6261,Merchandising Team,Merchandising,12,12,24,-1,0,-1
6261,Merchandising Team,Merchandising Lead,4,0,4,0,0,0
6261,Personal Shopper,Personal Shopper,7,3,10,1,2,3
6261,Personal Shopper,Personal Shopper Lead,1,0,1,0,0,0
6261,Specialty,Fuel/Car Wash,2,1,3,0,0,0
6261,Specialty,Maintenance,3,2,5,0,0,0
6261,Specialty,Optical,2,2,4,0,0,0
6261,Specialty,Pharmacy Tech,3,2,5,0,0,0
6261,Specialty,TBC Lead,1,0,1,0,0,0
6261,Specialty,TBC Tire Tech,5,3,8,0,0,0
6382,Fresh,Baker/Packager,3,5,8,1,2,3
6382,Fresh,Bakery Lead,1,0,1,0,0,0
6382,Fresh,Café,5,7,12,0,-1,-1
6382,Fresh,Cake Decorator,2,2,4,0,0,0
6382,Fresh,Freezer/Cooler/Deli,4,3,7,1,0,1
6382,Fresh,HMS/Rotisserie,4,4,8,0,0,0
6382,Fresh,Meat Cutter/Wrapper,1,2,3,0,0,0
6382,Fresh,Meat Lead,1,0,1,0,0,0
6382,Fresh,Prepared Food Lead,1,0,1,0,0,0
6382,Fresh,Produce,4,3,7,1,0,1
6382,Fresh,Produce Lead,1,0,1,0,0,0
6382,Fresh,Senior Meat Cutter,3,1,4,0,0,0
6382,Member Team,Member Assist,3,6,9,0,0,0
6382,Member Team,Member Frontline,7,18,25,0,0,0
6382,Member Team,Member Specialist,8,4,12,0,1,1
6382,Member Team,Member Support,0,0,0,0,0,0
6382,Member Team,Member Team Lead,5,0,5,0,0,0
6382,Merchandising Team,Backroom Associate,5,0,5,1,0,1
6382,Merchandising Team,Forklift Driver,5,0,5,0,0,0
6382,Merchandising Team,Merchandising,12,10,22,2,1,3
6382,Merchandising Team,Merchandising Lead,4,0,4,0,0,0
6382,Personal Shopper,Personal Shopper,10,5,15,4,5,9
6382,Personal Shopper,Personal Shopper Lead,1,0,1,0,0,0
6382,Specialty,Asset Protection,1,0,1,0,0,0
6382,Specialty,Fuel/Car Wash,2,1,3,0,0,0
6382,Specialty,Maintenance,3,3,6,0,0,0
6382,Specialty,Optical,2,0,2,0,0,0
6382,Specialty,Pharmacy Tech,3,2,5,0,0,0
6382,Specialty,TBC Lead,1,0,1,0,0,0
6382,Specialty,TBC Tire Tech,4,3,7,0,0,0
6604,Fresh,Baker/Packager,3,1,4,0,0,0
6604,Fresh,Bakery Lead,1,0,1,0,0,0
6604,Fresh,Café,4,4,8,0,0,0
6604,Fresh,Cake Decorator,2,2,4,0,0,0
6604,Fresh,Freezer/Cooler/Deli,3,3,6,0,0,0
6604,Fresh,HMS/Rotisserie,3,3,6,0,0,0
6604,Fresh,Meat Cutter/Wrapper,4,1,5,0,0,0
6604,Fresh,Meat Lead,1,0,1,0,0,0
6604,Fresh,Prepared Food Lead,1,0,1,0,0,0
6604,Fresh,Produce,3,4,7,0,1,1
6604,Fresh,Produce Lead,1,0,1,0,0,0
6604,Fresh,Senior Meat Cutter,4,1,5,0,0,0
6604,Member Team,Member Assist,3,6,9,0,1,1
6604,Member Team,Member Frontline,8,19,27,0,0,0
6604,Member Team,Member Specialist,7,4,11,0,0,0
6604,Member Team,Member Support,0,0,0,0,0,0
6604,Member Team,Member Team Lead,5,0,5,0,0,0
6604,Merchandising Team,Backroom Associate,4,0,4,0,0,0
6604,Merchandising Team,Forklift Driver,5,0,5,0,0,0
6604,Merchandising Team,Merchandising,11,10,21,0,2,2
6604,Merchandising Team,Merchandising Lead,4,0,4,0,0,0
6604,Personal Shopper,Personal Shopper,7,4,11,-1,2,1
6604,Personal Shopper,Personal Shopper Lead,1,0,1,0,0,0
6604,Specialty,Fuel/Car Wash,2,3,5,0,0,0
6604,Specialty,Maintenance,3,3,6,0,0,0
6604,Specialty,Optical,3,1,4,0,0,0
6604,Specialty,Pharmacy Tech,2,1,3,0,0,0
6604,Specialty,TBC Lead,1,0,1,0,0,0
6604,Specialty,TBC Tire Tech,4,2,6,0,0,0
6605,Fresh,Baker/Packager,4,2,6,1,1,2
6605,Fresh,Bakery Lead,1,0,1,0,0,0
6605,Fresh,Café,5,5,10,0,0,0
6605,Fresh,Cake Decorator,2,2,4,0,0,0
6605,Fresh,Freezer/Cooler/Deli,4,3,7,1,0,1
6605,Fresh,HMS/Rotisserie,3,3,6,0,0,0
6605,Fresh,Meat Cutter/Wrapper,1,2,3,0,0,0
6605,Fresh,Meat Lead,1,0,1,0,0,0
6605,Fresh,Prepared Food Lead,1,0,1,0,0,0
6605,Fresh,Produce,2,5,7,0,1,1
6605,Fresh,Produce Lead,1,0,1,0,0,0
6605,Fresh,Senior Meat Cutter,3,1,4,0,0,0
6605,Member Team,Member Assist,2,6,8,0,1,1
6605,Member Team,Member Frontline,7,22,29,0,0,0
6605,Member Team,Member Specialist,8,3,11,0,0,0
6605,Member Team,Member Support,0,0,0,0,0,0
6605,Member Team,Member Team Lead,5,0,5,0,0,0
6605,Merchandising Team,Backroom Associate,5,0,5,1,0,1
6605,Merchandising Team,Forklift Driver,6,0,6,1,0,1
6605,Merchandising Team,Merchandising,12,11,23,2,0,2
6605,Merchandising Team,Merchandising Lead,4,0,4,0,0,0
6605,Personal Shopper,Personal Shopper,6,4,10,-1,2,1
6605,Personal Shopper,Personal Shopper Lead,1,0,1,0,0,0
6605,Specialty,Fuel/Car Wash,2,1,3,0,0,0
6605,Specialty,Maintenance,3,2,5,0,0,0
6605,Specialty,Optical,2,1,3,0,0,0
6605,Specialty,Pharmacy Tech,2,1,3,0,0,0
6605,Specialty,TBC Lead,1,0,1,0,0,0
6605,Specialty,TBC Tire Tech,4,3,7,0,0,0
6606,Fresh,Baker/Packager,3,3,6,0,1,1
6606,Fresh,Bakery Lead,1,0,1,0,0,0
6606,Fresh,Café,6,6,12,0,-1,-1
6606,Fresh,Cake Decorator,3,1,4,0,0,0
6606,Fresh,Freezer/Cooler/Deli,4,4,8,1,1,2
6606,Fresh,HMS/Rotisserie,3,3,6,0,0,0
6606,Fresh,Meat Cutter/Wrapper,1,2,3,0,0,0
6606,Fresh,Meat Lead,1,0,1,0,0,0
6606,Fresh,Prepared Food Lead,1,0,1,0,0,0
6606,Fresh,Produce,3,3,6,1,0,1
6606,Fresh,Produce Lead,1,0,1,0,0,0
6606,Fresh,Senior Meat Cutter,3,1,4,0,0,0
6606,Member Team,Member Assist,3,6,9,0,0,0
6606,Member Team,Member Frontline,7,18,25,0,0,0
6606,Member Team,Member Specialist,8,5,13,0,1,1
6606,Member Team,Member Support,0,0,0,0,0,0
6606,Member Team,Member Team Lead,5,0,5,0,0,0
6606,Merchandising Team,Backroom Associate,5,0,5,0,0,0
6606,Merchandising Team,Forklift Driver,5,0,5,0,0,0
6606,Merchandising Team,Merchandising,12,12,24,0,0,0
6606,Merchandising Team,Merchandising Lead,4,0,4,0,0,0
6606,Personal Shopper,Personal Shopper,9,3,12,4,2,6
6606,Personal Shopper,Personal Shopper Lead,1,0,1,0,0,0
6606,Specialty,Asset Protection,1,0,1,0,0,0
6606,Specialty,Fuel/Car Wash,2,1,3,0,0,0
6606,Specialty,Maintenance,3,2,5,0,0,0
6606,Specialty,Optical,1,1,2,0,0,0
6606,Specialty,Pharmacy Tech,1,1,2,0,0,0
6606,Specialty,TBC Lead,1,0,1,0,0,0
6606,Specialty,TBC Tire Tech,4,2,6,0,0,0
6608,Fresh,Baker/Packager,2,3,5,0,0,0
6608,Fresh,Bakery Lead,1,0,1,0,0,0
6608,Fresh,Café,4,6,10,0,1,1
6608,Fresh,Cake Decorator,2,2,4,0,0,0
6608,Fresh,Freezer/Cooler/Deli,3,1,4,0,0,0
6608,Fresh,HMS/Rotisserie,2,3,5,0,0,0
6608,Fresh,Meat Cutter/Wrapper,1,2,3,0,0,0
6608,Fresh,Meat Lead,1,0,1,0,0,0
6608,Fresh,Prepared Food Lead,1,0,1,0,0,0
6608,Fresh,Produce,2,4,6,0,1,1
6608,Fresh,Produce Lead,1,0,1,0,0,0
6608,Fresh,Senior Meat Cutter,3,1,4,0,0,0
6608,Member Team,Member Assist,3,4,7,0,0,0
6608,Member Team,Member Frontline,7,17,24,0,0,0
6608,Member Team,Member Specialist,8,3,11,0,0,0
6608,Member Team,Member Support,0,0,0,0,0,0
6608,Member Team,Member Team Lead,5,0,5,0,0,0
6608,Merchandising Team,Backroom Associate,4,0,4,0,0,0
6608,Merchandising Team,Forklift Driver,4,0,4,0,0,0
6608,Merchandising Team,Merchandising,10,10,20,2,1,3
6608,Merchandising Team,Merchandising Lead,4,0,4,0,0,0
6608,Personal Shopper,Personal Shopper,9,4,13,3,2,5
6608,Personal Shopper,Personal Shopper Lead,1,0,1,0,0,0
6608,Specialty,Asset Protection,1,0,1,0,0,0
6608,Specialty,Fuel/Car Wash,2,1,3,0,0,0
6608,Specialty,Maintenance,3,1,4,0,0,0
6608,Specialty,Optical,2,1,3,0,0,0
6608,Specialty,Pharmacy Tech,2,1,3,0,0,0
6608,Specialty,TBC Lead,1,0,1,0,0,0
6608,Specialty,TBC Tire Tech,3,3,6,0,0,0
6692,Fresh,Baker/Packager,3,1,4,0,0,0
6692,Fresh,Bakery Lead,1,0,1,0,0,0
6692,Fresh,Café,4,7,11,0,-1,-1
6692,Fresh,Cake Decorator,3,1,4,0,0,0
6692,Fresh,Freezer/Cooler/Deli,4,3,7,1,0,1
6692,Fresh,HMS/Rotisserie,3,4,7,0,0,0
6692,Fresh,Meat Cutter/Wrapper,4,1,5,0,0,0
6692,Fresh,Meat Lead,1,0,1,0,0,0
6692,Fresh,Prepared Food Lead,1,0,1,0,0,0
6692,Fresh,Produce,2,6,8,0,1,1
6692,Fresh,Produce Lead,1,0,1,0,0,0
6692,Fresh,Senior Meat Cutter,5,1,6,0,1,1
6692,Member Team,Member Assist,3,6,9,0,0,0
6692,Member Team,Member Frontline,8,19,27,0,0,0
6692,Member Team,Member Specialist,9,4,13,0,1,1
6692,Member Team,Member Support,0,0,0,0,0,0
6692,Member Team,Member Team Lead,5,0,5,0,0,0
6692,Merchandising Team,Backroom Associate,5,0,5,0,0,0
6692,Merchandising Team,Forklift Driver,6,0,6,1,0,1
6692,Merchandising Team,Merchandising,13,12,25,1,0,1
6692,Merchandising Team,Merchandising Lead,4,0,4,0,0,0
6692,Personal Shopper,Personal Shopper,9,4,13,-1,2,1
6692,Personal Shopper,Personal Shopper Lead,1,0,1,0,0,0
6692,Specialty,Fuel/Car Wash,2,1,3,0,0,0
6692,Specialty,Maintenance,3,3,6,0,0,0
6692,Specialty,Optical,2,1,3,0,0,0
6692,Specialty,Pharmacy Tech,2,1,3,0,0,0
6692,Specialty,TBC Lead,1,0,1,0,0,0
6692,Specialty,TBC Tire Tech,3,3,6,0,0,0
8177,Fresh,Baker/Packager,4,3,7,1,2,3
8177,Fresh,Bakery Lead,1,0,1,0,0,0
8177,Fresh,Café,5,8,13,0,0,0
8177,Fresh,Cake Decorator,2,2,4,0,0,0
8177,Fresh,Freezer/Cooler/Deli,5,3,8,2,0,2
8177,Fresh,HMS/Rotisserie,4,3,7,0,0,0
8177,Fresh,Meat Cutter/Wrapper,1,2,3,0,0,0
8177,Fresh,Meat Lead,1,0,1,0,0,0
8177,Fresh,Prepared Food Lead,1,0,1,0,0,0
8177,Fresh,Produce,3,4,7,0,2,2
8177,Fresh,Produce Lead,1,0,1,0,0,0
8177,Fresh,Senior Meat Cutter,3,1,4,0,0,0
8177,Member Team,Member Assist,3,5,8,0,0,0
8177,Member Team,Member Frontline,7,18,25,0,0,0
8177,Member Team,Member Specialist,6,3,9,0,1,1
8177,Member Team,Member Support,0,0,0,0,0,0
8177,Member Team,Member Team Lead,5,0,5,0,0,0
8177,Merchandising Team,Backroom Associate,5,0,5,1,0,1
8177,Merchandising Team,Forklift Driver,6,0,6,2,0,2
8177,Merchandising Team,Merchandising,12,11,23,1,1,2
8177,Merchandising Team,Merchandising Lead,4,0,4,0,0,0
8177,Personal Shopper,Personal Shopper,4,3,7,-1,2,1
8177,Personal Shopper,Personal Shopper Lead,1,0,1,0,0,0
8177,Specialty,Asset Protection,1,0,1,0,0,0
8177,Specialty,Fuel/Car Wash,2,1,3,0,0,0
8177,Specialty,Maintenance,3,2,5,0,0,0
8177,Specialty,Optical,2,1,3,0,1,1
8177,Specialty,Pharmacy Tech,3,2,5,0,0,0
4745,Fresh,Baker/Packager,4,3,7,1,2,3
4745,Fresh,Bakery Lead,1,0,1,0,0,0
4745,Fresh,Café,4,7,11,0,2,2
4745,Fresh,Cake Decorator,2,2,4,0,0,0
4745,Fresh,Freezer/Cooler/Deli,4,3,7,1,0,1
4745,Fresh,HMS/Rotisserie,4,3,7,0,0,0
4745,Fresh,Meat Cutter/Wrapper,2,2,4,0,0,0
4745,Fresh,Meat Lead,1,0,1,0,0,0
4745,Fresh,Prepared Food Lead,1,0,1,0,0,0
4745,Fresh,Produce,4,4,8,1,1,2
4745,Fresh,Produce Lead,1,0,1,0,0,0
4745,Fresh,Senior Meat Cutter,4,2,6,0,1,1
4745,Member Team,Member Assist,3,6,9,0,0,0
4745,Member Team,Member Frontline,7,21,28,0,0,0
4745,Member Team,Member Specialist,8,5,13,0,1,1
4745,Member Team,Member Support,0,0,0,0,0,0
4745,Member Team,Member Team Lead,5,0,5,0,0,0
4745,Merchandising Team,Backroom Associate,5,0,5,0,0,0
4745,Merchandising Team,Forklift Driver,5,0,5,0,0,0
4745,Merchandising Team,Merchandising,11,10,21,0,0,0
4745,Merchandising Team,Merchandising Lead,4,0,4,0,0,0
4745,Personal Shopper,Personal Shopper,5,2,7,-1,2,1
4745,Personal Shopper,Personal Shopper Lead,1,0,1,0,0,0
4745,Specialty,Asset Protection,1,0,1,0,0,0
4745,Specialty,Fuel/Car Wash,2,1,3,0,0,0
4745,Specialty,Maintenance,3,2,5,0,0,0
4745,Specialty,Optical,1,2,3,0,0,0
4745,Specialty,Pharmacy Tech,1,2,3,0,0,0
4745,Specialty,TBC Lead,1,0,1,0,0,0
4745,Specialty,TBC Tire Tech,3,3,6,0,0,0
4777,Fresh,Baker/Packager,2,3,5,0,0,0
4777,Fresh,Bakery Lead,1,0,1,0,0,0
4777,Fresh,Café,3,6,9,0,0,0
4777,Fresh,Cake Decorator,3,1,4,0,-1,-1
4777,Fresh,Freezer/Cooler/Deli,3,3,6,0,1,1
4777,Fresh,HMS/Rotisserie,3,2,5,0,0,0
4777,Fresh,Meat Cutter/Wrapper,1,2,3,0,0,0
4777,Fresh,Meat Lead,1,0,1,0,0,0
4777,Fresh,Prepared Food Lead,1,0,1,0,0,0
4777,Fresh,Produce,3,4,7,1,0,1
4777,Fresh,Produce Lead,1,0,1,0,0,0
4777,Fresh,Senior Meat Cutter,4,1,5,0,0,0
4777,Member Team,Member Assist,3,4,7,0,0,0
4777,Member Team,Member Frontline,6,16,22,0,0,0
4777,Member Team,Member Specialist,5,4,9,0,3,3
4777,Member Team,Member Support,0,0,0,0,0,0
4777,Member Team,Member Team Lead,5,0,5,0,0,0
4777,Merchandising Team,Backroom Associate,4,0,4,0,0,0
4777,Merchandising Team,Forklift Driver,4,0,4,0,0,0
4777,Merchandising Team,Merchandising,10,9,19,0,0,0
4777,Merchandising Team,Merchandising Lead,4,0,4,0,0,0
4777,Personal Shopper,Personal Shopper,4,2,6,-1,2,1
4777,Personal Shopper,Personal Shopper Lead,1,0,1,0,0,0
4777,Specialty,Fuel/Car Wash,2,1,3,0,0,0
4777,Specialty,Maintenance,3,1,4,0,0,0
4777,Specialty,Optical,1,1,2,0,0,0
4777,Specialty,Pharmacy Tech,1,1,2,0,0,0
4777,Specialty,TBC Lead,1,0,1,0,0,0
4777,Specialty,TBC Tire Tech,4,1,5,0,0,0
4816,Fresh,Baker/Packager,2,3,5,0,2,2
4816,Fresh,Bakery Lead,1,0,1,0,0,0
4816,Fresh,Café,2,5,7,0,0,0
4816,Fresh,Cake Decorator,2,1,3,0,0,0
4816,Fresh,Freezer/Cooler/Deli,3,2,5,0,0,0
4816,Fresh,HMS/Rotisserie,3,2,5,0,0,0
4816,Fresh,Meat Cutter/Wrapper,1,2,3,0,0,0
4816,Fresh,Meat Lead,1,0,1,0,0,0
4816,Fresh,Prepared Food Lead,1,0,1,0,0,0
4816,Fresh,Produce,3,3,6,1,0,1
4816,Fresh,Produce Lead,1,0,1,0,0,0
4816,Fresh,Senior Meat Cutter,4,1,5,0,0,0
4816,Member Team,Member Assist,3,4,7,0,0,0
4816,Member Team,Member Frontline,5,13,18,0,0,0
4816,Member Team,Member Specialist,8,3,11,0,0,0
4816,Member Team,Member Support,0,0,0,0,0,0
4816,Member Team,Member Team Lead,5,0,5,0,0,0
4816,Merchandising Team,Backroom Associate,4,0,4,0,0,0
4816,Merchandising Team,Forklift Driver,4,0,4,0,0,0
4816,Merchandising Team,Merchandising,9,9,18,0,0,0
4816,Merchandising Team,Merchandising Lead,4,0,4,0,0,0
4816,Personal Shopper,Personal Shopper,4,2,6,-1,2,1
4816,Personal Shopper,Personal Shopper Lead,1,0,1,0,0,0
4816,Specialty,Fuel/Car Wash,2,1,3,0,0,0
4816,Specialty,Maintenance,3,1,4,0,0,0
4816,Specialty,Optical,2,1,3,0,0,0
4816,Specialty,Pharmacy Tech,2,0,2,0,0,0
4816,Specialty,TBC Lead,1,0,1,0,0,0
4816,Specialty,TBC Tire Tech,3,3,6,0,0,0
4853,Fresh,Baker/Packager,2,1,3,0,0,0
4853,Fresh,Bakery Lead,1,0,1,0,0,0
4853,Fresh,Café,2,4,6,0,-1,-1
4853,Fresh,Cake Decorator,2,1,3,0,0,0
4853,Fresh,Freezer/Cooler/Deli,3,1,4,0,0,0
4853,Fresh,HMS/Rotisserie,4,2,6,0,0,0
4853,Fresh,Meat Cutter/Wrapper,1,2,3,0,0,0
4853,Fresh,Meat Lead,1,0,1,0,0,0
4853,Fresh,Prepared Food Lead,1,0,1,0,0,0
4853,Fresh,Produce,2,5,7,0,1,1
4853,Fresh,Produce Lead,1,0,1,0,0,0
4853,Fresh,Senior Meat Cutter,3,1,4,0,0,0
4853,Member Team,Member Assist,2,4,6,0,0,0
4853,Member Team,Member Frontline,5,15,20,0,0,0
4853,Member Team,Member Specialist,5,3,8,0,0,0
4853,Member Team,Member Support,0,0,0,0,0,0
4853,Member Team,Member Team Lead,4,0,4,0,0,0
4853,Merchandising Team,Backroom Associate,4,0,4,0,0,0
4853,Merchandising Team,Forklift Driver,3,0,3,0,0,0
4853,Merchandising Team,Merchandising,7,7,14,0,0,0
4853,Merchandising Team,Merchandising Lead,4,0,4,0,0,0
4853,Personal Shopper,Personal Shopper,8,3,11,-1,2,1
4853,Personal Shopper,Personal Shopper Lead,1,0,1,0,0,0
4853,Specialty,Fuel/Car Wash,2,1,3,0,0,0
4853,Specialty,Maintenance,2,3,5,0,0,0
4853,Specialty,Optical,2,0,2,0,0,0
4853,Specialty,Pharmacy Tech,1,2,3,0,0,0
4853,Specialty,TBC Lead,1,0,1,0,0,0
4853,Specialty,TBC Tire Tech,4,2,6,0,0,0
6219,Fresh,Baker/Packager,2,4,6,0,1,1
6219,Fresh,Bakery Lead,1,0,1,0,0,0
6219,Fresh,Café,4,4,8,0,0,0
6219,Fresh,Cake Decorator,2,2,4,0,0,0
6219,Fresh,Freezer/Cooler/Deli,4,2,6,1,0,1
6219,Fresh,HMS/Rotisserie,3,3,6,0,1,1
6219,Fresh,Meat Cutter/Wrapper,2,1,3,0,0,0
6219,Fresh,Meat Lead,1,0,1,0,0,0
6219,Fresh,Prepared Food Lead,1,0,1,0,0,0
6219,Fresh,Produce,3,4,7,0,1,1
6219,Fresh,Produce Lead,1,0,1,0,0,0
6219,Fresh,Senior Meat Cutter,4,1,5,0,0,0
6219,Member Team,Member Assist,3,5,8,0,0,0
6219,Member Team,Member Frontline,6,17,23,0,0,0
6219,Member Team,Member Specialist,7,4,11,0,1,1
6219,Member Team,Member Support,0,0,0,0,0,0
6219,Member Team,Member Team Lead,5,0,5,0,0,0
6219,Merchandising Team,Backroom Associate,4,0,4,0,0,0
6219,Merchandising Team,Forklift Driver,5,0,5,0,0,0
6219,Merchandising Team,Merchandising,11,12,23,0,0,0
6219,Merchandising Team,Merchandising Lead,4,0,4,0,0,0
6219,Personal Shopper,Personal Shopper,9,5,14,-1,3,2
6219,Personal Shopper,Personal Shopper Lead,1,0,1,0,0,0
6219,Specialty,Fuel/Car Wash,2,1,3,0,0,0
6219,Specialty,Maintenance,3,1,4,0,0,0
6219,Specialty,Optical,1,2,3,0,0,0
6219,Specialty,Pharmacy Tech,2,1,3,0,0,0
6219,Specialty,TBC Lead,1,0,1,0,0,0
6219,Specialty,TBC Tire Tech,4,2,6,0,0,0
6549,Fresh,Baker/Packager,2,4,6,0,1,1
6549,Fresh,Bakery Lead,1,0,1,0,0,0
6549,Fresh,Café,4,6,10,0,2,2
6549,Fresh,Cake Decorator,3,0,3,0,0,0
6549,Fresh,Freezer/Cooler/Deli,3,2,5,0,0,0
6549,Fresh,HMS/Rotisserie,2,4,6,0,1,1
6549,Fresh,Meat Cutter/Wrapper,2,1,3,0,0,0
6549,Fresh,Meat Lead,1,0,1,0,0,0
6549,Fresh,Prepared Food Lead,1,0,1,0,0,0
6549,Fresh,Produce,2,4,6,0,1,1
6549,Fresh,Produce Lead,1,0,1,0,0,0
6549,Fresh,Senior Meat Cutter,4,1,5,0,0,0
6549,Member Team,Member Assist,3,5,8,0,0,0
6549,Member Team,Member Frontline,6,17,23,0,0,0
6549,Member Team,Member Specialist,7,4,11,0,0,0
6549,Member Team,Member Support,0,0,0,0,0,0
6549,Member Team,Member Team Lead,5,0,5,0,0,0
6549,Merchandising Team,Backroom Associate,5,0,5,1,0,1
6549,Merchandising Team,Forklift Driver,5,0,5,0,0,0
6549,Merchandising Team,Merchandising,12,10,22,0,0,0
6549,Merchandising Team,Merchandising Lead,4,0,4,0,0,0
6549,Personal Shopper,Personal Shopper,7,4,11,-1,2,1
6549,Personal Shopper,Personal Shopper Lead,1,0,1,0,0,0
6549,Specialty,Fuel/Car Wash,2,1,3,0,0,0
6549,Specialty,Maintenance,3,3,6,0,0,0
6549,Specialty,Optical,1,1,2,0,0,0
6549,Specialty,Pharmacy Tech,2,1,3,0,0,0
6549,Specialty,TBC Lead,1,0,1,0,0,0
6549,Specialty,TBC Tire Tech,4,3,7,0,0,0
6630,Fresh,Baker/Packager,2,2,4,0,-1,-1
6630,Fresh,Bakery Lead,1,0,1,0,0,0
6630,Fresh,Café,3,3,6,1,-1,0
6630,Fresh,Cake Decorator,2,1,3,0,0,0
6630,Fresh,Freezer/Cooler/Deli,3,2,5,0,0,0
6630,Fresh,HMS/Rotisserie,2,3,5,0,0,0
6630,Fresh,Meat Cutter/Wrapper,1,2,3,0,0,0
6630,Fresh,Meat Lead,1,0,1,0,0,0
6630,Fresh,Prepared Food Lead,1,0,1,0,0,0
6630,Fresh,Produce,2,4,6,0,1,1
6630,Fresh,Produce Lead,1,0,1,0,0,0
6630,Fresh,Senior Meat Cutter,3,1,4,0,0,0
6630,Member Team,Member Assist,3,3,6,0,0,0
6630,Member Team,Member Frontline,6,16,22,0,0,0
6630,Member Team,Member Specialist,5,2,7,0,0,0
6630,Member Team,Member Support,0,0,0,0,0,0
6630,Member Team,Member Team Lead,5,0,5,0,0,0
6630,Merchandising Team,Backroom Associate,4,0,4,0,0,0
6630,Merchandising Team,Forklift Driver,4,0,4,0,0,0
6630,Merchandising Team,Merchandising,8,8,16,0,0,0
6630,Merchandising Team,Merchandising Lead,4,0,4,0,0,0
6630,Personal Shopper,Personal Shopper,9,6,15,2,4,6
6630,Personal Shopper,Personal Shopper Lead,1,0,1,0,0,0
6630,Specialty,Maintenance,3,1,4,0,0,0
6630,Specialty,Optical,1,2,3,0,0,0
6630,Specialty,Pharmacy Tech,1,2,3,0,0,0
6630,Specialty,TBC Lead,1,0,1,0,0,0
6630,Specialty,TBC Tire Tech,4,2,6,0,0,0
6631,Fresh,Baker/Packager,3,4,7,0,1,1
6631,Fresh,Bakery Lead,1,0,1,0,0,0
6631,Fresh,Café,4,6,10,0,-1,-1
6631,Fresh,Cake Decorator,4,2,6,-1,0,-1
6631,Fresh,Freezer/Cooler/Deli,4,4,8,1,0,1
6631,Fresh,HMS/Rotisserie,3,3,6,0,0,0
6631,Fresh,Meat Cutter/Wrapper,3,2,5,0,0,0
6631,Fresh,Meat Lead,1,0,1,0,0,0
6631,Fresh,Prepared Food Lead,1,0,1,0,0,0
6631,Fresh,Produce,4,6,10,1,2,3
6631,Fresh,Produce Lead,1,0,1,0,0,0
6631,Fresh,Senior Meat Cutter,3,1,4,0,0,0
6631,Member Team,Member Assist,4,6,10,0,0,0
6631,Member Team,Member Frontline,7,19,26,0,2,2
6631,Member Team,Member Specialist,9,5,14,0,1,1
6631,Member Team,Member Support,0,0,0,0,0,0
6631,Member Team,Member Team Lead,5,0,5,0,0,0
6631,Merchandising Team,Backroom Associate,5,0,5,0,0,0
6631,Merchandising Team,Forklift Driver,5,0,5,0,0,0
6631,Merchandising Team,Merchandising,12,11,23,0,0,0
6631,Merchandising Team,Merchandising Lead,4,0,4,0,0,0
6631,Personal Shopper,Personal Shopper,5,3,8,-1,2,1
6631,Personal Shopper,Personal Shopper Lead,1,0,1,0,0,0
6631,Specialty,Asset Protection,1,0,1,0,0,0
6631,Specialty,Fuel/Car Wash,2,1,3,0,0,0
6631,Specialty,Maintenance,3,2,5,0,0,0
6631,Specialty,Optical,1,1,2,0,0,0
6631,Specialty,Pharmacy Tech,1,2,3,0,0,0
6631,Specialty,TBC Lead,1,0,1,0,0,0
6631,Specialty,TBC Tire Tech,3,3,6,0,0,0
6632,Fresh,Baker/Packager,3,0,3,0,-1,-1
6632,Fresh,Bakery Lead,1,0,1,0,0,0
6632,Fresh,Café,3,5,8,0,-1,-1
6632,Fresh,Cake Decorator,2,1,3,0,0,0
6632,Fresh,Freezer/Cooler/Deli,3,2,5,0,0,0
6632,Fresh,HMS/Rotisserie,2,3,5,0,0,0
6632,Fresh,Meat Cutter/Wrapper,1,2,3,0,0,0
6632,Fresh,Meat Lead,1,0,1,0,0,0
6632,Fresh,Prepared Food Lead,1,0,1,0,0,0
6632,Fresh,Produce,2,4,6,0,1,1
6632,Fresh,Produce Lead,1,0,1,0,0,0
6632,Fresh,Senior Meat Cutter,3,1,4,0,0,0
6632,Member Team,Member Assist,3,3,6,0,0,0
6632,Member Team,Member Frontline,6,17,23,0,0,0
6632,Member Team,Member Specialist,5,2,7,0,0,0
6632,Member Team,Member Support,0,0,0,0,0,0
6632,Member Team,Member Team Lead,5,0,5,0,0,0
6632,Merchandising Team,Backroom Associate,4,0,4,0,0,0
6632,Merchandising Team,Forklift Driver,4,0,4,0,0,0
6632,Merchandising Team,Merchandising,8,8,16,0,0,0
6632,Merchandising Team,Merchandising Lead,4,0,4,0,0,0
6632,Personal Shopper,Personal Shopper,8,3,11,2,3,5
6632,Personal Shopper,Personal Shopper Lead,1,0,1,0,0,0
6632,Specialty,Maintenance,3,1,4,0,0,0
6632,Specialty,Optical,1,1,2,0,0,0
6632,Specialty,Pharmacy Tech,1,1,2,0,0,0
6634,Fresh,Baker/Packager,2,1,3,0,0,0
6634,Fresh,Bakery Lead,1,0,1,0,0,0
6634,Fresh,Café,3,3,6,1,-1,0
6634,Fresh,Cake Decorator,2,1,3,0,0,0
6634,Fresh,Freezer/Cooler/Deli,3,1,4,0,0,0
6634,Fresh,HMS/Rotisserie,2,3,5,0,1,1
6634,Fresh,Meat Cutter/Wrapper,1,2,3,0,0,0
6634,Fresh,Meat Lead,1,0,1,0,0,0
6634,Fresh,Prepared Food Lead,1,0,1,0,0,0
6634,Fresh,Produce,2,4,6,0,1,1
6634,Fresh,Produce Lead,1,0,1,0,0,0
6634,Fresh,Senior Meat Cutter,3,1,4,0,0,0
6634,Member Team,Member Assist,3,4,7,0,0,0
6634,Member Team,Member Frontline,5,13,18,0,0,0
6634,Member Team,Member Specialist,6,4,10,0,0,0
6634,Member Team,Member Support,0,0,0,0,0,0
6634,Member Team,Member Team Lead,4,0,4,0,0,0
6634,Merchandising Team,Backroom Associate,4,0,4,0,0,0
6634,Merchandising Team,Forklift Driver,4,0,4,0,0,0
6634,Merchandising Team,Merchandising,9,9,18,0,0,0
6634,Merchandising Team,Merchandising Lead,4,0,4,0,0,0
6634,Personal Shopper,Personal Shopper,6,2,8,0,0,0
6634,Personal Shopper,Personal Shopper Lead,1,0,1,0,0,0
6634,Specialty,Fuel/Car Wash,2,1,3,0,0,0
6634,Specialty,Maintenance,2,2,4,0,0,0
6634,Specialty,Optical,2,1,3,0,0,0
6634,Specialty,Pharmacy Tech,1,2,3,0,0,0
6634,Specialty,TBC Lead,1,0,1,0,0,0
6634,Specialty,TBC Tire Tech,3,2,5,0,0,0
6635,Fresh,Baker/Packager,2,2,4,0,1,1
6635,Fresh,Bakery Lead,1,0,1,0,0,0
6635,Fresh,Café,3,3,6,1,-1,0
6635,Fresh,Cake Decorator,2,1,3,0,0,0
6635,Fresh,Freezer/Cooler/Deli,3,1,4,0,0,0
6635,Fresh,HMS/Rotisserie,2,2,4,0,0,0
6635,Fresh,Meat Cutter/Wrapper,1,2,3,0,0,0
6635,Fresh,Meat Lead,1,0,1,0,0,0
6635,Fresh,Prepared Food Lead,1,0,1,0,0,0
6635,Fresh,Produce,2,4,6,0,1,1
6635,Fresh,Produce Lead,1,0,1,0,0,0
6635,Fresh,Senior Meat Cutter,3,1,4,0,0,0
6635,Member Team,Member Assist,2,4,6,0,0,0
6635,Member Team,Member Frontline,5,14,19,0,0,0
6635,Member Team,Member Specialist,5,3,8,0,2,2
6635,Member Team,Member Support,0,0,0,0,0,0
6635,Member Team,Member Team Lead,4,0,4,0,0,0
6635,Merchandising Team,Backroom Associate,4,0,4,0,0,0
6635,Merchandising Team,Forklift Driver,4,0,4,0,0,0
6635,Merchandising Team,Merchandising,9,7,16,0,0,0
6635,Merchandising Team,Merchandising Lead,4,0,4,0,0,0
6635,Personal Shopper,Personal Shopper,5,2,7,-1,2,1
6635,Personal Shopper,Personal Shopper Lead,1,0,1,0,0,0
6635,Specialty,Maintenance,2,2,4,0,0,0
6635,Specialty,Optical,1,1,2,0,0,0
6635,Specialty,Pharmacy Tech,1,2,3,0,0,0
6635,Specialty,TBC Lead,1,0,1,0,0,0
6635,Specialty,TBC Tire Tech,3,3,6,0,0,0
8272,Fresh,Baker/Packager,2,4,6,0,1,1
8272,Fresh,Bakery Lead,1,0,1,0,0,0
8272,Fresh,Café,4,7,11,0,2,2
8272,Fresh,Cake Decorator,2,2,4,0,0,0
8272,Fresh,Freezer/Cooler/Deli,3,2,5,0,0,0
8272,Fresh,HMS/Rotisserie,3,3,6,0,1,1
8272,Fresh,Meat Cutter/Wrapper,3,2,5,0,0,0
8272,Fresh,Meat Lead,1,0,1,0,0,0
8272,Fresh,Prepared Food Lead,1,0,1,0,0,0
8272,Fresh,Produce,3,3,6,0,1,1
8272,Fresh,Produce Lead,1,0,1,0,0,0
8272,Fresh,Senior Meat Cutter,3,1,4,0,0,0
8272,Member Team,Member Assist,3,6,9,0,0,0
8272,Member Team,Member Frontline,6,17,23,0,0,0
8272,Member Team,Member Specialist,6,4,10,0,0,0
8272,Member Team,Member Support,0,0,0,0,0,0
8272,Member Team,Member Team Lead,5,0,5,0,0,0
8272,Merchandising Team,Backroom Associate,4,0,4,0,0,0
8272,Merchandising Team,Forklift Driver,4,0,4,0,0,0
8272,Merchandising Team,Merchandising,10,9,19,0,0,0
8272,Merchandising Team,Merchandising Lead,4,0,4,0,0,0
8272,Personal Shopper,Personal Shopper,8,4,12,-1,2,1
8272,Personal Shopper,Personal Shopper Lead,1,0,1,0,0,0
8272,Specialty,Maintenance,3,3,6,0,0,0
8272,Specialty,Optical,1,2,3,0,0,0
8272,Specialty,Pharmacy Tech,2,0,2,0,0,0
8272,Specialty,TBC Lead,1,0,1,0,0,0
8272,Specialty,TBC Tire Tech,4,2,6,0,0,0